#  k  (h/Mpc)          P(k)  (Mpc/h)^3     P_linear(k) (Mpc/h)^3
     0.00783031         19452.9         19632.8 
       0.013688         24280.8         24121.8 
       0.019231         24243.1         24288.1 
      0.0249154           21805           22320 
      0.0312784         18926.9         19203.4 
      0.0375637         16193.1           16279 
      0.0433917           13796           14150 
      0.0492413         12488.2         12631.1 
      0.0555754         11035.6         11521.3 
      0.0619321         10647.9         10705.2 
       0.067871          9593.5         9994.84 
      0.0738098         8853.34         9210.47 
      0.0800417         7880.36         8286.22 
      0.0862327         7117.05         7333.32 
      0.0921407         6449.62         6487.36 
      0.0982031         5719.55         5762.03 
       0.104506         5371.46         5196.82 
       0.110769         4982.18         4810.71 
       0.116806         4701.24         4555.63 
       0.122832         4473.09         4355.03 
       0.129052         4161.25         4147.42 
       0.135211         3948.74         3905.97 
       0.141259         3774.44         3628.84 
       0.147318         3550.72         3330.26 
       0.153489          3241.1         3035.29 
       0.159709         3052.95          2775.9 
       0.165845         2946.91         2572.72 
       0.171974         2789.59         2422.38 
       0.178125         2658.87          2312.5 
       0.184229         2548.34         2225.96 
        0.19034         2429.52         2143.54 
       0.196428         2374.73         2052.62 
       0.202534         2278.21         1947.79 
       0.208729         2181.98         1830.85 
       0.214876         2097.53         1712.95 
       0.220989         2026.13         1603.47 
       0.227147         1948.41         1508.16 
        0.23329         1869.97         1430.74 
       0.239377         1844.72         1369.74 
       0.245482         1735.46         1319.57 
       0.251667         1730.19         1274.08 
       0.257832         1666.64         1228.71 
       0.263955          1610.1         1180.57 
       0.270079         1556.89         1128.93 
        0.27624         1537.49         1075.13 
       0.282372         1475.96         1022.68 
        0.28843         1473.86         974.571 
       0.294538         1403.35         931.597 
       0.300721         1391.71         894.146 
        0.30691         1345.63         861.858 
       0.313033         1318.93         833.405 
       0.319153         1298.62         806.589 
       0.325316         1258.09         779.771 
        0.33145         1232.29         752.518 
       0.337538         1209.23         724.937 
       0.343633         1186.66         697.407 
       0.349808         1148.87         670.447 
       0.355968         1139.33         645.296 
       0.362074         1130.67         622.471 
       0.368217         1094.16         601.716 
       0.374374         1058.47         582.746 
       0.380519         1060.16         565.116 
       0.386598         1029.59         548.437 
       0.392688         1025.36         532.026 
        0.39888         996.685         515.487 
       0.405048         988.272         499.181 
       0.411186          974.57         483.274 
       0.417313         952.259         467.994 
       0.423458         937.152         453.469 
       0.429607         926.348         439.812 
       0.435692         909.383         427.182 
       0.441815         901.562         415.239 
       0.447964         882.771         403.823 
       0.454126         878.418          392.81 
       0.460267         855.527          382.15 
       0.466387         844.017         371.754 
        0.47254         843.518         361.528 
       0.478662         830.706         351.648 
       0.484765         809.323         342.154 
       0.490885          804.48         333.022 
       0.497035         787.017         324.254 
       0.503198         782.975         315.887 
       0.509342         773.706         307.925 
       0.515458         770.352         300.308 
       0.521598         751.557          292.91 
       0.527764         738.626         285.699 
       0.533884         736.181         278.746 
           0.54         730.132         271.998 
       0.546137         720.873         265.423 
       0.552299         714.073         259.027 
       0.558452          706.52          252.86 
       0.564573         698.725         246.953 
       0.570708         690.098         241.254 
       0.576825         673.111         235.777 
       0.582926         675.787         230.493 
       0.589034         668.966         225.361 
       0.595184         662.942         220.342 
       0.601379         654.578         215.432 
       0.607522         643.821         210.707 
       0.613639         643.433          206.14 
       0.619772         630.487         201.699 
       0.625918         626.192         197.382 
       0.632068         618.414         193.193 
       0.638161         615.128         189.165 
         0.6443         605.538         185.227 
       0.650464          603.53         181.391 
       0.656582         597.239         177.694 
       0.662703         595.196         174.102 
       0.668861         585.687          170.59 
       0.675024         580.203         167.172 
       0.681124         576.104         163.883 
       0.687237         572.109         160.674 
       0.693381         565.108         157.536 
       0.699536         554.005         154.476 
       0.705665         553.538         151.511 
       0.711789         550.749         148.627 
       0.717957         545.392           145.8 
        0.72409         542.399         143.063 
       0.730186         534.247         140.414 
       0.736317         530.569         137.819 
       0.742472         527.653         135.281 
       0.748622         521.717          132.81 
        0.75476         513.585         130.406 
       0.760888         509.925         128.067 
       0.767043         508.364         125.776 
       0.773185         503.467         123.546 
       0.779291         498.421         121.383 
       0.785407         494.181          119.27 
       0.791564         489.272         117.193 
       0.797719         487.674         115.168 
       0.803834         481.321         113.204 
       0.809972         478.659         111.279 
       0.816124         477.455         109.394 
       0.822261         470.728         107.559 
       0.828378         468.612         105.772 
       0.834502         462.916         104.024 
       0.840667         458.275         102.305 
       0.846816         456.334          100.63 
       0.852925         452.723          99.003 
       0.859047         450.238          97.409 
       0.865192         444.543         95.8452 
       0.871341         440.885         94.3149 
       0.877463         439.563         92.8253 
       0.883569         434.963         91.3719 
       0.889708         432.726         89.9423 
       0.895864         431.366         88.5399 
       0.902008         426.885         87.1706 
       0.908149         420.449         85.8313 
       0.914301         418.458         84.5181 
       0.920448         416.623         83.2339 
       0.926574         409.354          81.981 
       0.932687         408.383         80.7568 
       0.938823         405.363         79.5534 
       0.944975         403.539         78.3719 
       0.951105         399.383         77.2189 
       0.957225         396.555         76.0911 
       0.963368         392.074         74.9822 
       0.969511         390.858         73.8956 
       0.975621         387.865         72.8364 
       0.981748           385.3         71.7954 
       0.987916          383.22         70.7683 
        0.99406         376.752         69.7653 
        1.00019         374.864         68.7839 
        1.00632         372.719         67.8223 
        1.01246         369.675         66.8779 
        1.01859         368.974         65.9531 
        1.02471         363.644          65.047 
        1.03085         362.664         64.1549 
        1.03698         359.788         63.2816 
        1.04314         356.465          62.421 
        1.04929         352.345         61.5785 
        1.05541         353.184          60.755 
        1.06154         347.253         59.9446 
        1.06769         345.695         59.1479 
        1.07382         342.753         58.3683 
        1.07993          340.83         57.6047 
        1.08607         339.185         56.8516 
        1.09222          335.74         56.1112 
        1.09836         333.151          55.385 
        1.10449         331.105         54.6726 
        1.11063         326.302         53.9719 
        1.11677         326.952         53.2839 
         1.1229         323.864         52.6091 
        1.12903         320.946         51.9455 
        1.13518         317.965         51.2928 
        1.14131         316.128         50.6518 
        1.14745         313.838         50.0222 
        1.15359         311.779         49.4032 
        1.15973         310.413         48.7945 
        1.16584         306.853         48.1988 
        1.17197         306.498         47.6123 
        1.17811         302.648         47.0338 
        1.18424         300.364         46.4666 
        1.19038         299.211         45.9072 
        1.19652         296.269         45.3572 
        1.20267         295.033         44.8163 
        1.20881         292.633         44.2844 
        1.21495         290.067         43.7619 
        1.22108         288.018         43.2481 
         1.2272         286.005         42.7437 
        1.23334         284.423         42.2462 
        1.23949         281.447         41.7555 
        1.24562         280.098          41.274 
        1.25174         278.168         40.8009 
        1.25789         275.355         40.3338 
        1.26402         273.722         39.8749 
        1.27014         271.583         39.4242 
        1.27628         269.342         38.9793 
        1.28244         269.498         38.5403 
        1.28858         266.325         38.1088 
        1.29471         265.018         37.6849 
        1.30084         261.867         37.2678 
        1.30697         261.025         36.8565 
        1.31312         258.065         36.4508 
        1.31925         256.688         36.0525 
        1.32537         255.612         35.6606 
        1.33151         253.335         35.2731 
        1.33765         250.495         34.8916 
        1.34378         249.537         34.5166 
        1.34992         248.171         34.1468 
        1.35606         246.569         33.7816 
         1.3622         244.492         33.4225 
        1.36833         242.848         33.0694 
        1.37445         240.947         32.7217 
        1.38059         238.995         32.3779 
        1.38675         237.413         32.0382 
        1.39288         235.966         31.7048 
        1.39901         234.617         31.3763 
        1.40515         233.033         31.0517 
         1.4113         231.268         30.7319 
        1.41742         229.318         30.4178 
        1.42355         227.649         30.1075 
         1.4297         226.314         29.8006 
        1.43585         224.672         29.4982 
        1.44198         223.919         29.2011 
        1.44809         221.233         28.9087 
        1.45423         219.931         28.6192 
        1.46036         218.746         28.3342 
        1.46649         216.991          28.053 
        1.47263         215.717         27.7755 
        1.47877         213.677         27.5018 
        1.48491         211.795         27.2314 
        1.49104         210.571         26.9652 
        1.49718         209.037         26.7024 
        1.50333         208.263         26.4426 
        1.50947         206.604         26.1869 
         1.5156         204.712         25.9349 
        1.52172         203.626         25.6863 
        1.52787         201.806         25.4404 
          1.534         201.214          25.198 
        1.54013         199.278         24.9591 
        1.54627         198.204         24.7228 
        1.55241         196.448         24.4896 
        1.55855         194.547         24.2597 
        1.56467         194.027         24.0334 
         1.5708         192.689         23.8093 
        1.57695         191.174         23.5878 
        1.58308         189.487         23.3696 
        1.58922         188.029         23.1541 
        1.59535         186.765         22.9413 
         1.6015         186.144          22.731 
        1.60764         184.365         22.5234 
        1.61376         183.799         22.3189 
        1.61989         182.141         22.1169 
        1.62604         180.172         21.9169 
        1.63218         179.891         21.7195 
        1.63831         178.294          21.525 
        1.64444         176.956         21.3328 
        1.65059         175.969         21.1425 
        1.65673         174.635         20.9548 
        1.66285         173.158         20.7698 
        1.66898         172.298         20.5871 
        1.67512         171.247         20.4061 
        1.68127         169.262         20.2272 
         1.6874         168.465         20.0509 
        1.69353          167.46         19.8767 
        1.69967         166.005         19.7043 
        1.70581         165.145         19.5339 
        1.71193          163.98         19.3662 
        1.71806         162.983         19.2001 
        1.72421         161.602         19.0356 
        1.73035         160.785         18.8733 
        1.73649         159.771         18.7129 
        1.74262         158.491         18.5545 
        1.74876         157.299         18.3978 
        1.75489          156.29         18.2432 
        1.76101          154.78         18.0905 
        1.76715         154.056         17.9393 
        1.77329         152.923         17.7897 
        1.77943         152.165         17.6417 
        1.78557         150.925         17.4956 
        1.79171         150.108         17.3512 
        1.79785         148.687         17.2084 
        1.80399         147.778         17.0672 
        1.81012         146.857         16.9278 
        1.81625         145.977           16.79 
        1.82239         144.848         16.6535 
        1.82853         144.204         16.5186 
        1.83466         143.084         16.3854 
        1.84078         142.499         16.2538 
        1.84692         140.631         16.1234 
        1.85306         140.008         15.9943 
         1.8592         139.119         15.8668 
        1.86533         138.342         15.7407 
        1.87147          137.29         15.6159 
        1.87761         136.192         15.4924 
        1.88375         135.266         15.3704 
        1.88988         134.084         15.2498 
        1.89601         133.707         15.1305 
        1.90215         132.675         15.0123 
        1.90829         131.445         14.8955 
        1.91442         130.764         14.7799 
        1.92056         130.088         14.6656 
         1.9267         128.939         14.5524 
        1.93284         128.054         14.4403 
        1.93897          127.49         14.3297 
        1.94509         126.517         14.2204 
        1.95123         125.584          14.112 
        1.95737         124.763         14.0046 
        1.96349         124.017         13.8987 
        1.96964         122.904         13.7935 
        1.97578         122.198         13.6894 
        1.98192         121.277         13.5866 
        1.98805         120.514         13.4848 
        1.99419         119.789         13.3841 
        2.00033         119.055         13.2843 
        2.00647         118.316         13.1856 
         2.0126         117.422         13.0881 
        2.01874         116.854         12.9914 
        2.02488         116.063         12.8955 
        2.03101         114.954         12.8009 
        2.03714         114.331         12.7073 
        2.04328         113.458         12.6145 
        2.04941         112.817         12.5227 
        2.05554          111.81         12.4319 
        2.06167         111.312         12.3419 
        2.06781         110.402         12.2527 
        2.07396         109.773         12.1644 
        2.08009         108.943          12.077 
        2.08622         108.329         11.9906 
        2.09237         107.521         11.9049 
        2.09851         107.062           11.82 
        2.10464         106.349         11.7361 
        2.11077         105.598          11.653 
        2.11691         105.028         11.5707 
        2.12305          104.19         11.4891 
        2.12918         103.572         11.4084 
        2.13531          102.84         11.3286 
        2.14145         102.103         11.2493 
         2.1476         101.294         11.1707 
        2.15372         100.899         11.0933 
        2.15985         100.356         11.0165 
        2.16599         99.4953         10.9402 
        2.17213         98.8695         10.8647 
        2.17827         98.2896         10.7899 
         2.1844         97.5369         10.7159 
        2.19054         97.0099         10.6426 
        2.19666           96.26         10.5701 
         2.2028         95.6737         10.4982 
        2.20893         95.2566         10.4269 
        2.21508         94.3326         10.3562 
        2.22122         93.7114         10.2861 
        2.22736         93.2404         10.2169 
        2.23349         92.6745         10.1483 
        2.23962         92.0032         10.0803 
        2.24577         91.4557         10.0128 
         2.2519         90.7143         9.94606 
        2.25802         90.2798         9.88004 
        2.26417         89.8087         9.81444 
        2.27031         89.1352         9.74937 
        2.27644         88.5127         9.68508 
        2.28257         88.0348         9.62137 
        2.28872         87.2465         9.55812 
        2.29486         86.7886         9.49545 
        2.30099         86.3232         9.43348 
        2.30712         85.8412         9.37203 
        2.31326         85.0966         9.31102 
         2.3194         84.5029          9.2506 
        2.32553         84.1883         9.19081 
        2.33166         83.4746         9.13158 
         2.3378         83.0413         9.07279 
        2.34394         82.4661         9.01449 
        2.35007          82.017          8.9568 
        2.35619         81.3739         8.89968 
        2.36233         81.0731         8.84292 
        2.36848         80.4351         8.78654 
        2.37462           80.06         8.73077 
        2.38075          79.414         8.67554 
        2.38689         79.0438         8.62074 
        2.39303         78.4242         8.56643 
        2.39916          77.896         8.51263 
        2.40529         77.6442         8.45931 
        2.41143         77.0803          8.4064 
        2.41757         76.5882         8.35392 
         2.4237         76.1679         8.30198 
        2.42983         75.6863         8.25049 
        2.43598         75.1111          8.1993 
        2.44211         74.6695         8.14864 
        2.44823         74.2106         8.09851 
        2.45437         73.9182         8.04867 
        2.46052         73.2518          7.9992 
        2.46665         73.0463         7.95024 
        2.47279         72.3875         7.90171 
        2.47892         72.0273         7.85354 
        2.48507         71.6088         7.80574 
         2.4912         71.1765         7.75843 
        2.49733         70.5681         7.71153 
        2.50347         70.2174         7.66494 
        2.50961          69.837         7.61873 
        2.51575         69.3605         7.57293 
        2.52188         69.0288         7.52756 
        2.52802         68.5827         7.48252 
        2.53416         68.0776         7.43782 
        2.54029         67.5943         7.39358 
        2.54641         67.3798         7.34971 
        2.55255         66.8616         7.30615 
        2.55869         66.5409         7.26287 
        2.56483         66.1369         7.22001 
        2.57096         65.7543         7.17754 
        2.57709          65.351          7.1354 
        2.58323         65.0237         7.09356 
        2.58937         64.6214         7.05203 
        2.59551         64.2102         7.01089 
        2.60164         63.8453         6.97008 
        2.60778         63.4701         6.92956 
        2.61392         63.0695         6.88938 
        2.62006         62.6835         6.84952 
        2.62619         62.2757         6.81003 
        2.63232         61.9103         6.77084 
        2.63846         61.5391         6.73191 
        2.64459         61.1684         6.69334 
        2.65072         60.9144         6.65508 
        2.65686         60.3861          6.6171 
          2.663         60.1199         6.57936 
        2.66915         59.7216         6.54192 
        2.67527         59.4559         6.50486 
        2.68141         59.1004         6.46806 
        2.68755         58.7327         6.43151 
        2.69368         58.4841         6.39528 
        2.69981         58.1003         6.35937 
        2.70595         57.7651         6.32366 
        2.71209         57.4051         6.28821 
        2.71823         57.1395         6.25309 
        2.72436         56.7892         6.21824 
         2.7305         56.3975         6.18364 
        2.73663         56.0375         6.14931 
        2.74276         55.8054         6.11527 
         2.7489         55.4686         6.08146 
        2.75504          55.261         6.04788 
        2.76118         54.9521         6.01454 
        2.76732         54.5145          5.9815 
        2.77345         54.2785         5.94871 
        2.77959         53.9831         5.91617 
        2.78572         53.7466         5.88387 
        2.79186         53.3197         5.85183 
        2.79798         53.0725         5.82006 
        2.80412         52.7835         5.78846 
        2.81027         52.4196         5.75707 
         2.8164         52.1501         5.72598 
        2.82253         51.8463         5.69511 
        2.82867         51.7088         5.66446 
        2.83481         51.2189         5.63403 
        2.84095         51.0238         5.60382 
        2.84708         50.6824         5.57388 
        2.85322         50.3928         5.54411 
        2.85935         50.1543         5.51457 
        2.86549         49.8358         5.48526 
        2.87162         49.5863         5.45617 
        2.87776         49.3033         5.42729 
        2.88389         49.1235          5.3986 
        2.89003         48.7649         5.37014 
        2.89617         48.5277         5.34187 
        2.90231           48.31         5.31381 
        2.90844         48.0333         5.28595 
        2.91458         47.6896          5.2583 
        2.92071         47.4932         5.23087 
        2.92684         47.2391         5.20362 
        2.93298         46.9763         5.17657 
         2.9391         46.7412         5.14975 
        2.94524         46.4257         5.12308 
        2.95138         46.2193         5.09659 
        2.95752         46.0038         5.07026 
        2.96367         45.6668         5.04411 
         2.9698          45.468          5.0182 
        2.97594         45.2649         4.99245 
        2.98207         45.0517         4.96688 
        2.98821         44.7373         4.94152 
        2.99434         44.5109         4.91632 
        3.00048         44.3505          4.8913 
        3.00662         44.0828         4.86643 
        3.01275         43.8471         4.84178 
        3.01888          43.678         4.81729 
        3.02503         43.4263         4.79293 
        3.03117         43.1401         4.76875 
        3.03729         42.9729          4.7448 
        3.04342         42.7311         4.72099 
        3.04957         42.5034         4.69728 
         3.0557         42.3099         4.67378 
        3.06183         42.1197         4.65048 
        3.06796         41.8626         4.62731 
        3.07411         41.5743         4.60425 
        3.08025         41.4231         4.58139 
        3.08637         41.2198         4.55873 
         3.0925         41.0195         4.53618 
        3.09865         40.7836         4.51375 
         3.1048         40.5751         4.49147 
        3.11093         40.4483         4.46939 
        3.11706         40.2763         4.44746 
         3.1232         39.9984         4.42566 
        3.12933         39.7599           4.404 
        3.13547         39.5752          4.3825 
        3.14159         39.3761         4.36119 
