#           k/h    CDM            baryon         photon         nu             mass_nu        total          no_nu          total_de       Weyl           v_CDM          v_b            v_b-v_c     
   1.0537954E-05   1.8967700E+07   1.8967700E+07   2.5277824E+07   1.2620500E+04   2.6468715E+07   1.8967708E+07   1.8967700E+07   0.0000000E+00   0.0000000E+00   0.0000000E+00   0.0000000E+00   0.0000000E+00
   1.1823779E-05   1.8967693E+07   1.8967693E+07   2.5274594E+07   1.2619462E+04   2.6467683E+07   1.8967702E+07   1.8967693E+07   0.0000000E+00   0.0000000E+00   0.0000000E+00   0.0000000E+00   0.0000000E+00
   1.3266498E-05   1.8967685E+07   1.8967685E+07   2.5270529E+07   1.2618156E+04   2.6466384E+07   1.8967693E+07   1.8967685E+07   0.0000000E+00   0.0000000E+00   0.0000000E+00   0.0000000E+00   0.0000000E+00
   1.4885255E-05   1.8967674E+07   1.8967674E+07   2.5265412E+07   1.2616511E+04   2.6464749E+07   1.8967682E+07   1.8967674E+07   0.0000000E+00   0.0000000E+00   0.0000000E+00   0.0000000E+00   0.0000000E+00
   1.6701531E-05   1.8967661E+07   1.8967661E+07   2.5258972E+07   1.2614441E+04   2.6462691E+07   1.8967668E+07   1.8967661E+07   0.0000000E+00   0.0000000E+00   0.0000000E+00   0.0000000E+00   0.0000000E+00
   1.8739426E-05   1.8967644E+07   1.8967644E+07   2.5250866E+07   1.2611835E+04   2.6460101E+07   1.8967650E+07   1.8967644E+07   0.0000000E+00   0.0000000E+00   0.0000000E+00   0.0000000E+00   0.0000000E+00
   2.1025982E-05   1.8967623E+07   1.8967623E+07   2.5240664E+07   1.2608555E+04   2.6456842E+07   1.8967628E+07   1.8967623E+07   0.0000000E+00   0.0000000E+00   0.0000000E+00   0.0000000E+00   0.0000000E+00
   2.3591540E-05   1.8967596E+07   1.8967596E+07   2.5227827E+07   1.2604427E+04   2.6452743E+07   1.8967601E+07   1.8967596E+07   0.0000000E+00   0.0000000E+00   0.0000000E+00   0.0000000E+00   0.0000000E+00
   2.6470143E-05   1.8967562E+07   1.8967562E+07   2.5211674E+07   1.2599233E+04   2.6447585E+07   1.8967566E+07   1.8967562E+07   0.0000000E+00   0.0000000E+00   0.0000000E+00   0.0000000E+00   0.0000000E+00
   2.9699989E-05   1.8967520E+07   1.8967520E+07   2.5191353E+07   1.2592698E+04   2.6441099E+07   1.8967522E+07   1.8967520E+07   0.0000000E+00   0.0000000E+00   0.0000000E+00   0.0000000E+00   0.0000000E+00
   3.3323936E-05   1.8967467E+07   1.8967467E+07   2.5165791E+07   1.2584475E+04   2.6432943E+07   1.8967467E+07   1.8967467E+07   0.0000000E+00   0.0000000E+00   0.0000000E+00   0.0000000E+00   0.0000000E+00
   3.7390071E-05   1.8967400E+07   1.8967400E+07   2.5133645E+07   1.2574132E+04   2.6422691E+07   1.8967397E+07   1.8967400E+07   0.0000000E+00   0.0000000E+00   0.0000000E+00   0.0000000E+00   0.0000000E+00
   4.1952349E-05   1.8967316E+07   1.8967316E+07   2.5093230E+07   1.2561124E+04   2.6409810E+07   1.8967310E+07   1.8967316E+07   0.0000000E+00   0.0000000E+00   0.0000000E+00   0.0000000E+00   0.0000000E+00
   4.7071310E-05   1.8967210E+07   1.8967210E+07   2.5042435E+07   1.2544769E+04   2.6393634E+07   1.8967200E+07   1.8967210E+07   0.0000000E+00   0.0000000E+00   0.0000000E+00   0.0000000E+00   0.0000000E+00
   5.2814879E-05   1.8967077E+07   1.8967077E+07   2.4978624E+07   1.2524213E+04   2.6373332E+07   1.8967061E+07   1.8967077E+07   0.0000000E+00   0.0000000E+00   0.0000000E+00   0.0000000E+00   0.0000000E+00
   5.9259269E-05   1.8966910E+07   1.8966910E+07   2.4898505E+07   1.2498388E+04   2.6347873E+07   1.8966887E+07   1.8966910E+07   0.0000000E+00   0.0000000E+00   0.0000000E+00   0.0000000E+00   0.0000000E+00
   6.6489993E-05   1.8966699E+07   1.8966699E+07   2.4797979E+07   1.2465961E+04   2.6315980E+07   1.8966667E+07   1.8966699E+07   0.0000000E+00   0.0000000E+00   0.0000000E+00   0.0000000E+00   0.0000000E+00
   7.4602999E-05   1.8966433E+07   1.8966433E+07   2.4671959E+07   1.2425270E+04   2.6276076E+07   1.8966392E+07   1.8966433E+07   0.0000000E+00   0.0000000E+00   0.0000000E+00   0.0000000E+00   0.0000000E+00
   8.3705942E-05   1.8966100E+07   1.8966100E+07   2.4514154E+07   1.2374253E+04   2.6226232E+07   1.8966044E+07   1.8966100E+07   0.0000000E+00   0.0000000E+00   0.0000000E+00   0.0000000E+00   0.0000000E+00
   9.3919611E-05   1.8965680E+07   1.8965680E+07   2.4316819E+07   1.2310357E+04   2.6164096E+07   1.8965608E+07   1.8965680E+07   0.0000000E+00   0.0000000E+00   0.0000000E+00   0.0000000E+00   0.0000000E+00
   1.0537954E-04   1.8965152E+07   1.8965152E+07   2.4070483E+07   1.2230440E+04   2.6086837E+07   1.8965059E+07   1.8965152E+07   0.0000000E+00   0.0000000E+00   0.0000000E+00   0.0000000E+00   0.0000000E+00
   1.1823779E-04   1.8964490E+07   1.8964490E+07   2.3763656E+07   1.2130652E+04   2.5991088E+07   1.8964370E+07   1.8964490E+07   0.0000000E+00   0.0000000E+00   0.0000000E+00   0.0000000E+00   0.0000000E+00
   1.3266498E-04   1.8963657E+07   1.8963657E+07   2.3382546E+07   1.2006319E+04   2.5872910E+07   1.8963504E+07   1.8963657E+07   0.0000000E+00   0.0000000E+00   0.0000000E+00   0.0000000E+00   0.0000000E+00
   1.4885255E-04   1.8962612E+07   1.8962612E+07   2.2910829E+07   1.1851818E+04   2.5727810E+07   1.8962417E+07   1.8962612E+07   0.0000000E+00   0.0000000E+00   0.0000000E+00   0.0000000E+00   0.0000000E+00
   1.6701531E-04   1.8961302E+07   1.8961302E+07   2.2329554E+07   1.1660478E+04   2.5550835E+07   1.8961054E+07   1.8961302E+07   0.0000000E+00   0.0000000E+00   0.0000000E+00   0.0000000E+00   0.0000000E+00
   1.8739426E-04   1.8959660E+07   1.8959660E+07   2.1617293E+07   1.1424528E+04   2.5336798E+07   1.8959346E+07   1.8959660E+07   0.0000000E+00   0.0000000E+00   0.0000000E+00   0.0000000E+00   0.0000000E+00
   2.1025982E-04   1.8957604E+07   1.8957604E+07   2.0750729E+07   1.1135132E+04   2.5080722E+07   1.8957207E+07   1.8957604E+07   0.0000000E+00   0.0000000E+00   0.0000000E+00   0.0000000E+00   0.0000000E+00
   2.3591540E-04   1.8955035E+07   1.8955035E+07   1.9705938E+07   1.0782597E+04   2.4778565E+07   1.8954534E+07   1.8955035E+07   0.0000000E+00   0.0000000E+00   0.0000000E+00   0.0000000E+00   0.0000000E+00
   2.6470143E-04   1.8951829E+07   1.8951829E+07   1.8460695E+07   1.0356835E+04   2.4428352E+07   1.8951199E+07   1.8951829E+07   0.0000000E+00   0.0000000E+00   0.0000000E+00   0.0000000E+00   0.0000000E+00
   2.9699989E-04   1.8947837E+07   1.8947837E+07   1.6998219E+07   9.8482164E+03   2.4031756E+07   1.8947045E+07   1.8947837E+07   0.0000000E+00   0.0000000E+00   0.0000000E+00   0.0000000E+00   0.0000000E+00
   3.3323936E-04   1.8942879E+07   1.8942879E+07   1.5312699E+07   9.2489647E+03   2.3596098E+07   1.8941884E+07   1.8942879E+07   0.0000000E+00   0.0000000E+00   0.0000000E+00   0.0000000E+00   0.0000000E+00
   3.7390071E-04   1.8936739E+07   1.8936739E+07   1.3416739E+07   8.5552175E+03   2.3136482E+07   1.8935493E+07   1.8936739E+07   0.0000000E+00   0.0000000E+00   0.0000000E+00   0.0000000E+00   0.0000000E+00
   4.1952349E-04   1.8929161E+07   1.8929161E+07   1.1350212E+07   7.7698021E+03   2.2677326E+07   1.8927603E+07   1.8929161E+07   0.0000000E+00   0.0000000E+00   0.0000000E+00   0.0000000E+00   0.0000000E+00
   4.7071310E-04   1.8919845E+07   1.8919845E+07   9.1887386E+06   6.9055224E+03   2.2251883E+07   1.8917902E+07   1.8919845E+07   0.0000000E+00   0.0000000E+00   0.0000000E+00   0.0000000E+00   0.0000000E+00
   5.2814879E-04   1.8908440E+07   1.8908440E+07   7.0480419E+06   5.9883001E+03   2.1897618E+07   1.8906025E+07   1.8908440E+07   0.0000000E+00   0.0000000E+00   0.0000000E+00   0.0000000E+00   0.0000000E+00
   5.9259269E-04   1.8894543E+07   1.8894543E+07   5.0779655E+06   5.0588057E+03   2.1645101E+07   1.8891551E+07   1.8894543E+07   0.0000000E+00   0.0000000E+00   0.0000000E+00   0.0000000E+00   0.0000000E+00
   6.6489993E-04   1.8877685E+07   1.8877685E+07   3.4386364E+06   4.1704234E+03   2.1499861E+07   1.8873994E+07   1.8877685E+07   0.0000000E+00   0.0000000E+00   0.0000000E+00   0.0000000E+00   0.0000000E+00
   7.4602999E-04   1.8857320E+07   1.8857320E+07   2.2543821E+06   3.3810983E+03   2.1422173E+07   1.8852791E+07   1.8857320E+07   0.0000000E+00   0.0000000E+00   0.0000000E+00   0.0000000E+00   0.0000000E+00
   8.3705942E-04   1.8832810E+07   1.8832810E+07   1.5535032E+06   2.7379818E+03   2.1319697E+07   1.8827286E+07   1.8832810E+07   0.0000000E+00   0.0000000E+00   0.0000000E+00   0.0000000E+00   0.0000000E+00
   9.3919611E-04   1.8803398E+07   1.8803398E+07   1.2255507E+06   2.2582400E+03   2.1076202E+07   1.8796710E+07   1.8803398E+07   0.0000000E+00   0.0000000E+00   0.0000000E+00   0.0000000E+00   0.0000000E+00
   1.0537954E-03   1.8768192E+07   1.8768192E+07   1.0491861E+06   1.9166847E+03   2.0627656E+07   1.8760166E+07   1.8768192E+07   0.0000000E+00   0.0000000E+00   0.0000000E+00   0.0000000E+00   0.0000000E+00
   1.1823779E-03   1.8726164E+07   1.8726164E+07   8.2324519E+05   1.6555463E+03   2.0042020E+07   1.8716629E+07   1.8726164E+07   0.0000000E+00   0.0000000E+00   0.0000000E+00   0.0000000E+00   0.0000000E+00
   1.3266498E-03   1.8676174E+07   1.8676174E+07   5.2881471E+05   1.4215600E+03   1.9486632E+07   1.8664975E+07   1.8676174E+07   0.0000000E+00   0.0000000E+00   0.0000000E+00   0.0000000E+00   0.0000000E+00
   1.4885255E-03   1.8617007E+07   1.8617007E+07   3.2318556E+05   1.2041960E+03   1.9022573E+07   1.8604016E+07   1.8617007E+07   0.0000000E+00   0.0000000E+00   0.0000000E+00   0.0000000E+00   0.0000000E+00
   1.6701531E-03   1.8547374E+07   1.8547374E+07   2.7772404E+05   1.0265217E+03   1.8475306E+07   1.8532498E+07   1.8547374E+07   0.0000000E+00   0.0000000E+00   0.0000000E+00   0.0000000E+00   0.0000000E+00
   1.8739426E-03   1.8465889E+07   1.8465889E+07   2.2951950E+05   8.9053034E+02   1.7749887E+07   1.8449071E+07   1.8465889E+07   0.0000000E+00   0.0000000E+00   0.0000000E+00   0.0000000E+00   0.0000000E+00
   2.1025982E-03   1.8371062E+07   1.8371062E+07   1.1606808E+05   7.6902646E+02   1.7090660E+07   1.8352265E+07   1.8371062E+07   0.0000000E+00   0.0000000E+00   0.0000000E+00   0.0000000E+00   0.0000000E+00
   2.3591540E-03   1.8261340E+07   1.8261340E+07   9.1878431E+04   6.6194613E+02   1.6476838E+07   1.8240531E+07   1.8261340E+07   0.0000000E+00   0.0000000E+00   0.0000000E+00   0.0000000E+00   0.0000000E+00
   2.6470143E-03   1.8135087E+07   1.8135087E+07   7.3937180E+04   5.7737174E+02   1.5689607E+07   1.8112219E+07   1.8135087E+07   0.0000000E+00   0.0000000E+00   0.0000000E+00   0.0000000E+00   0.0000000E+00
   2.9699989E-03   1.7990552E+07   1.7990552E+07   4.0967528E+04   5.0046566E+02   1.4965197E+07   1.7965565E+07   1.7990552E+07   0.0000000E+00   0.0000000E+00   0.0000000E+00   0.0000000E+00   0.0000000E+00
   3.3323936E-03   1.7825898E+07   1.7825898E+07   3.2723225E+04   4.3510863E+02   1.4127176E+07   1.7798736E+07   1.7825898E+07   0.0000000E+00   0.0000000E+00   0.0000000E+00   0.0000000E+00   0.0000000E+00
   3.7390071E-03   1.7639184E+07   1.7639184E+07   2.3002404E+04   3.7597149E+02   1.3317372E+07   1.7609810E+07   1.7639184E+07   0.0000000E+00   0.0000000E+00   0.0000000E+00   0.0000000E+00   0.0000000E+00
   4.1952349E-03   1.7428387E+07   1.7428387E+07   1.0303650E+04   3.2485866E+02   1.2417764E+07   1.7396793E+07   1.7428387E+07   0.0000000E+00   0.0000000E+00   0.0000000E+00   0.0000000E+00   0.0000000E+00
   4.7071310E-03   1.7191444E+07   1.7191444E+07   1.0756871E+04   2.7899468E+02   1.1518357E+07   1.7157683E+07   1.7191444E+07   0.0000000E+00   0.0000000E+00   0.0000000E+00   0.0000000E+00   0.0000000E+00
   5.2814879E-03   1.6926322E+07   1.6926322E+07   8.0055995E+03   2.3822740E+02   1.0629545E+07   1.6890518E+07   1.6926322E+07   0.0000000E+00   0.0000000E+00   0.0000000E+00   0.0000000E+00   0.0000000E+00
   5.9259269E-03   1.6630996E+07   1.6630996E+07   5.7912891E+03   2.0264368E+02   9.7357261E+06   1.6593277E+07   1.6630996E+07   0.0000000E+00   0.0000000E+00   0.0000000E+00   0.0000000E+00   0.0000000E+00
   6.6489993E-03   1.6303377E+07   1.6303377E+07   3.6973500E+03   1.7122549E+02   8.8368994E+06   1.6263884E+07   1.6303377E+07   0.0000000E+00   0.0000000E+00   0.0000000E+00   0.0000000E+00   0.0000000E+00
   7.4602999E-03   1.5941364E+07   1.5941364E+07   1.6765670E+03   1.4369584E+02   7.9598077E+06   1.5900339E+07   1.5941364E+07   0.0000000E+00   0.0000000E+00   0.0000000E+00   0.0000000E+00   0.0000000E+00
   8.3705942E-03   1.5542929E+07   1.5542929E+07   1.9656483E+02   1.1975825E+02   7.1190564E+06   1.5500621E+07   1.5542929E+07   0.0000000E+00   0.0000000E+00   0.0000000E+00   0.0000000E+00   0.0000000E+00
   9.3919611E-03   1.5106007E+07   1.5106007E+07   9.7206937E+02   9.9043597E+01   6.3042163E+06   1.5062707E+07   1.5106007E+07   0.0000000E+00   0.0000000E+00   0.0000000E+00   0.0000000E+00   0.0000000E+00
   1.0537954E-02   1.4628575E+07   1.4628575E+07   7.6672717E+01   8.1256843E+01   5.5376015E+06   1.4584609E+07   1.4628575E+07   0.0000000E+00   0.0000000E+00   0.0000000E+00   0.0000000E+00   0.0000000E+00
   1.1823779E-02   1.4108667E+07   1.4108667E+07   -1.5629187E+02   6.6090864E+01   4.8120945E+06   1.4064390E+07   1.4108667E+07   0.0000000E+00   0.0000000E+00   0.0000000E+00   0.0000000E+00   0.0000000E+00
   1.3266498E-02   1.3544498E+07   1.3544498E+07   -9.5115163E+01   5.3282354E+01   4.1408246E+06   1.3500286E+07   1.3544498E+07   0.0000000E+00   0.0000000E+00   0.0000000E+00   0.0000000E+00   0.0000000E+00
   1.4885255E-02   1.2934624E+07   1.2934624E+07   9.2950021E+01   4.2544996E+01   3.5230646E+06   1.2890876E+07   1.2934624E+07   0.0000000E+00   0.0000000E+00   0.0000000E+00   0.0000000E+00   0.0000000E+00
   1.6701531E-02   1.2278288E+07   1.2278288E+07   -9.8094545E+01   3.3621965E+01   2.9657883E+06   1.2235410E+07   1.2278288E+07   0.0000000E+00   0.0000000E+00   0.0000000E+00   0.0000000E+00   0.0000000E+00
   1.8739426E-02   1.1575934E+07   1.1575934E+07   -7.9340383E+01   2.6284428E+01   2.4648746E+06   1.1534332E+07   1.1575934E+07   0.0000000E+00   0.0000000E+00   0.0000000E+00   0.0000000E+00   0.0000000E+00
   2.1025981E-02   1.0829987E+07   1.0829987E+07   -3.9820983E+01   2.0311795E+01   2.0209524E+06   1.0790058E+07   1.0829987E+07   0.0000000E+00   0.0000000E+00   0.0000000E+00   0.0000000E+00   0.0000000E+00
   2.3591515E-02   1.0045912E+07   1.0045912E+07   -2.5145990E+01   1.5505391E+01   1.6357270E+06   1.0008021E+07   1.0045912E+07   0.0000000E+00   0.0000000E+00   0.0000000E+00   0.0000000E+00   0.0000000E+00
   2.6469777E-02   9.2335350E+06   9.2335350E+06   -3.0248489E+01   1.1687518E+01   1.3037515E+06   9.1980025E+06   9.2335350E+06   0.0000000E+00   0.0000000E+00   0.0000000E+00   0.0000000E+00   0.0000000E+00
   2.9696307E-02   8.4087554E+06   8.4087554E+06   -1.7224883E+01   8.7016639E+00   1.0260053E+06   8.3758206E+06   8.4087554E+06   0.0000000E+00   0.0000000E+00   0.0000000E+00   0.0000000E+00   0.0000000E+00
   3.3297505E-02   7.5962530E+06   7.5962530E+06   -2.0639042E+01   6.4133789E+00   7.9617280E+05   7.5660392E+06   7.5962530E+06   0.0000000E+00   0.0000000E+00   0.0000000E+00   0.0000000E+00   0.0000000E+00
   3.7251094E-02   6.8334056E+06   6.8334056E+06   -1.1012691E+01   4.7123416E+00   6.1515650E+05   6.8058653E+06   6.8334056E+06   0.0000000E+00   0.0000000E+00   0.0000000E+00   0.0000000E+00   0.0000000E+00
   4.1413906E-02   6.1682269E+06   6.1682269E+06   -1.0039289E+01   3.5052710E+00   4.7863873E+05   6.1430956E+06   6.1682269E+06   0.0000000E+00   0.0000000E+00   0.0000000E+00   0.0000000E+00   0.0000000E+00
   4.5525600E-02   5.6356794E+06   5.6356794E+06   -8.5550722E+00   2.6887836E+00   3.8184688E+05   5.6125206E+06   5.6356794E+06   0.0000000E+00   0.0000000E+00   0.0000000E+00   0.0000000E+00   0.0000000E+00
   4.9387658E-02   5.2306600E+06   5.2306600E+06   -1.4262225E+01   2.1440355E+00   3.1456376E+05   5.2090241E+06   5.2306600E+06   0.0000000E+00   0.0000000E+00   0.0000000E+00   0.0000000E+00   0.0000000E+00
   5.2967249E-02   4.9211492E+06   4.9211492E+06   -8.3607388E+00   1.7687011E+00   2.6676018E+05   4.9006896E+06   4.9211492E+06   0.0000000E+00   0.0000000E+00   0.0000000E+00   0.0000000E+00   0.0000000E+00
   5.6318195E-02   4.6751044E+06   4.6751044E+06   -8.2177065E+00   1.4964547E+00   2.3094944E+05   4.6555879E+06   4.6751044E+06   0.0000000E+00   0.0000000E+00   0.0000000E+00   0.0000000E+00   0.0000000E+00
   5.9505773E-02   4.4693548E+06   4.4693548E+06   -7.7845694E+00   1.2887439E+00   2.0284682E+05   4.4506340E+06   4.4693548E+06   0.0000000E+00   0.0000000E+00   0.0000000E+00   0.0000000E+00   0.0000000E+00
   6.2583763E-02   4.2884144E+06   4.2884144E+06   -4.6609956E+00   1.1234253E+00   1.7998228E+05   4.2703996E+06   4.2884144E+06   0.0000000E+00   0.0000000E+00   0.0000000E+00   0.0000000E+00   0.0000000E+00
   6.5592900E-02   4.1220046E+06   4.1220046E+06   -6.8806576E+00   9.8729258E-01   1.6084929E+05   4.1046454E+06   4.1220046E+06   0.0000000E+00   0.0000000E+00   0.0000000E+00   0.0000000E+00   0.0000000E+00
   6.8563812E-02   3.9633115E+06   3.9633115E+06   -2.7232810E+00   8.7224029E-01   1.4425013E+05   3.9465836E+06   3.9633115E+06   0.0000000E+00   0.0000000E+00   0.0000000E+00   0.0000000E+00   0.0000000E+00
   7.1519949E-02   3.8079438E+06   3.8079438E+06   -4.2435663E+00   7.7301451E-01   1.2942380E+05   3.7918398E+06   3.8079438E+06   0.0000000E+00   0.0000000E+00   0.0000000E+00   0.0000000E+00   0.0000000E+00
   7.4479741E-02   3.6533191E+06   3.6533191E+06   -4.9653585E+00   6.8617985E-01   1.1654133E+05   3.6378413E+06   3.6533191E+06   0.0000000E+00   0.0000000E+00   0.0000000E+00   0.0000000E+00   0.0000000E+00
   7.7458096E-02   3.4982843E+06   3.4982843E+06   -2.2573760E+00   6.0946767E-01   1.0472641E+05   3.4834390E+06   3.4982843E+06   0.0000000E+00   0.0000000E+00   0.0000000E+00   0.0000000E+00   0.0000000E+00
   8.0467419E-02   3.3428496E+06   3.3428496E+06   -3.0041450E+00   5.4129696E-01   9.3992305E+04   3.3286426E+06   3.3428496E+06   0.0000000E+00   0.0000000E+00   0.0000000E+00   0.0000000E+00   0.0000000E+00
   8.3518315E-02   3.1879676E+06   3.1879676E+06   -2.9755183E+00   4.8059365E-01   8.4422001E+04   3.1744000E+06   3.1879676E+06   0.0000000E+00   0.0000000E+00   0.0000000E+00   0.0000000E+00   0.0000000E+00
   8.6620078E-02   3.0353146E+06   3.0353146E+06   -1.8426441E+00   4.2658034E-01   7.5627761E+04   3.0223801E+06   3.0353146E+06   0.0000000E+00   0.0000000E+00   0.0000000E+00   0.0000000E+00   0.0000000E+00
   8.9781043E-02   2.8870528E+06   2.8870528E+06   -2.0773672E+00   3.7866758E-01   6.7881495E+04   2.8747354E+06   2.8870528E+06   0.0000000E+00   0.0000000E+00   0.0000000E+00   0.0000000E+00   0.0000000E+00
   9.3008836E-02   2.7455643E+06   2.7455643E+06   -2.4569903E+00   3.3637544E-01   6.0802558E+04   2.7338374E+06   2.7455643E+06   0.0000000E+00   0.0000000E+00   0.0000000E+00   0.0000000E+00   0.0000000E+00
   9.6310557E-02   2.6131594E+06   2.6131594E+06   -1.8811011E+00   2.9925877E-01   5.4559740E+04   2.6019863E+06   2.6131594E+06   0.0000000E+00   0.0000000E+00   0.0000000E+00   0.0000000E+00   0.0000000E+00
   9.9692920E-02   2.4917752E+06   2.4917752E+06   -1.7410008E+00   2.6686990E-01   4.9095413E+04   2.4811107E+06   2.4917752E+06   0.0000000E+00   0.0000000E+00   0.0000000E+00   0.0000000E+00   0.0000000E+00
   1.0316235E-01   2.3826886E+06   2.3826886E+06   -1.6284748E+00   2.3874960E-01   4.4336059E+04   2.3724815E+06   2.3826886E+06   0.0000000E+00   0.0000000E+00   0.0000000E+00   0.0000000E+00   0.0000000E+00
   1.0672508E-01   2.2862771E+06   2.2862771E+06   -9.2342347E-01   2.1439163E-01   4.0165246E+04   2.2764746E+06   2.2862771E+06   0.0000000E+00   0.0000000E+00   0.0000000E+00   0.0000000E+00   0.0000000E+00
   1.1038719E-01   2.2018680E+06   2.2018680E+06   -1.0093775E+00   1.9327410E-01   3.6435444E+04   2.1924197E+06   2.2018680E+06   0.0000000E+00   0.0000000E+00   0.0000000E+00   0.0000000E+00   0.0000000E+00
   1.1415464E-01   2.1277116E+06   2.1277116E+06   -1.0106024E+00   1.7485416E-01   3.3292745E+04   2.1185745E+06   2.1277116E+06   0.0000000E+00   0.0000000E+00   0.0000000E+00   0.0000000E+00   0.0000000E+00
   1.1803337E-01   2.0611115E+06   2.0611115E+06   -9.9721711E-01   1.5860600E-01   3.0397424E+04   2.0522540E+06   2.0611115E+06   0.0000000E+00   0.0000000E+00   0.0000000E+00   0.0000000E+00   0.0000000E+00
   1.2202924E-01   1.9987211E+06   1.9987211E+06   -6.9402793E-01   1.4404518E-01   2.7817705E+04   1.9901258E+06   1.9987211E+06   0.0000000E+00   0.0000000E+00   0.0000000E+00   0.0000000E+00   0.0000000E+00
   1.2614813E-01   1.9369927E+06   1.9369927E+06   -5.9500212E-01   1.3076245E-01   2.5432359E+04   1.9286574E+06   1.9369927E+06   0.0000000E+00   0.0000000E+00   0.0000000E+00   0.0000000E+00   0.0000000E+00
   1.3039588E-01   1.8727296E+06   1.8727296E+06   -7.5278300E-01   1.1844855E-01   2.3186319E+04   1.8646659E+06   1.8727296E+06   0.0000000E+00   0.0000000E+00   0.0000000E+00   0.0000000E+00   0.0000000E+00
   1.3477839E-01   1.8036557E+06   1.8036557E+06   -5.9786355E-01   1.0690368E-01   2.1096597E+04   1.7958849E+06   1.8036557E+06   0.0000000E+00   0.0000000E+00   0.0000000E+00   0.0000000E+00   0.0000000E+00
   1.3930154E-01   1.7288889E+06   1.7288889E+06   -6.2438621E-01   9.6044819E-02   1.9054613E+04   1.7214361E+06   1.7288889E+06   0.0000000E+00   0.0000000E+00   0.0000000E+00   0.0000000E+00   0.0000000E+00
   1.4397127E-01   1.6491959E+06   1.6491959E+06   -5.9190567E-01   8.5883922E-02   1.7128525E+04   1.6420830E+06   1.6491959E+06   0.0000000E+00   0.0000000E+00   0.0000000E+00   0.0000000E+00   0.0000000E+00
   1.4879354E-01   1.5669232E+06   1.5669232E+06   -5.3888621E-01   7.6499118E-02   1.5343896E+04   1.5601618E+06   1.5669232E+06   0.0000000E+00   0.0000000E+00   0.0000000E+00   0.0000000E+00   0.0000000E+00
   1.5377436E-01   1.4855545E+06   1.4855545E+06   -3.6860923E-01   6.7993834E-02   1.3714572E+04   1.4791413E+06   1.4855545E+06   0.0000000E+00   0.0000000E+00   0.0000000E+00   0.0000000E+00   0.0000000E+00
   1.5891980E-01   1.4089337E+06   1.4089337E+06   -3.5235472E-01   6.0452002E-02   1.2234256E+04   1.4028485E+06   1.4089337E+06   0.0000000E+00   0.0000000E+00   0.0000000E+00   0.0000000E+00   0.0000000E+00
   1.6423597E-01   1.3402978E+06   1.3402978E+06   -2.4834037E-01   5.3898522E-02   1.0966483E+04   1.3345067E+06   1.3402978E+06   0.0000000E+00   0.0000000E+00   0.0000000E+00   0.0000000E+00   0.0000000E+00
   1.6972907E-01   1.2813620E+06   1.2813620E+06   -2.2103719E-01   4.8285229E-02   9.8679612E+03   1.2758233E+06   1.2813620E+06   0.0000000E+00   0.0000000E+00   0.0000000E+00   0.0000000E+00   0.0000000E+00
   1.7540537E-01   1.2317402E+06   1.2317402E+06   -2.6339693E-01   4.3484139E-02   8.9234946E+03   1.2264140E+06   1.2317402E+06   0.0000000E+00   0.0000000E+00   0.0000000E+00   0.0000000E+00   0.0000000E+00
   1.8127124E-01   1.1889485E+06   1.1889485E+06   -2.0938964E-01   3.9317468E-02   8.1036884E+03   1.1838056E+06   1.1889485E+06   0.0000000E+00   0.0000000E+00   0.0000000E+00   0.0000000E+00   0.0000000E+00
   1.8733317E-01   1.1490898E+06   1.1490898E+06   -1.7347099E-01   3.5593763E-02   7.3668499E+03   1.1441175E+06   1.1490898E+06   0.0000000E+00   0.0000000E+00   0.0000000E+00   0.0000000E+00   0.0000000E+00
   1.9359780E-01   1.1080882E+06   1.1080882E+06   -1.7180469E-01   3.2153240E-02   6.6732190E+03   1.1032919E+06   1.1080882E+06   0.0000000E+00   0.0000000E+00   0.0000000E+00   0.0000000E+00   0.0000000E+00
   2.0007191E-01   1.0631015E+06   1.0631015E+06   -1.8482122E-01   2.8901296E-02   6.0238233E+03   1.0584985E+06   1.0631015E+06   0.0000000E+00   0.0000000E+00   0.0000000E+00   0.0000000E+00   0.0000000E+00
   2.0676253E-01   1.0135790E+06   1.0135790E+06   -1.6277405E-01   2.5820148E-02   5.3893319E+03   1.0091893E+06   1.0135790E+06   0.0000000E+00   0.0000000E+00   0.0000000E+00   0.0000000E+00   0.0000000E+00
   2.1367691E-01   9.6147957E+05   9.6147957E+05   -1.4278411E-01   2.2952834E-02   4.8013073E+03   9.5731432E+05   9.6147957E+05   0.0000000E+00   0.0000000E+00   0.0000000E+00   0.0000000E+00   0.0000000E+00
   2.2082260E-01   9.1043936E+05   9.1043936E+05   -1.1144664E-01   2.0367334E-02   4.2680541E+03   9.0649424E+05   9.1043936E+05   0.0000000E+00   0.0000000E+00   0.0000000E+00   0.0000000E+00   0.0000000E+00
   2.2820753E-01   8.6414278E+05   8.6414278E+05   -9.2491356E-02   1.8112796E-02   3.8021272E+03   8.6039738E+05   8.6414278E+05   0.0000000E+00   0.0000000E+00   0.0000000E+00   0.0000000E+00   0.0000000E+00
   2.3584002E-01   8.2458933E+05   8.2458933E+05   -8.6609767E-02   1.6190435E-02   3.3990111E+03   8.2101456E+05   8.2458933E+05   0.0000000E+00   0.0000000E+00   0.0000000E+00   0.0000000E+00   0.0000000E+00
   2.4372892E-01   7.9112698E+05   7.9112698E+05   -8.9576004E-02   1.4547916E-02   3.0597468E+03   7.8769655E+05   7.9112698E+05   0.0000000E+00   0.0000000E+00   0.0000000E+00   0.0000000E+00   0.0000000E+00
   2.5188366E-01   7.6084358E+05   7.6084358E+05   -8.2099253E-02   1.3102471E-02   2.7550874E+03   7.5754381E+05   7.6084358E+05   0.0000000E+00   0.0000000E+00   0.0000000E+00   0.0000000E+00   0.0000000E+00
   2.6031438E-01   7.3021526E+05   7.3021526E+05   -6.5572154E-02   1.1776905E-02   2.4774109E+03   7.2704773E+05   7.3021526E+05   0.0000000E+00   0.0000000E+00   0.0000000E+00   0.0000000E+00   0.0000000E+00
   2.6903201E-01   6.9713347E+05   6.9713347E+05   -5.8699747E-02   1.0531056E-02   2.2140843E+03   6.9410889E+05   6.9713347E+05   0.0000000E+00   0.0000000E+00   0.0000000E+00   0.0000000E+00   0.0000000E+00
   2.7804846E-01   6.6207167E+05   6.6207167E+05   -5.1622499E-02   9.3682712E-03   1.9649221E+03   6.5919874E+05   6.6207167E+05   0.0000000E+00   0.0000000E+00   0.0000000E+00   0.0000000E+00   0.0000000E+00
   2.8737676E-01   6.2757394E+05   6.2757394E+05   -5.1973870E-02   8.3174978E-03   1.7417719E+03   6.2485027E+05   6.2757394E+05   0.0000000E+00   0.0000000E+00   0.0000000E+00   0.0000000E+00   0.0000000E+00
   2.9703121E-01   5.9633618E+05   5.9633618E+05   -4.3998575E-02   7.4010024E-03   1.5463370E+03   5.9374770E+05   5.9633618E+05   0.0000000E+00   0.0000000E+00   0.0000000E+00   0.0000000E+00   0.0000000E+00
   3.0702767E-01   5.6922468E+05   5.6922468E+05   -4.1523377E-02   6.6134971E-03   1.3773381E+03   5.6675352E+05   5.6922468E+05   0.0000000E+00   0.0000000E+00   0.0000000E+00   0.0000000E+00   0.0000000E+00
   3.1738376E-01   5.4475524E+05   5.4475524E+05   -3.5019018E-02   5.9238586E-03   1.2293385E+03   5.4239000E+05   5.4475524E+05   0.0000000E+00   0.0000000E+00   0.0000000E+00   0.0000000E+00   0.0000000E+00
   3.2811919E-01   5.2048698E+05   5.2048698E+05   -3.1936446E-02   5.2967269E-03   1.0935311E+03   5.1822682E+05   5.2048698E+05   0.0000000E+00   0.0000000E+00   0.0000000E+00   0.0000000E+00   0.0000000E+00
   3.3925612E-01   4.9515662E+05   4.9515662E+05   -2.7846747E-02   4.7150828E-03   9.6878632E+02   4.9300620E+05   4.9515662E+05   0.0000000E+00   0.0000000E+00   0.0000000E+00   0.0000000E+00   0.0000000E+00
   3.5081960E-01   4.6961955E+05   4.6961955E+05   -2.4457215E-02   4.1834159E-03   8.5438386E+02   4.6757980E+05   4.6961955E+05   0.0000000E+00   0.0000000E+00   0.0000000E+00   0.0000000E+00   0.0000000E+00
   3.6283813E-01   4.4570402E+05   4.4570402E+05   -2.2553415E-02   3.7129241E-03   7.5215274E+02   4.4376795E+05   4.4570402E+05   0.0000000E+00   0.0000000E+00   0.0000000E+00   0.0000000E+00   0.0000000E+00
   3.7534429E-01   4.2417862E+05   4.2417862E+05   -1.9848225E-02   3.3026201E-03   6.6359426E+02   4.2233586E+05   4.2417862E+05   0.0000000E+00   0.0000000E+00   0.0000000E+00   0.0000000E+00   0.0000000E+00
   3.8837561E-01   4.0404564E+05   4.0404564E+05   -1.7212560E-02   2.9387142E-03   5.8560997E+02   4.0229018E+05   4.0404564E+05   0.0000000E+00   0.0000000E+00   0.0000000E+00   0.0000000E+00   0.0000000E+00
   4.0197555E-01   3.8391880E+05   3.8391880E+05   -1.5445200E-02   2.6071360E-03   5.1390210E+02   3.8225063E+05   3.8391880E+05   0.0000000E+00   0.0000000E+00   0.0000000E+00   0.0000000E+00   0.0000000E+00
   4.1619488E-01   3.6371215E+05   3.6371215E+05   -1.3866275E-02   2.3045326E-03   4.4858832E+02   3.6213165E+05   3.6371215E+05   0.0000000E+00   0.0000000E+00   0.0000000E+00   0.0000000E+00   0.0000000E+00
   4.3109333E-01   3.4443781E+05   3.4443781E+05   -1.2389592E-02   2.0346071E-03   3.9069044E+02   3.4294095E+05   3.4443781E+05   0.0000000E+00   0.0000000E+00   0.0000000E+00   0.0000000E+00   0.0000000E+00
   4.4674183E-01   3.2652391E+05   3.2652391E+05   -1.0833353E-02   1.7963365E-03   3.3933246E+02   3.2510478E+05   3.2652391E+05   0.0000000E+00   0.0000000E+00   0.0000000E+00   0.0000000E+00   0.0000000E+00
   4.6322541E-01   3.0925113E+05   3.0925113E+05   -9.5296917E-03   1.5826253E-03   2.9364970E+02   3.0790697E+05   3.0925113E+05   0.0000000E+00   0.0000000E+00   0.0000000E+00   0.0000000E+00   0.0000000E+00
   4.8064713E-01   2.9208523E+05   2.9208523E+05   -8.3672265E-03   1.3886262E-03   2.5250763E+02   2.9081560E+05   2.9208523E+05   0.0000000E+00   0.0000000E+00   0.0000000E+00   0.0000000E+00   0.0000000E+00
   4.9913337E-01   2.7544230E+05   2.7544230E+05   -7.3231778E-03   1.2145164E-03   2.1563613E+02   2.7424493E+05   2.7544230E+05   0.0000000E+00   0.0000000E+00   0.0000000E+00   0.0000000E+00   0.0000000E+00
   5.1884122E-01   2.5957831E+05   2.5957831E+05   -6.4000461E-03   1.0594036E-03   1.8300455E+02   2.5844983E+05   2.5957831E+05   0.0000000E+00   0.0000000E+00   0.0000000E+00   0.0000000E+00   0.0000000E+00
   5.3996884E-01   2.4404859E+05   2.4404859E+05   -5.5508014E-03   9.1973756E-04   1.5373040E+02   2.4298756E+05   2.4404859E+05   0.0000000E+00   0.0000000E+00   0.0000000E+00   0.0000000E+00   0.0000000E+00
   5.6277036E-01   2.2875161E+05   2.2875161E+05   -4.7884901E-03   7.9375319E-04   1.2780021E+02   2.2775702E+05   2.2875161E+05   0.0000000E+00   0.0000000E+00   0.0000000E+00   0.0000000E+00   0.0000000E+00
   5.8757766E-01   2.1388205E+05   2.1388205E+05   -4.1115345E-03   6.8091060E-04   1.0475939E+02   2.1295207E+05   2.1388205E+05   0.0000000E+00   0.0000000E+00   0.0000000E+00   0.0000000E+00   0.0000000E+00
   6.1483300E-01   1.9920093E+05   1.9920093E+05   -3.5011207E-03   5.7926816E-04   8.4205841E+01   1.9833473E+05   1.9920093E+05   0.0000000E+00   0.0000000E+00   0.0000000E+00   0.0000000E+00   0.0000000E+00
   6.4513854E-01   1.8464970E+05   1.8464970E+05   -2.9520775E-03   4.8775744E-04   6.6058758E+01   1.8384674E+05   1.8464970E+05   0.0000000E+00   0.0000000E+00   0.0000000E+00   0.0000000E+00   0.0000000E+00
   6.7933255E-01   1.7017554E+05   1.7017554E+05   -2.4545014E-03   4.0546111E-04   5.0110810E+01   1.6943548E+05   1.7017554E+05   0.0000000E+00   0.0000000E+00   0.0000000E+00   0.0000000E+00   0.0000000E+00
   7.1860640E-01   1.5563511E+05   1.5563511E+05   -2.0102469E-03   3.3143430E-04   3.6130830E+01   1.5495824E+05   1.5563511E+05   0.0000000E+00   0.0000000E+00   0.0000000E+00   0.0000000E+00   0.0000000E+00
   7.6467725E-01   1.4093964E+05   1.4093964E+05   -1.6138543E-03   2.6509863E-04   2.4029508E+01   1.4032666E+05   1.4093964E+05   0.0000000E+00   0.0000000E+00   0.0000000E+00   0.0000000E+00   0.0000000E+00
   8.2001011E-01   1.2599628E+05   1.2599628E+05   -1.2471943E-03   2.0611289E-04   1.3770711E+01   1.2544826E+05   1.2599628E+05   0.0000000E+00   0.0000000E+00   0.0000000E+00   0.0000000E+00   0.0000000E+00
   8.8797992E-01   1.1080454E+05   1.1080454E+05   -9.3911842E-04   1.5459400E-04   5.4208722E+00   1.1032257E+05   1.1080454E+05   0.0000000E+00   0.0000000E+00   0.0000000E+00   0.0000000E+00   0.0000000E+00
   9.7258139E-01   9.5587908E+04   9.5587908E+04   -6.7727314E-04   1.1118708E-04   -9.3441413E-01   9.5172111E+04   9.5587908E+04   0.0000000E+00   0.0000000E+00   0.0000000E+00   0.0000000E+00   0.0000000E+00
   1.0770764E+00   8.0908042E+04   8.0908042E+04   -4.6811917E-04   7.6746374E-05   -5.2132505E+00   8.0556085E+04   8.0908042E+04   0.0000000E+00   0.0000000E+00   0.0000000E+00   0.0000000E+00   0.0000000E+00
   1.2022367E+00   6.7522686E+04   6.7522686E+04   -3.1309922E-04   5.1414218E-05   -7.5967795E+00   6.7228945E+04   6.7522686E+04   0.0000000E+00   0.0000000E+00   0.0000000E+00   0.0000000E+00   0.0000000E+00
   1.3469739E+00   5.5935116E+04   5.5935116E+04   -2.0723072E-04   3.3933848E-05   -8.5298400E+00   5.5691777E+04   5.5935116E+04   0.0000000E+00   0.0000000E+00   0.0000000E+00   0.0000000E+00   0.0000000E+00
   1.5108961E+00   4.6189022E+04   4.6189022E+04   -1.3605565E-04   2.2273493E-05   -8.5399064E+00   4.5988076E+04   4.6189022E+04   0.0000000E+00   0.0000000E+00   0.0000000E+00   0.0000000E+00   0.0000000E+00
   1.6951854E+00   3.8079789E+04   3.8079789E+04   -8.9247469E-05   1.4589198E-05   -8.0273505E+00   3.7914119E+04   3.8079789E+04   0.0000000E+00   0.0000000E+00   0.0000000E+00   0.0000000E+00   0.0000000E+00
   1.9020220E+00   3.1356805E+04   3.1356805E+04   -5.8440960E-05   9.5439380E-06   -7.2605049E+00   3.1220382E+04   3.1356805E+04   0.0000000E+00   0.0000000E+00   0.0000000E+00   0.0000000E+00   0.0000000E+00
   2.1341032E+00   2.5792793E+04   2.5792793E+04   -3.8210993E-05   6.2366889E-06   -6.3992970E+00   2.5680575E+04   2.5792793E+04   0.0000000E+00   0.0000000E+00   0.0000000E+00   0.0000000E+00   0.0000000E+00
   2.3945031E+00   2.1194320E+04   2.1194320E+04   -2.4922781E-05   4.0714327E-06   -5.5389240E+00   2.1102109E+04   2.1194320E+04   0.0000000E+00   0.0000000E+00   0.0000000E+00   0.0000000E+00   0.0000000E+00
   2.6866767E+00   1.7398708E+04   1.7398708E+04   -1.6266455E-05   2.6553973E-06   -4.7303311E+00   1.7323009E+04   1.7398708E+04   0.0000000E+00   0.0000000E+00   0.0000000E+00   0.0000000E+00   0.0000000E+00
   3.0145009E+00   1.4269573E+04   1.4269573E+04   -1.0584485E-05   1.7303145E-06   -3.9995829E+00   1.4207488E+04   1.4269573E+04   0.0000000E+00   0.0000000E+00   0.0000000E+00   0.0000000E+00   0.0000000E+00
   3.3823256E+00   1.1692861E+04   1.1692861E+04   -6.9263224E-06   1.1265697E-06   -3.3554258E+00   1.1641986E+04   1.1692861E+04   0.0000000E+00   0.0000000E+00   0.0000000E+00   0.0000000E+00   0.0000000E+00
   3.7950317E+00   9.5733554E+03   9.5733554E+03   -4.4927308E-06   7.3291677E-07   -2.7981239E+00   9.5317028E+03   9.5733554E+03   0.0000000E+00   0.0000000E+00   0.0000000E+00   0.0000000E+00   0.0000000E+00
   4.2580956E+00   7.8317360E+03   7.8317360E+03   -2.9175092E-06   4.7647432E-07   -2.3222340E+00   7.7976608E+03   7.8317360E+03   0.0000000E+00   0.0000000E+00   0.0000000E+00   0.0000000E+00   0.0000000E+00
   4.7776619E+00   6.4020357E+03   6.4020357E+03   -1.8931062E-06   3.0955642E-07   -1.9201198E+00   6.3741809E+03   6.4020357E+03   0.0000000E+00   0.0000000E+00   0.0000000E+00   0.0000000E+00   0.0000000E+00
   5.3606248E+00   5.2294875E+03   5.2294875E+03   -1.2295482E-06   2.0099188E-07   -1.5823483E+00   5.2067344E+03   5.2294875E+03   0.0000000E+00   0.0000000E+00   0.0000000E+00   0.0000000E+00   0.0000000E+00
   6.0147200E+00   4.2686944E+03   4.2686944E+03   -7.9669534E-07   1.3043372E-07   -1.3008105E+00   4.2501216E+03   4.2686944E+03   0.0000000E+00   0.0000000E+00   0.0000000E+00   0.0000000E+00   0.0000000E+00
   6.7486268E+00   3.4820815E+03   3.4820815E+03   -5.1716631E-07   8.4606519E-08   -1.0670009E+00   3.4669312E+03   3.4820815E+03   0.0000000E+00   0.0000000E+00   0.0000000E+00   0.0000000E+00   0.0000000E+00
   7.5720838E+00   2.8385919E+03   2.8385919E+03   -3.3476147E-07   5.4860441E-08   -8.7363701E-01   2.8262413E+03   2.8385919E+03   0.0000000E+00   0.0000000E+00   0.0000000E+00   0.0000000E+00   0.0000000E+00
   8.4960178E+00   2.3125896E+03   2.3125896E+03   -2.1607059E-07   3.5562922E-08   -7.1423022E-01   2.3025276E+03   2.3125896E+03   0.0000000E+00   0.0000000E+00   0.0000000E+00   0.0000000E+00   0.0000000E+00
