#           k/h    CDM            baryon         photon         nu             mass_nu        total          no_nu          total_de       Weyl           v_CDM          v_b            v_b-v_c     
   1.0537954E-05   1.0118948E+07   1.0118948E+07   1.3488660E+07   1.0898247E+04   2.4018853E+06   1.0119019E+07   1.0118948E+07   0.0000000E+00   0.0000000E+00   0.0000000E+00   0.0000000E+00   0.0000000E+00
   1.1823779E-05   1.0118945E+07   1.0118945E+07   1.3487809E+07   1.0897812E+04   2.4018464E+06   1.0119016E+07   1.0118945E+07   0.0000000E+00   0.0000000E+00   0.0000000E+00   0.0000000E+00   0.0000000E+00
   1.3266498E-05   1.0118941E+07   1.0118941E+07   1.3486738E+07   1.0897264E+04   2.4017974E+06   1.0119012E+07   1.0118941E+07   0.0000000E+00   0.0000000E+00   0.0000000E+00   0.0000000E+00   0.0000000E+00
   1.4885255E-05   1.0118936E+07   1.0118936E+07   1.3485390E+07   1.0896574E+04   2.4017357E+06   1.0119007E+07   1.0118936E+07   0.0000000E+00   0.0000000E+00   0.0000000E+00   0.0000000E+00   0.0000000E+00
   1.6701531E-05   1.0118930E+07   1.0118930E+07   1.3483692E+07   1.0895706E+04   2.4016581E+06   1.0119000E+07   1.0118930E+07   0.0000000E+00   0.0000000E+00   0.0000000E+00   0.0000000E+00   0.0000000E+00
   1.8739426E-05   1.0118922E+07   1.0118922E+07   1.3481555E+07   1.0894613E+04   2.4015604E+06   1.0118992E+07   1.0118922E+07   0.0000000E+00   0.0000000E+00   0.0000000E+00   0.0000000E+00   0.0000000E+00
   2.1025982E-05   1.0118912E+07   1.0118912E+07   1.3478866E+07   1.0893238E+04   2.4014374E+06   1.0118981E+07   1.0118912E+07   0.0000000E+00   0.0000000E+00   0.0000000E+00   0.0000000E+00   0.0000000E+00
   2.3591540E-05   1.0118900E+07   1.0118900E+07   1.3475481E+07   1.0891506E+04   2.4012827E+06   1.0118968E+07   1.0118900E+07   0.0000000E+00   0.0000000E+00   0.0000000E+00   0.0000000E+00   0.0000000E+00
   2.6470143E-05   1.0118884E+07   1.0118884E+07   1.3471220E+07   1.0889326E+04   2.4010879E+06   1.0118951E+07   1.0118884E+07   0.0000000E+00   0.0000000E+00   0.0000000E+00   0.0000000E+00   0.0000000E+00
   2.9699989E-05   1.0118864E+07   1.0118864E+07   1.3465858E+07   1.0886583E+04   2.4008429E+06   1.0118930E+07   1.0118864E+07   0.0000000E+00   0.0000000E+00   0.0000000E+00   0.0000000E+00   0.0000000E+00
   3.3323936E-05   1.0118839E+07   1.0118839E+07   1.3459111E+07   1.0883130E+04   2.4005346E+06   1.0118904E+07   1.0118839E+07   0.0000000E+00   0.0000000E+00   0.0000000E+00   0.0000000E+00   0.0000000E+00
   3.7390071E-05   1.0118808E+07   1.0118808E+07   1.3450622E+07   1.0878786E+04   2.4001469E+06   1.0118871E+07   1.0118808E+07   0.0000000E+00   0.0000000E+00   0.0000000E+00   0.0000000E+00   0.0000000E+00
   4.1952349E-05   1.0118769E+07   1.0118769E+07   1.3439941E+07   1.0873319E+04   2.3996593E+06   1.0118829E+07   1.0118769E+07   0.0000000E+00   0.0000000E+00   0.0000000E+00   0.0000000E+00   0.0000000E+00
   4.7071310E-05   1.0118719E+07   1.0118719E+07   1.3426507E+07   1.0866442E+04   2.3990463E+06   1.0118776E+07   1.0118719E+07   0.0000000E+00   0.0000000E+00   0.0000000E+00   0.0000000E+00   0.0000000E+00
   5.2814879E-05   1.0118657E+07   1.0118657E+07   1.3409612E+07   1.0857790E+04   2.3982760E+06   1.0118710E+07   1.0118657E+07   0.0000000E+00   0.0000000E+00   0.0000000E+00   0.0000000E+00   0.0000000E+00
   5.9259269E-05   1.0118578E+07   1.0118578E+07   1.3388371E+07   1.0846910E+04   2.3973084E+06   1.0118627E+07   1.0118578E+07   0.0000000E+00   0.0000000E+00   0.0000000E+00   0.0000000E+00   0.0000000E+00
   6.6489993E-05   1.0118479E+07   1.0118479E+07   1.3361677E+07   1.0833230E+04   2.3960937E+06   1.0118522E+07   1.0118479E+07   0.0000000E+00   0.0000000E+00   0.0000000E+00   0.0000000E+00   0.0000000E+00
   7.4602999E-05   1.0118355E+07   1.0118355E+07   1.3328143E+07   1.0816037E+04   2.3945698E+06   1.0118389E+07   1.0118355E+07   0.0000000E+00   0.0000000E+00   0.0000000E+00   0.0000000E+00   0.0000000E+00
   8.3705942E-05   1.0118198E+07   1.0118198E+07   1.3286040E+07   1.0794436E+04   2.3926598E+06   1.0118223E+07   1.0118198E+07   0.0000000E+00   0.0000000E+00   0.0000000E+00   0.0000000E+00   0.0000000E+00
   9.3919611E-05   1.0118001E+07   1.0118001E+07   1.3233216E+07   1.0767313E+04   2.3902687E+06   1.0118014E+07   1.0118001E+07   0.0000000E+00   0.0000000E+00   0.0000000E+00   0.0000000E+00   0.0000000E+00
   1.0537954E-04   1.0117753E+07   1.0117753E+07   1.3167001E+07   1.0733279E+04   2.3872798E+06   1.0117751E+07   1.0117753E+07   0.0000000E+00   0.0000000E+00   0.0000000E+00   0.0000000E+00   0.0000000E+00
   1.1823779E-04   1.0117441E+07   1.0117441E+07   1.3084090E+07   1.0690608E+04   2.3835502E+06   1.0117420E+07   1.0117441E+07   0.0000000E+00   0.0000000E+00   0.0000000E+00   0.0000000E+00   0.0000000E+00
   1.3266498E-04   1.0117049E+07   1.0117049E+07   1.2980422E+07   1.0637165E+04   2.3789073E+06   1.0117004E+07   1.0117049E+07   0.0000000E+00   0.0000000E+00   0.0000000E+00   0.0000000E+00   0.0000000E+00
   1.4885255E-04   1.0116556E+07   1.0116556E+07   1.2851029E+07   1.0570323E+04   2.3731445E+06   1.0116482E+07   1.0116556E+07   0.0000000E+00   0.0000000E+00   0.0000000E+00   0.0000000E+00   0.0000000E+00
   1.6701531E-04   1.0115937E+07   1.0115937E+07   1.2689888E+07   1.0486863E+04   2.3660181E+06   1.0115825E+07   1.0115937E+07   0.0000000E+00   0.0000000E+00   0.0000000E+00   0.0000000E+00   0.0000000E+00
   1.8739426E-04   1.0115160E+07   1.0115160E+07   1.2489777E+07   1.0382875E+04   2.3572468E+06   1.0115000E+07   1.0115160E+07   0.0000000E+00   0.0000000E+00   0.0000000E+00   0.0000000E+00   0.0000000E+00
   2.1025982E-04   1.0114184E+07   1.0114184E+07   1.2242156E+07   1.0253657E+04   2.3465151E+06   1.0113966E+07   1.0114184E+07   0.0000000E+00   0.0000000E+00   0.0000000E+00   0.0000000E+00   0.0000000E+00
   2.3591540E-04   1.0112961E+07   1.0112961E+07   1.1937125E+07   1.0093633E+04   2.3334843E+06   1.0112668E+07   1.0112961E+07   0.0000000E+00   0.0000000E+00   0.0000000E+00   0.0000000E+00   0.0000000E+00
   2.6470143E-04   1.0111429E+07   1.0111429E+07   1.1563516E+07   9.8963049E+03   2.3178138E+06   1.0111043E+07   1.0111429E+07   0.0000000E+00   0.0000000E+00   0.0000000E+00   0.0000000E+00   0.0000000E+00
   2.9699989E-04   1.0109512E+07   1.0109512E+07   1.1109212E+07   9.6542853E+03   2.2992007E+06   1.0109010E+07   1.0109512E+07   0.0000000E+00   0.0000000E+00   0.0000000E+00   0.0000000E+00   0.0000000E+00
   3.3323936E-04   1.0107117E+07   1.0107117E+07   1.0561842E+07   9.3594699E+03   2.2774399E+06   1.0106470E+07   1.0107117E+07   0.0000000E+00   0.0000000E+00   0.0000000E+00   0.0000000E+00   0.0000000E+00
   3.7390071E-04   1.0104132E+07   1.0104132E+07   9.9100157E+06   9.0034220E+03   2.2525144E+06   1.0103304E+07   1.0104132E+07   0.0000000E+00   0.0000000E+00   0.0000000E+00   0.0000000E+00   0.0000000E+00
   4.1952349E-04   1.0100417E+07   1.0100417E+07   9.1453152E+06   8.5780836E+03   2.2247107E+06   1.0099366E+07   1.0100417E+07   0.0000000E+00   0.0000000E+00   0.0000000E+00   0.0000000E+00   0.0000000E+00
   4.7071310E-04   1.0095810E+07   1.0095810E+07   8.2652179E+06   8.0769307E+03   2.1947510E+06   1.0094481E+07   1.0095810E+07   0.0000000E+00   0.0000000E+00   0.0000000E+00   0.0000000E+00   0.0000000E+00
   5.2814879E-04   1.0090112E+07   1.0090112E+07   7.2770013E+06   7.4966818E+03   2.1639001E+06   1.0088443E+07   1.0090112E+07   0.0000000E+00   0.0000000E+00   0.0000000E+00   0.0000000E+00   0.0000000E+00
   5.9259269E-04   1.0083093E+07   1.0083093E+07   6.2023291E+06   6.8395862E+03   2.1339672E+06   1.0081009E+07   1.0083093E+07   0.0000000E+00   0.0000000E+00   0.0000000E+00   0.0000000E+00   0.0000000E+00
   6.6489993E-04   1.0074486E+07   1.0074486E+07   5.0815364E+06   6.1161173E+03   2.1070632E+06   1.0071896E+07   1.0074486E+07   0.0000000E+00   0.0000000E+00   0.0000000E+00   0.0000000E+00   0.0000000E+00
   7.4602999E-04   1.0063984E+07   1.0063984E+07   3.9755681E+06   5.3475108E+03   2.0849326E+06   1.0060786E+07   1.0063984E+07   0.0000000E+00   0.0000000E+00   0.0000000E+00   0.0000000E+00   0.0000000E+00
   8.3705942E-04   1.0051236E+07   1.0051236E+07   2.9622703E+06   4.5670045E+03   2.0677229E+06   1.0047315E+07   1.0051236E+07   0.0000000E+00   0.0000000E+00   0.0000000E+00   0.0000000E+00   0.0000000E+00
   9.3919611E-04   1.0035850E+07   1.0035850E+07   2.1231323E+06   3.8179973E+03   2.0523327E+06   1.0031082E+07   1.0035850E+07   0.0000000E+00   0.0000000E+00   0.0000000E+00   0.0000000E+00   0.0000000E+00
   1.0537954E-03   1.0017382E+07   1.0017382E+07   1.5184853E+06   3.1471515E+03   2.0311473E+06   1.0011636E+07   1.0017382E+07   0.0000000E+00   0.0000000E+00   0.0000000E+00   0.0000000E+00   0.0000000E+00
   1.1823779E-03   9.9953258E+06   9.9953258E+06   1.1561265E+06   2.5916952E+03   1.9929487E+06   9.9884756E+06   9.9953258E+06   0.0000000E+00   0.0000000E+00   0.0000000E+00   0.0000000E+00   0.0000000E+00
   1.3266498E-03   9.9691050E+06   9.9691050E+06   9.7101332E+05   2.1639751E+03   1.9281505E+06   9.9610383E+06   9.9691050E+06   0.0000000E+00   0.0000000E+00   0.0000000E+00   0.0000000E+00   0.0000000E+00
   1.4885255E-03   9.9380610E+06   9.9380610E+06   8.4434946E+05   1.8423296E+03   1.8380690E+06   9.9286911E+06   9.9380610E+06   0.0000000E+00   0.0000000E+00   0.0000000E+00   0.0000000E+00   0.0000000E+00
   1.6701531E-03   9.9014605E+06   9.9014605E+06   6.7717263E+05   1.5807538E+03   1.7408721E+06   9.8907369E+06   9.9014605E+06   0.0000000E+00   0.0000000E+00   0.0000000E+00   0.0000000E+00   0.0000000E+00
   1.8739426E-03   9.8585208E+06   9.8585208E+06   4.7488093E+05   1.3404145E+03   1.6604629E+06   9.8464333E+06   9.8585208E+06   0.0000000E+00   0.0000000E+00   0.0000000E+00   0.0000000E+00   0.0000000E+00
   2.1025982E-03   9.8084407E+06   9.8084407E+06   3.3347634E+05   1.1194370E+03   1.5975405E+06   9.7950133E+06   9.8084407E+06   0.0000000E+00   0.0000000E+00   0.0000000E+00   0.0000000E+00   0.0000000E+00
   2.3591540E-03   9.7504003E+06   9.7504003E+06   2.8953015E+05   9.4082337E+02   1.5222418E+06   9.7356736E+06   9.7504003E+06   0.0000000E+00   0.0000000E+00   0.0000000E+00   0.0000000E+00   0.0000000E+00
   2.6470143E-03   9.6835264E+06   9.6835264E+06   2.4786071E+05   8.0469779E+02   1.4255956E+06   9.6675356E+06   9.6835264E+06   0.0000000E+00   0.0000000E+00   0.0000000E+00   0.0000000E+00   0.0000000E+00
   2.9699989E-03   9.6068801E+06   9.6068801E+06   1.7366335E+05   6.8518606E+02   1.3421500E+06   9.5896408E+06   9.6068801E+06   0.0000000E+00   0.0000000E+00   0.0000000E+00   0.0000000E+00   0.0000000E+00
   3.3323936E-03   9.5194852E+06   9.5194852E+06   1.4430199E+05   5.8011483E+02   1.2618430E+06   9.5009994E+06   9.5194852E+06   0.0000000E+00   0.0000000E+00   0.0000000E+00   0.0000000E+00   0.0000000E+00
   3.7390071E-03   9.4203144E+06   9.4203144E+06   1.1164171E+05   4.9378783E+02   1.1643033E+06   9.4005892E+06   9.4203144E+06   0.0000000E+00   0.0000000E+00   0.0000000E+00   0.0000000E+00   0.0000000E+00
   4.1952349E-03   9.3082773E+06   9.3082773E+06   8.2359421E+04   4.1541446E+02   1.0828892E+06   9.2873396E+06   9.3082773E+06   0.0000000E+00   0.0000000E+00   0.0000000E+00   0.0000000E+00   0.0000000E+00
   4.7071310E-03   9.1822671E+06   9.1822671E+06   6.8743885E+04   3.5033327E+02   9.8509188E+05   9.1601761E+06   9.1822671E+06   0.0000000E+00   0.0000000E+00   0.0000000E+00   0.0000000E+00   0.0000000E+00
   5.2814879E-03   9.0411774E+06   9.0411774E+06   5.3331323E+04   2.9238783E+02   9.0079052E+05   9.0180409E+06   9.0411774E+06   0.0000000E+00   0.0000000E+00   0.0000000E+00   0.0000000E+00   0.0000000E+00
   5.9259269E-03   8.8839221E+06   8.8839221E+06   3.7946565E+04   2.4364288E+02   8.1302608E+05   8.8598678E+06   8.8839221E+06   0.0000000E+00   0.0000000E+00   0.0000000E+00   0.0000000E+00   0.0000000E+00
   6.6489993E-03   8.7093920E+06   8.7093920E+06   3.2054152E+04   2.0207405E+02   7.2650922E+05   8.6845214E+06   8.7093920E+06   0.0000000E+00   0.0000000E+00   0.0000000E+00   0.0000000E+00   0.0000000E+00
   7.4602999E-03   8.5164526E+06   8.5164526E+06   2.5405275E+04   1.6601450E+02   6.4656866E+05   8.4909189E+06   8.5164526E+06   0.0000000E+00   0.0000000E+00   0.0000000E+00   0.0000000E+00   0.0000000E+00
   8.3705942E-03   8.3040090E+06   8.3040090E+06   1.9822284E+04   1.3573890E+02   5.7156786E+05   8.2779957E+06   8.3040090E+06   0.0000000E+00   0.0000000E+00   0.0000000E+00   0.0000000E+00   0.0000000E+00
   9.3919611E-03   8.0709628E+06   8.0709628E+06   1.5073087E+04   1.1017401E+02   4.9937426E+05   8.0446381E+06   8.0709628E+06   0.0000000E+00   0.0000000E+00   0.0000000E+00   0.0000000E+00   0.0000000E+00
   1.0537954E-02   7.8162254E+06   7.8162254E+06   1.1211553E+04   8.8790903E+01   4.3270726E+05   7.7897903E+06   7.8162254E+06   0.0000000E+00   0.0000000E+00   0.0000000E+00   0.0000000E+00   0.0000000E+00
   1.1823779E-02   7.5387467E+06   7.5387467E+06   8.1107892E+03   7.0955040E+01   3.7313208E+05   7.5124001E+06   7.5387467E+06   0.0000000E+00   0.0000000E+00   0.0000000E+00   0.0000000E+00   0.0000000E+00
   1.3266498E-02   7.2375697E+06   7.2375697E+06   6.6974642E+03   5.6271158E+01   3.1751823E+05   7.2115262E+06   7.2375697E+06   0.0000000E+00   0.0000000E+00   0.0000000E+00   0.0000000E+00   0.0000000E+00
   1.4885255E-02   6.9119245E+06   6.9119245E+06   4.8322512E+03   4.4206698E+01   2.6858076E+05   6.8863948E+06   6.9119245E+06   0.0000000E+00   0.0000000E+00   0.0000000E+00   0.0000000E+00   0.0000000E+00
   1.6701531E-02   6.5614060E+06   6.5614060E+06   3.5886538E+03   3.4422432E+01   2.2428782E+05   6.5366032E+06   6.5614060E+06   0.0000000E+00   0.0000000E+00   0.0000000E+00   0.0000000E+00   0.0000000E+00
   1.8739426E-02   6.1862534E+06   6.1862534E+06   2.7511682E+03   2.6535766E+01   1.8551161E+05   6.1623858E+06   6.1862534E+06   0.0000000E+00   0.0000000E+00   0.0000000E+00   0.0000000E+00   0.0000000E+00
   2.1025981E-02   5.7877648E+06   5.7877648E+06   2.0267558E+03   2.0238814E+01   1.5161754E+05   5.7650308E+06   5.7877648E+06   0.0000000E+00   0.0000000E+00   0.0000000E+00   0.0000000E+00   0.0000000E+00
   2.3591515E-02   5.3688625E+06   5.3688625E+06   1.5351249E+03   1.5262976E+01   1.2284325E+05   5.3474414E+06   5.3688625E+06   0.0000000E+00   0.0000000E+00   0.0000000E+00   0.0000000E+00   0.0000000E+00
   2.6469777E-02   4.9348025E+06   4.9348025E+06   1.1276460E+03   1.1376342E+01   9.8413306E+04   4.9148434E+06   4.9348025E+06   0.0000000E+00   0.0000000E+00   0.0000000E+00   0.0000000E+00   0.0000000E+00
   2.9696307E-02   4.4940846E+06   4.4940846E+06   7.7242156E+02   8.3829682E+00   7.8000802E+04   4.4756926E+06   4.4940846E+06   0.0000000E+00   0.0000000E+00   0.0000000E+00   0.0000000E+00   0.0000000E+00
   3.3297505E-02   4.0599032E+06   4.0599032E+06   5.8259133E+02   6.1199059E+00   6.1424594E+04   4.0431198E+06   4.0599032E+06   0.0000000E+00   0.0000000E+00   0.0000000E+00   0.0000000E+00   0.0000000E+00
   3.7251094E-02   3.6522389E+06   3.6522389E+06   4.1224648E+02   4.4580035E+00   4.8308251E+04   3.6370119E+06   3.6522389E+06   0.0000000E+00   0.0000000E+00   0.0000000E+00   0.0000000E+00   0.0000000E+00
   4.1413906E-02   3.2967576E+06   3.2967576E+06   2.8704737E+02   3.2902436E+00   3.8564103E+04   3.2829175E+06   3.2967576E+06   0.0000000E+00   0.0000000E+00   0.0000000E+00   0.0000000E+00   0.0000000E+00
   4.5525600E-02   3.0121501E+06   3.0121501E+06   2.2447597E+02   2.5070169E+00   3.1649568E+04   2.9994371E+06   3.0121501E+06   0.0000000E+00   0.0000000E+00   0.0000000E+00   0.0000000E+00   0.0000000E+00
   4.9387658E-02   2.7956939E+06   2.7956939E+06   1.7647671E+02   1.9879482E+00   2.6795801E+04   2.7838466E+06   2.7956939E+06   0.0000000E+00   0.0000000E+00   0.0000000E+00   0.0000000E+00   0.0000000E+00
   5.2967249E-02   2.6302790E+06   2.6302790E+06   1.4134547E+02   1.6322822E+00   2.3286679E+04   2.6190980E+06   2.6302790E+06   0.0000000E+00   0.0000000E+00   0.0000000E+00   0.0000000E+00   0.0000000E+00
   5.6318195E-02   2.4987816E+06   2.4987816E+06   1.2388590E+02   1.3755606E+00   2.0729398E+04   2.4881334E+06   2.4987816E+06   0.0000000E+00   0.0000000E+00   0.0000000E+00   0.0000000E+00   0.0000000E+00
   5.9505773E-02   2.3888190E+06   2.3888190E+06   1.0371958E+02   1.1805610E+00   1.8693943E+04   2.3786186E+06   2.3888190E+06   0.0000000E+00   0.0000000E+00   0.0000000E+00   0.0000000E+00   0.0000000E+00
   6.2583763E-02   2.2921147E+06   2.2921147E+06   9.0769307E+01   1.0260845E+00   1.7056436E+04   2.2823106E+06   2.2921147E+06   0.0000000E+00   0.0000000E+00   0.0000000E+00   0.0000000E+00   0.0000000E+00
   6.5592900E-02   2.2031756E+06   2.2031756E+06   8.0880146E+01   8.9947942E-01   1.5640399E+04   2.1937379E+06   2.2031756E+06   0.0000000E+00   0.0000000E+00   0.0000000E+00   0.0000000E+00   0.0000000E+00
   6.8563812E-02   2.1183600E+06   2.1183600E+06   7.1762281E+01   7.9291323E-01   1.4395687E+04   2.1092739E+06   2.1183600E+06   0.0000000E+00   0.0000000E+00   0.0000000E+00   0.0000000E+00   0.0000000E+00
   7.1519949E-02   2.0353209E+06   2.0353209E+06   6.3483306E+01   7.0141771E-01   1.3281922E+04   2.0265809E+06   2.0353209E+06   0.0000000E+00   0.0000000E+00   0.0000000E+00   0.0000000E+00   0.0000000E+00
   7.4479741E-02   1.9526783E+06   1.9526783E+06   5.6001031E+01   6.2165895E-01   1.2267067E+04   1.9442845E+06   1.9526783E+06   0.0000000E+00   0.0000000E+00   0.0000000E+00   0.0000000E+00   0.0000000E+00
   7.7458096E-02   1.8698160E+06   1.8698160E+06   4.9080443E+01   5.5141537E-01   1.1333028E+04   1.8617707E+06   1.8698160E+06   0.0000000E+00   0.0000000E+00   0.0000000E+00   0.0000000E+00   0.0000000E+00
   8.0467419E-02   1.7867394E+06   1.7867394E+06   4.2535158E+01   4.8920536E-01   1.0471861E+04   1.7790450E+06   1.7867394E+06   0.0000000E+00   0.0000000E+00   0.0000000E+00   0.0000000E+00   0.0000000E+00
   8.3518315E-02   1.7039578E+06   1.7039578E+06   3.6649777E+01   4.3394287E-01   9.6836460E+03   1.6966141E+06   1.7039578E+06   0.0000000E+00   0.0000000E+00   0.0000000E+00   0.0000000E+00   0.0000000E+00
   8.6620078E-02   1.6223672E+06   1.6223672E+06   3.2510723E+01   3.8484544E-01   8.9654994E+03   1.6153701E+06   1.6223672E+06   0.0000000E+00   0.0000000E+00   0.0000000E+00   0.0000000E+00   0.0000000E+00
   8.9781043E-02   1.5431234E+06   1.5431234E+06   3.0181996E+01   3.4137921E-01   8.2866472E+03   1.5364636E+06   1.5431234E+06   0.0000000E+00   0.0000000E+00   0.0000000E+00   0.0000000E+00   0.0000000E+00
   9.3008836E-02   1.4674996E+06   1.4674996E+06   2.6280711E+01   3.0304413E-01   7.6469500E+03   1.4611622E+06   1.4674996E+06   0.0000000E+00   0.0000000E+00   0.0000000E+00   0.0000000E+00   0.0000000E+00
   9.6310557E-02   1.3967307E+06   1.3967307E+06   2.3081113E+01   2.6940308E-01   7.1061991E+03   1.3906954E+06   1.3967307E+06   0.0000000E+00   0.0000000E+00   0.0000000E+00   0.0000000E+00   0.0000000E+00
   9.9692920E-02   1.3318522E+06   1.3318522E+06   2.0591108E+01   2.4005678E-01   6.5977827E+03   1.3260941E+06   1.3318522E+06   0.0000000E+00   0.0000000E+00   0.0000000E+00   0.0000000E+00   0.0000000E+00
   1.0316235E-01   1.2735466E+06   1.2735466E+06   1.8679267E+01   2.1456323E-01   6.1572198E+03   1.2680377E+06   1.2735466E+06   0.0000000E+00   0.0000000E+00   0.0000000E+00   0.0000000E+00   0.0000000E+00
   1.0672508E-01   1.2220156E+06   1.2220156E+06   1.6745037E+01   1.9246590E-01   5.7828005E+03   1.2167271E+06   1.2220156E+06   0.0000000E+00   0.0000000E+00   0.0000000E+00   0.0000000E+00   0.0000000E+00
   1.1038719E-01   1.1768998E+06   1.1768998E+06   1.4523274E+01   1.7330529E-01   5.4439604E+03   1.1718043E+06   1.1768998E+06   0.0000000E+00   0.0000000E+00   0.0000000E+00   0.0000000E+00   0.0000000E+00
   1.1415464E-01   1.1372639E+06   1.1372639E+06   1.3072997E+01   1.5658676E-01   5.1439738E+03   1.1323380E+06   1.1372639E+06   0.0000000E+00   0.0000000E+00   0.0000000E+00   0.0000000E+00   0.0000000E+00
   1.1803337E-01   1.1016669E+06   1.1016669E+06   1.1862192E+01   1.4184866E-01   4.8816518E+03   1.0968932E+06   1.1016669E+06   0.0000000E+00   0.0000000E+00   0.0000000E+00   0.0000000E+00   0.0000000E+00
   1.2202924E-01   1.0683197E+06   1.0683197E+06   1.0847465E+01   1.2866360E-01   4.6457180E+03   1.0636888E+06   1.0683197E+06   0.0000000E+00   0.0000000E+00   0.0000000E+00   0.0000000E+00   0.0000000E+00
   1.2614813E-01   1.0353264E+06   1.0353264E+06   1.0212391E+01   1.1666701E-01   4.4176557E+03   1.0308370E+06   1.0353264E+06   0.0000000E+00   0.0000000E+00   0.0000000E+00   0.0000000E+00   0.0000000E+00
   1.3039588E-01   1.0009782E+06   1.0009782E+06   9.0374252E+00   1.0558051E-01   4.1860830E+03   9.9663628E+05   1.0009782E+06   0.0000000E+00   0.0000000E+00   0.0000000E+00   0.0000000E+00   0.0000000E+00
   1.3477839E-01   9.6405853E+05   9.6405853E+05   8.2778934E+00   9.5220834E-02   3.9688657E+03   9.5987544E+05   9.6405853E+05   0.0000000E+00   0.0000000E+00   0.0000000E+00   0.0000000E+00   0.0000000E+00
   1.3930154E-01   9.2409592E+05   9.2409592E+05   7.3221910E+00   8.5509087E-02   3.7399246E+03   9.2008505E+05   9.2409592E+05   0.0000000E+00   0.0000000E+00   0.0000000E+00   0.0000000E+00   0.0000000E+00
   1.4397127E-01   8.8150022E+05   8.8150022E+05   6.5440651E+00   7.6443721E-02   3.5117598E+03   8.7767317E+05   8.8150022E+05   0.0000000E+00   0.0000000E+00   0.0000000E+00   0.0000000E+00   0.0000000E+00
   1.4879354E-01   8.3752560E+05   8.3752560E+05   5.7905007E+00   6.8084591E-02   3.2863889E+03   8.3388852E+05   8.3752560E+05   0.0000000E+00   0.0000000E+00   0.0000000E+00   0.0000000E+00   0.0000000E+00
   1.5377436E-01   7.9403409E+05   7.9403409E+05   5.2370421E+00   6.0512295E-02   3.0697250E+03   7.9058503E+05   7.9403409E+05   0.0000000E+00   0.0000000E+00   0.0000000E+00   0.0000000E+00   0.0000000E+00
   1.5891980E-01   7.5308025E+05   7.5308025E+05   4.6528253E+00   5.3794001E-02   2.8661804E+03   7.4980833E+05   7.5308025E+05   0.0000000E+00   0.0000000E+00   0.0000000E+00   0.0000000E+00   0.0000000E+00
   1.6423597E-01   7.1639441E+05   7.1639441E+05   4.0480731E+00   4.7948670E-02   2.6939064E+03   7.1328120E+05   7.1639441E+05   0.0000000E+00   0.0000000E+00   0.0000000E+00   0.0000000E+00   0.0000000E+00
   1.6972907E-01   6.8489323E+05   6.8489323E+05   3.6213702E+00   4.2931446E-02   2.5389126E+03   6.8191630E+05   6.8489323E+05   0.0000000E+00   0.0000000E+00   0.0000000E+00   0.0000000E+00   0.0000000E+00
   1.7540537E-01   6.5837037E+05   6.5837037E+05   3.2918270E+00   3.8632516E-02   2.4111277E+03   6.5550817E+05   6.5837037E+05   0.0000000E+00   0.0000000E+00   0.0000000E+00   0.0000000E+00   0.0000000E+00
   1.8127124E-01   6.3549824E+05   6.3549824E+05   2.9698924E+00   3.4898352E-02   2.3018918E+03   6.3273496E+05   6.3549824E+05   0.0000000E+00   0.0000000E+00   0.0000000E+00   0.0000000E+00   0.0000000E+00
   1.8733317E-01   6.1419371E+05   6.1419371E+05   2.7404626E+00   3.1565332E-02   2.1998574E+03   6.1152262E+05   6.1419371E+05   0.0000000E+00   0.0000000E+00   0.0000000E+00   0.0000000E+00   0.0000000E+00
   1.9359780E-01   5.9227836E+05   5.9227836E+05   2.4005335E+00   2.8494148E-02   2.0979463E+03   5.8970216E+05   5.9227836E+05   0.0000000E+00   0.0000000E+00   0.0000000E+00   0.0000000E+00   0.0000000E+00
   2.0007191E-01   5.6823289E+05   5.6823289E+05   2.2132977E+00   2.5601252E-02   1.9922957E+03   5.6576089E+05   5.6823289E+05   0.0000000E+00   0.0000000E+00   0.0000000E+00   0.0000000E+00   0.0000000E+00
   2.0676253E-01   5.4176303E+05   5.4176303E+05   1.9822753E+00   2.2868729E-02   1.8816799E+03   5.3940585E+05   5.4176303E+05   0.0000000E+00   0.0000000E+00   0.0000000E+00   0.0000000E+00   0.0000000E+00
   2.1367691E-01   5.1391573E+05   5.1391573E+05   1.7356342E+00   2.0330505E-02   1.7680993E+03   5.1167940E+05   5.1391573E+05   0.0000000E+00   0.0000000E+00   0.0000000E+00   0.0000000E+00   0.0000000E+00
   2.2082260E-01   4.8663458E+05   4.8663458E+05   1.5434776E+00   1.8041740E-02   1.6604777E+03   4.8451670E+05   4.8663458E+05   0.0000000E+00   0.0000000E+00   0.0000000E+00   0.0000000E+00   0.0000000E+00
   2.2820753E-01   4.6188892E+05   4.6188892E+05   1.3564987E+00   1.6043123E-02   1.5633689E+03   4.5987849E+05   4.6188892E+05   0.0000000E+00   0.0000000E+00   0.0000000E+00   0.0000000E+00   0.0000000E+00
   2.3584002E-01   4.4074747E+05   4.4074747E+05   1.2067150E+00   1.4335308E-02   1.4797323E+03   4.3882884E+05   4.4074747E+05   0.0000000E+00   0.0000000E+00   0.0000000E+00   0.0000000E+00   0.0000000E+00
   2.4372892E-01   4.2286173E+05   4.2286173E+05   1.0912935E+00   1.2873623E-02   1.4094997E+03   4.2102077E+05   4.2286173E+05   0.0000000E+00   0.0000000E+00   0.0000000E+00   0.0000000E+00   0.0000000E+00
   2.5188366E-01   4.0667516E+05   4.0667516E+05   9.9302881E-01   1.1587367E-02   1.3452169E+03   4.0490449E+05   4.0667516E+05   0.0000000E+00   0.0000000E+00   0.0000000E+00   0.0000000E+00   0.0000000E+00
   2.6031438E-01   3.9030421E+05   3.9030421E+05   8.8876265E-01   1.0410315E-02   1.2826642E+03   3.8860466E+05   3.9030421E+05   0.0000000E+00   0.0000000E+00   0.0000000E+00   0.0000000E+00   0.0000000E+00
   2.6903201E-01   3.7262186E+05   3.7262186E+05   7.9210795E-01   9.3071465E-03   1.2165744E+03   3.7099916E+05   3.7262186E+05   0.0000000E+00   0.0000000E+00   0.0000000E+00   0.0000000E+00   0.0000000E+00
   2.7804846E-01   3.5388118E+05   3.5388118E+05   7.0037975E-01   8.2794974E-03   1.1488587E+03   3.5233997E+05   3.5388118E+05   0.0000000E+00   0.0000000E+00   0.0000000E+00   0.0000000E+00   0.0000000E+00
   2.8737676E-01   3.3544198E+05   3.3544198E+05   6.2602502E-01   7.3513609E-03   1.0824221E+03   3.3398096E+05   3.3544198E+05   0.0000000E+00   0.0000000E+00   0.0000000E+00   0.0000000E+00   0.0000000E+00
   2.9703121E-01   3.1874526E+05   3.1874526E+05   5.5570735E-01   6.5405151E-03   1.0231639E+03   3.1735686E+05   3.1874526E+05   0.0000000E+00   0.0000000E+00   0.0000000E+00   0.0000000E+00   0.0000000E+00
   3.0702767E-01   3.0425403E+05   3.0425403E+05   4.9988074E-01   5.8426112E-03   9.7174566E+02   3.0292866E+05   3.0425403E+05   0.0000000E+00   0.0000000E+00   0.0000000E+00   0.0000000E+00   0.0000000E+00
   3.1738376E-01   2.9117500E+05   2.9117500E+05   4.4426472E-01   5.2312586E-03   9.2558708E+02   2.8990652E+05   2.9117500E+05   0.0000000E+00   0.0000000E+00   0.0000000E+00   0.0000000E+00   0.0000000E+00
   3.2811919E-01   2.7820350E+05   2.7820350E+05   3.9889860E-01   4.6761799E-03   8.8025997E+02   2.7699145E+05   2.7820350E+05   0.0000000E+00   0.0000000E+00   0.0000000E+00   0.0000000E+00   0.0000000E+00
   3.3925612E-01   2.6466429E+05   2.6466429E+05   3.5392522E-01   4.1622842E-03   8.3371988E+02   2.6351116E+05   2.6466429E+05   0.0000000E+00   0.0000000E+00   0.0000000E+00   0.0000000E+00   0.0000000E+00
   3.5081960E-01   2.5101459E+05   2.5101459E+05   3.1382788E-01   3.6930192E-03   7.8750519E+02   2.4992087E+05   2.5101459E+05   0.0000000E+00   0.0000000E+00   0.0000000E+00   0.0000000E+00   0.0000000E+00
   3.6283813E-01   2.3823162E+05   2.3823162E+05   2.7948917E-01   3.2772446E-03   7.4431056E+02   2.3719354E+05   2.3823162E+05   0.0000000E+00   0.0000000E+00   0.0000000E+00   0.0000000E+00   0.0000000E+00
   3.7534429E-01   2.2672617E+05   2.2672617E+05   2.4808564E-01   2.9144142E-03   7.0580822E+02   2.2573818E+05   2.2672617E+05   0.0000000E+00   0.0000000E+00   0.0000000E+00   0.0000000E+00   0.0000000E+00
   3.8837561E-01   2.1596498E+05   2.1596498E+05   2.2107400E-01   2.5927678E-03   6.6996763E+02   2.1502384E+05   2.1596498E+05   0.0000000E+00   0.0000000E+00   0.0000000E+00   0.0000000E+00   0.0000000E+00
   4.0197555E-01   2.0520707E+05   2.0520707E+05   1.9605744E-01   2.2997872E-03   6.3459490E+02   2.0431277E+05   2.0520707E+05   0.0000000E+00   0.0000000E+00   0.0000000E+00   0.0000000E+00   0.0000000E+00
   4.1619488E-01   1.9440650E+05   1.9440650E+05   1.7297265E-01   2.0328668E-03   5.9928123E+02   1.9355924E+05   1.9440650E+05   0.0000000E+00   0.0000000E+00   0.0000000E+00   0.0000000E+00   0.0000000E+00
   4.3109333E-01   1.8410426E+05   1.8410426E+05   1.5238211E-01   1.7946295E-03   5.6581415E+02   1.8330186E+05   1.8410426E+05   0.0000000E+00   0.0000000E+00   0.0000000E+00   0.0000000E+00   0.0000000E+00
   4.4674183E-01   1.7452917E+05   1.7452917E+05   1.3475157E-01   1.5841633E-03   5.3485661E+02   1.7376848E+05   1.7452917E+05   0.0000000E+00   0.0000000E+00   0.0000000E+00   0.0000000E+00   0.0000000E+00
   4.6322541E-01   1.6529677E+05   1.6529677E+05   1.1863988E-01   1.3954980E-03   5.0520715E+02   1.6457629E+05   1.6529677E+05   0.0000000E+00   0.0000000E+00   0.0000000E+00   0.0000000E+00   0.0000000E+00
   4.8064713E-01   1.5612149E+05   1.5612149E+05   1.0408271E-01   1.2243696E-03   4.7592326E+02   1.5544098E+05   1.5612149E+05   0.0000000E+00   0.0000000E+00   0.0000000E+00   0.0000000E+00   0.0000000E+00
   4.9913337E-01   1.4722574E+05   1.4722574E+05   9.1011702E-02   1.0707147E-03   4.4771954E+02   1.4658399E+05   1.4722574E+05   0.0000000E+00   0.0000000E+00   0.0000000E+00   0.0000000E+00   0.0000000E+00
   5.1884122E-01   1.3874634E+05   1.3874634E+05   7.9396436E-02   9.3387789E-04   4.2093058E+02   1.3814153E+05   1.3874634E+05   0.0000000E+00   0.0000000E+00   0.0000000E+00   0.0000000E+00   0.0000000E+00
   5.3996884E-01   1.3044561E+05   1.3044561E+05   6.8897418E-02   8.1067703E-04   3.9486124E+02   1.2987697E+05   1.3044561E+05   0.0000000E+00   0.0000000E+00   0.0000000E+00   0.0000000E+00   0.0000000E+00
   5.6277036E-01   1.2226928E+05   1.2226928E+05   5.9471089E-02   6.9959809E-04   3.6928873E+02   1.2173626E+05   1.2226928E+05   0.0000000E+00   0.0000000E+00   0.0000000E+00   0.0000000E+00   0.0000000E+00
   5.8757766E-01   1.1432140E+05   1.1432140E+05   5.0995654E-02   6.0008684E-04   3.4457863E+02   1.1382302E+05   1.1432140E+05   0.0000000E+00   0.0000000E+00   0.0000000E+00   0.0000000E+00   0.0000000E+00
   6.1483300E-01   1.0647425E+05   1.0647425E+05   4.3373954E-02   5.1045204E-04   3.2028877E+02   1.0601007E+05   1.0647425E+05   0.0000000E+00   0.0000000E+00   0.0000000E+00   0.0000000E+00   0.0000000E+00
   6.4513854E-01   9.8696527E+04   9.8696527E+04   3.6518515E-02   4.2977566E-04   2.9630995E+02   9.8266239E+04   9.8696527E+04   0.0000000E+00   0.0000000E+00   0.0000000E+00   0.0000000E+00   0.0000000E+00
   6.7933255E-01   9.0959991E+04   9.0959991E+04   3.0354468E-02   3.5723720E-04   2.7255240E+02   9.0563423E+04   9.0959991E+04   0.0000000E+00   0.0000000E+00   0.0000000E+00   0.0000000E+00   0.0000000E+00
   7.1860640E-01   8.3188036E+04   8.3188036E+04   2.4807918E-02   2.9199384E-04   2.4879553E+02   8.2825343E+04   8.3188036E+04   0.0000000E+00   0.0000000E+00   0.0000000E+00   0.0000000E+00   0.0000000E+00
   7.6467725E-01   7.5333212E+04   7.5333212E+04   1.9838838E-02   2.3353463E-04   2.2488692E+02   7.5004758E+04   7.5333212E+04   0.0000000E+00   0.0000000E+00   0.0000000E+00   0.0000000E+00   0.0000000E+00
   8.2001011E-01   6.7345884E+04   6.7345884E+04   1.5422272E-02   1.8155944E-04   2.0066879E+02   6.7052248E+04   6.7345884E+04   0.0000000E+00   0.0000000E+00   0.0000000E+00   0.0000000E+00   0.0000000E+00
   8.8797992E-01   5.9225798E+04   5.9225798E+04   1.1565644E-02   1.3616693E-04   1.7615393E+02   5.8967561E+04   5.9225798E+04   0.0000000E+00   0.0000000E+00   0.0000000E+00   0.0000000E+00   0.0000000E+00
   9.7258139E-01   5.1092408E+04   5.1092408E+04   8.3168304E-03   9.7924466E-05   1.5169786E+02   5.0869629E+04   5.1092408E+04   0.0000000E+00   0.0000000E+00   0.0000000E+00   0.0000000E+00   0.0000000E+00
   1.0770764E+00   4.3245920E+04   4.3245920E+04   5.7393981E-03   6.7588654E-05   1.2818917E+02   4.3057350E+04   4.3245920E+04   0.0000000E+00   0.0000000E+00   0.0000000E+00   0.0000000E+00   0.0000000E+00
   1.2022367E+00   3.6091356E+04   3.6091356E+04   3.8449845E-03   4.5276137E-05   1.0682848E+02   3.5933980E+04   3.6091356E+04   0.0000000E+00   0.0000000E+00   0.0000000E+00   0.0000000E+00   0.0000000E+00
   1.3469739E+00   2.9897721E+04   2.9897721E+04   2.5372202E-03   2.9881501E-05   8.8390283E+01   2.9767351E+04   2.9897721E+04   0.0000000E+00   0.0000000E+00   0.0000000E+00   0.0000000E+00   0.0000000E+00
   1.5108961E+00   2.4688367E+04   2.4688367E+04   1.6651157E-03   1.9612933E-05   7.2918040E+01   2.4580711E+04   2.4688367E+04   0.0000000E+00   0.0000000E+00   0.0000000E+00   0.0000000E+00   0.0000000E+00
   1.6951854E+00   2.0353926E+04   2.0353926E+04   1.0904951E-03   1.2846117E-05   6.0069909E+01   2.0265170E+04   2.0353926E+04   0.0000000E+00   0.0000000E+00   0.0000000E+00   0.0000000E+00   0.0000000E+00
   1.9020220E+00   1.6760446E+04   1.6760446E+04   7.1334367E-04   8.4035880E-06   4.9433779E+01   1.6687359E+04   1.6760446E+04   0.0000000E+00   0.0000000E+00   0.0000000E+00   0.0000000E+00   0.0000000E+00
   2.1341032E+00   1.3786443E+04   1.3786443E+04   4.6599448E-04   5.4915117E-06   4.0642069E+01   1.3726324E+04   1.3786443E+04   0.0000000E+00   0.0000000E+00   0.0000000E+00   0.0000000E+00   0.0000000E+00
   2.3945031E+00   1.1328528E+04   1.1328528E+04   3.0422788E-04   3.5849661E-06   3.3383169E+01   1.1279127E+04   1.1328528E+04   0.0000000E+00   0.0000000E+00   0.0000000E+00   0.0000000E+00   0.0000000E+00
   2.6866767E+00   9.2997468E+03   9.2997468E+03   1.9836394E-04   2.3381642E-06   2.7395848E+01   9.2591930E+03   9.2997468E+03   0.0000000E+00   0.0000000E+00   0.0000000E+00   0.0000000E+00   0.0000000E+00
   3.0145009E+00   7.6272031E+03   7.6272031E+03   1.2922378E-04   1.5236216E-06   2.2463404E+01   7.5939427E+03   7.6272031E+03   0.0000000E+00   0.0000000E+00   0.0000000E+00   0.0000000E+00   0.0000000E+00
   3.3823256E+00   6.2499328E+03   6.2499328E+03   8.4124273E-05   9.9203682E-07   1.8403430E+01   6.2226782E+03   6.2499328E+03   0.0000000E+00   0.0000000E+00   0.0000000E+00   0.0000000E+00   0.0000000E+00
   3.7950317E+00   5.1170430E+03   5.1170430E+03   5.4703243E-05   6.4542696E-07   1.5065300E+01   5.0947287E+03   5.1170430E+03   0.0000000E+00   0.0000000E+00   0.0000000E+00   0.0000000E+00   0.0000000E+00
   4.2580956E+00   4.1861357E+03   4.1861357E+03   3.5541841E-05   4.1962615E-07   1.2322807E+01   4.1678809E+03   4.1861357E+03   0.0000000E+00   0.0000000E+00   0.0000000E+00   0.0000000E+00   0.0000000E+00
   4.7776619E+00   3.4219515E+03   3.4219515E+03   2.3081749E-05   2.7264481E-07   1.0072295E+01   3.4070290E+03   3.4219515E+03   0.0000000E+00   0.0000000E+00   0.0000000E+00   0.0000000E+00   0.0000000E+00
   5.3606248E+00   2.7952168E+03   2.7952168E+03   1.4975539E-05   1.7704624E-07   8.2268474E+00   2.7830274E+03   2.7952168E+03   0.0000000E+00   0.0000000E+00   0.0000000E+00   0.0000000E+00   0.0000000E+00
   6.0147200E+00   2.2816667E+03   2.2816667E+03   9.7081071E-06   1.1491003E-07   6.7149581E+00   2.2717168E+03   2.2816667E+03   0.0000000E+00   0.0000000E+00   0.0000000E+00   0.0000000E+00   0.0000000E+00
   6.7486268E+00   1.8612171E+03   1.8612171E+03   6.2926028E-06   7.4550588E-08   5.4772350E+00   1.8531007E+03   1.8612171E+03   0.0000000E+00   0.0000000E+00   0.0000000E+00   0.0000000E+00   0.0000000E+00
   7.5720838E+00   1.5172679E+03   1.5172679E+03   4.0744281E-06   4.8350975E-08   4.4648656E+00   1.5106514E+03   1.5172679E+03   0.0000000E+00   0.0000000E+00   0.0000000E+00   0.0000000E+00   0.0000000E+00
   8.4960178E+00   1.2361165E+03   1.2361165E+03   2.6364314E-06   3.1352282E-08   3.6373489E+00   1.2307261E+03   1.2361165E+03   0.0000000E+00   0.0000000E+00   0.0000000E+00   0.0000000E+00   0.0000000E+00
