#           k/h    CDM            baryon         photon         nu             mass_nu        total          no_nu          total_de       Weyl           v_CDM          v_b            v_b-v_c     
   1.0537954E-05   4.6424226E+06   4.6424226E+06   6.1892214E+06   1.1572398E+04   1.8336008E+05   4.6426027E+06   4.6424226E+06   0.0000000E+00   0.0000000E+00   0.0000000E+00   0.0000000E+00   0.0000000E+00
   1.1823779E-05   4.6424213E+06   4.6424213E+06   6.1890449E+06   1.1572195E+04   1.8335741E+05   4.6426013E+06   4.6424213E+06   0.0000000E+00   0.0000000E+00   0.0000000E+00   0.0000000E+00   0.0000000E+00
   1.3266498E-05   4.6424198E+06   4.6424198E+06   6.1888227E+06   1.1571940E+04   1.8335406E+05   4.6425996E+06   4.6424198E+06   0.0000000E+00   0.0000000E+00   0.0000000E+00   0.0000000E+00   0.0000000E+00
   1.4885255E-05   4.6424178E+06   4.6424178E+06   6.1885430E+06   1.1571618E+04   1.8334985E+05   4.6425975E+06   4.6424178E+06   0.0000000E+00   0.0000000E+00   0.0000000E+00   0.0000000E+00   0.0000000E+00
   1.6701531E-05   4.6424154E+06   4.6424154E+06   6.1881909E+06   1.1571212E+04   1.8334454E+05   4.6425948E+06   4.6424154E+06   0.0000000E+00   0.0000000E+00   0.0000000E+00   0.0000000E+00   0.0000000E+00
   1.8739426E-05   4.6424123E+06   4.6424123E+06   6.1877476E+06   1.1570702E+04   1.8333785E+05   4.6425915E+06   4.6424123E+06   0.0000000E+00   0.0000000E+00   0.0000000E+00   0.0000000E+00   0.0000000E+00
   2.1025982E-05   4.6424084E+06   4.6424084E+06   6.1871897E+06   1.1570059E+04   1.8332944E+05   4.6425872E+06   4.6424084E+06   0.0000000E+00   0.0000000E+00   0.0000000E+00   0.0000000E+00   0.0000000E+00
   2.3591540E-05   4.6424035E+06   4.6424035E+06   6.1864873E+06   1.1569251E+04   1.8331885E+05   4.6425819E+06   4.6424035E+06   0.0000000E+00   0.0000000E+00   0.0000000E+00   0.0000000E+00   0.0000000E+00
   2.6470143E-05   4.6423974E+06   4.6423974E+06   6.1856031E+06   1.1568233E+04   1.8330553E+05   4.6425752E+06   4.6423974E+06   0.0000000E+00   0.0000000E+00   0.0000000E+00   0.0000000E+00   0.0000000E+00
   2.9699989E-05   4.6423896E+06   4.6423896E+06   6.1844902E+06   1.1566951E+04   1.8328875E+05   4.6425668E+06   4.6423896E+06   0.0000000E+00   0.0000000E+00   0.0000000E+00   0.0000000E+00   0.0000000E+00
   3.3323936E-05   4.6423799E+06   4.6423799E+06   6.1830894E+06   1.1565338E+04   1.8326764E+05   4.6425561E+06   4.6423799E+06   0.0000000E+00   0.0000000E+00   0.0000000E+00   0.0000000E+00   0.0000000E+00
   3.7390071E-05   4.6423676E+06   4.6423676E+06   6.1813264E+06   1.1563308E+04   1.8324108E+05   4.6425427E+06   4.6423676E+06   0.0000000E+00   0.0000000E+00   0.0000000E+00   0.0000000E+00   0.0000000E+00
   4.1952349E-05   4.6423521E+06   4.6423521E+06   6.1791075E+06   1.1560753E+04   1.8320765E+05   4.6425259E+06   4.6423521E+06   0.0000000E+00   0.0000000E+00   0.0000000E+00   0.0000000E+00   0.0000000E+00
   4.7071310E-05   4.6423326E+06   4.6423326E+06   6.1763152E+06   1.1557537E+04   1.8316560E+05   4.6425046E+06   4.6423326E+06   0.0000000E+00   0.0000000E+00   0.0000000E+00   0.0000000E+00   0.0000000E+00
   5.2814879E-05   4.6423081E+06   4.6423081E+06   6.1728015E+06   1.1553489E+04   1.8311270E+05   4.6424779E+06   4.6423081E+06   0.0000000E+00   0.0000000E+00   0.0000000E+00   0.0000000E+00   0.0000000E+00
   5.9259269E-05   4.6422773E+06   4.6422773E+06   6.1683808E+06   1.1548396E+04   1.8304618E+05   4.6424443E+06   4.6422773E+06   0.0000000E+00   0.0000000E+00   0.0000000E+00   0.0000000E+00   0.0000000E+00
   6.6489993E-05   4.6422385E+06   4.6422385E+06   6.1628197E+06   1.1541988E+04   1.8296254E+05   4.6424020E+06   4.6422385E+06   0.0000000E+00   0.0000000E+00   0.0000000E+00   0.0000000E+00   0.0000000E+00
   7.4602999E-05   4.6421896E+06   4.6421896E+06   6.1558254E+06   1.1533926E+04   1.8285742E+05   4.6423487E+06   4.6421896E+06   0.0000000E+00   0.0000000E+00   0.0000000E+00   0.0000000E+00   0.0000000E+00
   8.3705942E-05   4.6421281E+06   4.6421281E+06   6.1470309E+06   1.1523786E+04   1.8272536E+05   4.6422817E+06   4.6421281E+06   0.0000000E+00   0.0000000E+00   0.0000000E+00   0.0000000E+00   0.0000000E+00
   9.3919611E-05   4.6420507E+06   4.6420507E+06   6.1359761E+06   1.1511035E+04   1.8255954E+05   4.6421973E+06   4.6420507E+06   0.0000000E+00   0.0000000E+00   0.0000000E+00   0.0000000E+00   0.0000000E+00
   1.0537954E-04   4.6419533E+06   4.6419533E+06   6.1220858E+06   1.1495005E+04   1.8235149E+05   4.6420912E+06   4.6419533E+06   0.0000000E+00   0.0000000E+00   0.0000000E+00   0.0000000E+00   0.0000000E+00
   1.1823779E-04   4.6418308E+06   4.6418308E+06   6.1046413E+06   1.1474860E+04   1.8209066E+05   4.6419576E+06   4.6418308E+06   0.0000000E+00   0.0000000E+00   0.0000000E+00   0.0000000E+00   0.0000000E+00
   1.3266498E-04   4.6416766E+06   4.6416766E+06   6.0827469E+06   1.1449556E+04   1.8176403E+05   4.6417895E+06   4.6416766E+06   0.0000000E+00   0.0000000E+00   0.0000000E+00   0.0000000E+00   0.0000000E+00
   1.4885255E-04   4.6414827E+06   4.6414827E+06   6.0552894E+06   1.1417790E+04   1.8135555E+05   4.6415782E+06   4.6414827E+06   0.0000000E+00   0.0000000E+00   0.0000000E+00   0.0000000E+00   0.0000000E+00
   1.6701531E-04   4.6412389E+06   4.6412389E+06   6.0208897E+06   1.1377942E+04   1.8084561E+05   4.6413124E+06   4.6412389E+06   0.0000000E+00   0.0000000E+00   0.0000000E+00   0.0000000E+00   0.0000000E+00
   1.8739426E-04   4.6409323E+06   4.6409323E+06   5.9778467E+06   1.1328000E+04   1.8021040E+05   4.6409783E+06   4.6409323E+06   0.0000000E+00   0.0000000E+00   0.0000000E+00   0.0000000E+00   0.0000000E+00
   2.1025982E-04   4.6405470E+06   4.6405470E+06   5.9240741E+06   1.1265481E+04   1.7942134E+05   4.6405585E+06   4.6405470E+06   0.0000000E+00   0.0000000E+00   0.0000000E+00   0.0000000E+00   0.0000000E+00
   2.3591540E-04   4.6400630E+06   4.6400630E+06   5.8570318E+06   1.1187332E+04   1.7844460E+05   4.6400312E+06   4.6400630E+06   0.0000000E+00   0.0000000E+00   0.0000000E+00   0.0000000E+00   0.0000000E+00
   2.6470143E-04   4.6394553E+06   4.6394553E+06   5.7736562E+06   1.1089825E+04   1.7724092E+05   4.6393692E+06   4.6394553E+06   0.0000000E+00   0.0000000E+00   0.0000000E+00   0.0000000E+00   0.0000000E+00
   2.9699989E-04   4.6386928E+06   4.6386928E+06   5.6702988E+06   1.0968449E+04   1.7576595E+05   4.6385388E+06   4.6386928E+06   0.0000000E+00   0.0000000E+00   0.0000000E+00   0.0000000E+00   0.0000000E+00
   3.3323936E-04   4.6377370E+06   4.6377370E+06   5.5426867E+06   1.0817801E+04   1.7397151E+05   4.6374982E+06   4.6377370E+06   0.0000000E+00   0.0000000E+00   0.0000000E+00   0.0000000E+00   0.0000000E+00
   3.7390071E-04   4.6365401E+06   4.6365401E+06   5.3859310E+06   1.0631514E+04   1.7180843E+05   4.6361955E+06   4.6365401E+06   0.0000000E+00   0.0000000E+00   0.0000000E+00   0.0000000E+00   0.0000000E+00
   4.1952349E-04   4.6350432E+06   4.6350432E+06   5.1946179E+06   1.0402226E+04   1.6923155E+05   4.6345671E+06   4.6350432E+06   0.0000000E+00   0.0000000E+00   0.0000000E+00   0.0000000E+00   0.0000000E+00
   4.7071310E-04   4.6331744E+06   4.6331744E+06   4.9630397E+06   1.0121666E+04   1.6620807E+05   4.6325352E+06   4.6331744E+06   0.0000000E+00   0.0000000E+00   0.0000000E+00   0.0000000E+00   0.0000000E+00
   5.2814879E-04   4.6308459E+06   4.6308459E+06   4.6856361E+06   9.7809122E+03   1.6272996E+05   4.6300053E+06   4.6308459E+06   0.0000000E+00   0.0000000E+00   0.0000000E+00   0.0000000E+00   0.0000000E+00
   5.9259269E-04   4.6279519E+06   4.6279519E+06   4.3577405E+06   9.3709138E+03   1.5883094E+05   4.6268637E+06   4.6279519E+06   0.0000000E+00   0.0000000E+00   0.0000000E+00   0.0000000E+00   0.0000000E+00
   6.6489993E-04   4.6243659E+06   4.6243659E+06   3.9767245E+06   8.8834195E+03   1.5460718E+05   4.6229755E+06   4.6243659E+06   0.0000000E+00   0.0000000E+00   0.0000000E+00   0.0000000E+00   0.0000000E+00
   7.4602999E-04   4.6199387E+06   4.6199387E+06   3.5436045E+06   8.3124207E+03   1.5023748E+05   4.6181821E+06   4.6199387E+06   0.0000000E+00   0.0000000E+00   0.0000000E+00   0.0000000E+00   0.0000000E+00
   8.3705942E-04   4.6144970E+06   4.6144970E+06   3.0650684E+06   7.6562125E+03   1.4599347E+05   4.6123010E+06   4.6144970E+06   0.0000000E+00   0.0000000E+00   0.0000000E+00   0.0000000E+00   0.0000000E+00
   9.3919611E-04   4.6078424E+06   4.6078424E+06   2.5556421E+06   6.9200360E+03   1.4222149E+05   4.6051258E+06   4.6078424E+06   0.0000000E+00   0.0000000E+00   0.0000000E+00   0.0000000E+00   0.0000000E+00
   1.0537954E-03   4.5997525E+06   4.5997525E+06   2.0393078E+06   6.1189816E+03   1.3926950E+05   4.5964285E+06   4.5997525E+06   0.0000000E+00   0.0000000E+00   0.0000000E+00   0.0000000E+00   0.0000000E+00
   1.1823779E-03   4.5899825E+06   4.5899825E+06   1.5493047E+06   5.2803482E+03   1.3733030E+05   4.5859633E+06   4.5899825E+06   0.0000000E+00   0.0000000E+00   0.0000000E+00   0.0000000E+00   0.0000000E+00
   1.3266498E-03   4.5782670E+06   4.5782670E+06   1.1243214E+06   4.4439796E+03   1.3619722E+05   4.5734711E+06   4.5782670E+06   0.0000000E+00   0.0000000E+00   0.0000000E+00   0.0000000E+00   0.0000000E+00
   1.4885255E-03   4.5643216E+06   4.5643216E+06   7.9943015E+05   3.6585348E+03   1.3500603E+05   4.5586830E+06   4.5643216E+06   0.0000000E+00   0.0000000E+00   0.0000000E+00   0.0000000E+00   0.0000000E+00
   1.6701531E-03   4.5478399E+06   4.5478399E+06   5.9203786E+05   2.9719001E+03   1.3218238E+05   4.5413191E+06   4.5478399E+06   0.0000000E+00   0.0000000E+00   0.0000000E+00   0.0000000E+00   0.0000000E+00
   1.8739426E-03   4.5284872E+06   4.5284872E+06   4.8790124E+05   2.4161995E+03   1.2595548E+05   4.5210807E+06   4.5284872E+06   0.0000000E+00   0.0000000E+00   0.0000000E+00   0.0000000E+00   0.0000000E+00
   2.1025982E-03   4.5058920E+06   4.5058920E+06   4.3878876E+05   1.9929339E+03   1.1566862E+05   4.4976366E+06   4.5058920E+06   0.0000000E+00   0.0000000E+00   0.0000000E+00   0.0000000E+00   0.0000000E+00
   2.3591540E-03   4.4796429E+06   4.4796429E+06   3.8481587E+05   1.6697660E+03   1.0329136E+05   4.4706099E+06   4.4796429E+06   0.0000000E+00   0.0000000E+00   0.0000000E+00   0.0000000E+00   0.0000000E+00
   2.6470143E-03   4.4493011E+06   4.4493011E+06   2.9817781E+05   1.3997633E+03   9.3121807E+04   4.4395783E+06   4.4493011E+06   0.0000000E+00   0.0000000E+00   0.0000000E+00   0.0000000E+00   0.0000000E+00
   2.9699989E-03   4.4144249E+06   4.4144249E+06   2.0908597E+05   1.1562564E+03   8.7776010E+04   4.4040917E+06   4.4144249E+06   0.0000000E+00   0.0000000E+00   0.0000000E+00   0.0000000E+00   0.0000000E+00
   3.3323936E-03   4.3745818E+06   4.3745818E+06   1.6312525E+05   9.4829347E+02   8.3697586E+04   4.3636895E+06   4.3745818E+06   0.0000000E+00   0.0000000E+00   0.0000000E+00   0.0000000E+00   0.0000000E+00
   3.7390071E-03   4.3293216E+06   4.3293216E+06   1.4490688E+05   7.8813699E+02   7.5530795E+04   4.3178952E+06   4.3293216E+06   0.0000000E+00   0.0000000E+00   0.0000000E+00   0.0000000E+00   0.0000000E+00
   4.1952349E-03   4.2781428E+06   4.2781428E+06   1.0732378E+05   6.5627581E+02   6.6861755E+04   4.2662041E+06   4.2781428E+06   0.0000000E+00   0.0000000E+00   0.0000000E+00   0.0000000E+00   0.0000000E+00
   4.7071310E-03   4.2205217E+06   4.2205217E+06   7.4878552E+04   5.3548231E+02   6.2498966E+04   4.2081117E+06   4.2205217E+06   0.0000000E+00   0.0000000E+00   0.0000000E+00   0.0000000E+00   0.0000000E+00
   5.2814879E-03   4.1559535E+06   4.1559535E+06   6.6159312E+04   4.3806764E+02   5.5466024E+04   4.1431376E+06   4.1559535E+06   0.0000000E+00   0.0000000E+00   0.0000000E+00   0.0000000E+00   0.0000000E+00
   5.9259269E-03   4.0839266E+06   4.0839266E+06   4.4731549E+04   3.5679142E+02   4.9331764E+04   4.0707879E+06   4.0839266E+06   0.0000000E+00   0.0000000E+00   0.0000000E+00   0.0000000E+00   0.0000000E+00
   6.6489993E-03   4.0039329E+06   4.0039329E+06   3.9316370E+04   2.8817593E+02   4.4411280E+04   3.9905510E+06   4.0039329E+06   0.0000000E+00   0.0000000E+00   0.0000000E+00   0.0000000E+00   0.0000000E+00
   7.4602999E-03   3.9154590E+06   3.9154590E+06   2.7477285E+04   2.3308517E+02   3.8482674E+04   3.9018954E+06   3.9154590E+06   0.0000000E+00   0.0000000E+00   0.0000000E+00   0.0000000E+00   0.0000000E+00
   8.3705942E-03   3.8179885E+06   3.8179885E+06   2.4355300E+04   1.8652572E+02   3.3153449E+04   3.8043371E+06   3.8179885E+06   0.0000000E+00   0.0000000E+00   0.0000000E+00   0.0000000E+00   0.0000000E+00
   9.3919611E-03   3.7110182E+06   3.7110182E+06   1.7765798E+04   1.4854753E+02   2.9309656E+04   3.6973776E+06   3.7110182E+06   0.0000000E+00   0.0000000E+00   0.0000000E+00   0.0000000E+00   0.0000000E+00
   1.0537954E-02   3.5940504E+06   3.5940504E+06   1.2515946E+04   1.1759401E+02   2.4983619E+04   3.5804994E+06   3.5940504E+06   0.0000000E+00   0.0000000E+00   0.0000000E+00   0.0000000E+00   0.0000000E+00
   1.1823779E-02   3.4666002E+06   3.4666002E+06   9.6481618E+03   9.2605575E+01   2.1112268E+04   3.4532396E+06   3.4666002E+06   0.0000000E+00   0.0000000E+00   0.0000000E+00   0.0000000E+00   0.0000000E+00
   1.3266498E-02   3.3282285E+06   3.3282285E+06   7.4899925E+03   7.2279112E+01   1.7808071E+04   3.3151482E+06   3.3282285E+06   0.0000000E+00   0.0000000E+00   0.0000000E+00   0.0000000E+00   0.0000000E+00
   1.4885255E-02   3.1785826E+06   3.1785826E+06   5.5936195E+03   5.6022525E+01   1.5063014E+04   3.1658752E+06   3.1785826E+06   0.0000000E+00   0.0000000E+00   0.0000000E+00   0.0000000E+00   0.0000000E+00
   1.6701531E-02   3.0174769E+06   3.0174769E+06   4.4438257E+03   4.3034709E+01   1.2743930E+04   3.0052338E+06   3.0174769E+06   0.0000000E+00   0.0000000E+00   0.0000000E+00   0.0000000E+00   0.0000000E+00
   1.8739426E-02   2.8450232E+06   2.8450232E+06   3.4737946E+03   3.2826404E+01   1.0304808E+04   2.8333296E+06   2.8450232E+06   0.0000000E+00   0.0000000E+00   0.0000000E+00   0.0000000E+00   0.0000000E+00
   2.1025981E-02   2.6618199E+06   2.6618199E+06   2.4340130E+03   2.4774254E+01   8.6384008E+03   2.6507569E+06   2.6618199E+06   0.0000000E+00   0.0000000E+00   0.0000000E+00   0.0000000E+00   0.0000000E+00
   2.3591515E-02   2.4692128E+06   2.4692128E+06   1.7873769E+03   1.8529984E+01   6.9628558E+03   2.4588517E+06   2.4692128E+06   0.0000000E+00   0.0000000E+00   0.0000000E+00   0.0000000E+00   0.0000000E+00
   2.6469777E-02   2.2696208E+06   2.2696208E+06   1.3276710E+03   1.3707428E+01   5.6509163E+03   2.2600193E+06   2.2696208E+06   0.0000000E+00   0.0000000E+00   0.0000000E+00   0.0000000E+00   0.0000000E+00
   2.9696307E-02   2.0669551E+06   2.0669551E+06   9.5446822E+02   1.0036585E+01   4.5574565E+03   2.0581500E+06   2.0669551E+06   0.0000000E+00   0.0000000E+00   0.0000000E+00   0.0000000E+00   0.0000000E+00
   3.3297505E-02   1.8672859E+06   1.8672859E+06   6.9495328E+02   7.2824223E+00   3.7103409E+03   1.8592848E+06   1.8672859E+06   0.0000000E+00   0.0000000E+00   0.0000000E+00   0.0000000E+00   0.0000000E+00
   3.7251094E-02   1.6798046E+06   1.6798046E+06   4.7997900E+02   5.2789249E+00   2.9638888E+03   1.6725719E+06   1.6798046E+06   0.0000000E+00   0.0000000E+00   0.0000000E+00   0.0000000E+00   0.0000000E+00
   4.1413906E-02   1.5163176E+06   1.5163176E+06   3.6093410E+02   3.8766897E+00   2.4142295E+03   1.5097636E+06   1.5163176E+06   0.0000000E+00   0.0000000E+00   0.0000000E+00   0.0000000E+00   0.0000000E+00
   4.5525600E-02   1.3854235E+06   1.3854235E+06   2.8593054E+02   2.9388296E+00   2.0467081E+03   1.3794174E+06   1.3854235E+06   0.0000000E+00   0.0000000E+00   0.0000000E+00   0.0000000E+00   0.0000000E+00
   4.9387658E-02   1.2858716E+06   1.2858716E+06   2.1529237E+02   2.3192193E+00   1.8100994E+03   1.2802848E+06   1.2858716E+06   0.0000000E+00   0.0000000E+00   0.0000000E+00   0.0000000E+00   0.0000000E+00
   5.2967249E-02   1.2097938E+06   1.2097938E+06   1.8076794E+02   1.8964089E+00   1.5862394E+03   1.2045287E+06   1.2097938E+06   0.0000000E+00   0.0000000E+00   0.0000000E+00   0.0000000E+00   0.0000000E+00
   5.6318195E-02   1.1493150E+06   1.1493150E+06   1.4386781E+02   1.5919524E+00   1.4540814E+03   1.1443066E+06   1.1493150E+06   0.0000000E+00   0.0000000E+00   0.0000000E+00   0.0000000E+00   0.0000000E+00
   5.9505773E-02   1.0987402E+06   1.0987402E+06   1.2562196E+02   1.3616774E+00   1.3512256E+03   1.0939470E+06   1.0987402E+06   0.0000000E+00   0.0000000E+00   0.0000000E+00   0.0000000E+00   0.0000000E+00
   6.2583763E-02   1.0542631E+06   1.0542631E+06   1.1182216E+02   1.1802017E+00   1.2561642E+03   1.0496597E+06   1.0542631E+06   0.0000000E+00   0.0000000E+00   0.0000000E+00   0.0000000E+00   0.0000000E+00
   6.5592900E-02   1.0133570E+06   1.0133570E+06   9.9283772E+01   1.0322120E+00   1.1728507E+03   1.0089288E+06   1.0133570E+06   0.0000000E+00   0.0000000E+00   0.0000000E+00   0.0000000E+00   0.0000000E+00
   6.8563812E-02   9.7434730E+05   9.7434730E+05   8.8028122E+01   9.0847839E-01   1.0976415E+03   9.7008665E+05   9.7434730E+05   0.0000000E+00   0.0000000E+00   0.0000000E+00   0.0000000E+00   0.0000000E+00
   7.1519949E-02   9.3615443E+05   9.3615443E+05   7.8025566E+01   8.0270692E-01   1.0298245E+03   9.3205831E+05   9.3615443E+05   0.0000000E+00   0.0000000E+00   0.0000000E+00   0.0000000E+00   0.0000000E+00
   7.4479741E-02   8.9814370E+05   8.9814370E+05   6.9054713E+01   7.1098516E-01   9.6577274E+02   8.9421177E+05   8.9814370E+05   0.0000000E+00   0.0000000E+00   0.0000000E+00   0.0000000E+00   0.0000000E+00
   7.7458096E-02   8.6003169E+05   8.6003169E+05   6.0849003E+01   6.3049633E-01   9.0586828E+02   8.5626477E+05   8.6003169E+05   0.0000000E+00   0.0000000E+00   0.0000000E+00   0.0000000E+00   0.0000000E+00
   8.0467419E-02   8.2182100E+05   8.2182100E+05   5.3364333E+01   5.5947320E-01   8.4928945E+02   8.1821986E+05   8.2182100E+05   0.0000000E+00   0.0000000E+00   0.0000000E+00   0.0000000E+00   0.0000000E+00
   8.3518315E-02   7.8374584E+05   7.8374584E+05   4.6912435E+01   4.9652140E-01   7.9728860E+02   7.8031016E+05   7.8374584E+05   0.0000000E+00   0.0000000E+00   0.0000000E+00   0.0000000E+00   0.0000000E+00
   8.6620078E-02   7.4621838E+05   7.4621838E+05   4.1748523E+01   4.4068965E-01   7.4764271E+02   7.4294599E+05   7.4621838E+05   0.0000000E+00   0.0000000E+00   0.0000000E+00   0.0000000E+00   0.0000000E+00
   8.9781043E-02   7.0977024E+05   7.0977024E+05   3.7245100E+01   3.9120008E-01   6.9853895E+02   7.0665660E+05   7.0977024E+05   0.0000000E+00   0.0000000E+00   0.0000000E+00   0.0000000E+00   0.0000000E+00
   9.3008836E-02   6.7498703E+05   6.7498703E+05   3.2163113E+01   3.4751611E-01   6.5207459E+02   6.7202505E+05   6.7498703E+05   0.0000000E+00   0.0000000E+00   0.0000000E+00   0.0000000E+00   0.0000000E+00
   9.6310557E-02   6.4243680E+05   6.4243680E+05   2.7458916E+01   3.0909143E-01   6.1611700E+02   6.3961683E+05   6.4243680E+05   0.0000000E+00   0.0000000E+00   0.0000000E+00   0.0000000E+00   0.0000000E+00
   9.9692920E-02   6.1259582E+05   6.1259582E+05   2.5677250E+01   2.7541610E-01   5.8417880E+02   6.0990609E+05   6.1259582E+05   0.0000000E+00   0.0000000E+00   0.0000000E+00   0.0000000E+00   0.0000000E+00
   1.0316235E-01   5.8577801E+05   5.8577801E+05   2.2961981E+01   2.4610397E-01   5.4549604E+02   5.8320537E+05   5.8577801E+05   0.0000000E+00   0.0000000E+00   0.0000000E+00   0.0000000E+00   0.0000000E+00
   1.0672508E-01   5.6207623E+05   5.6207623E+05   1.9728889E+01   2.2055873E-01   5.2320400E+02   5.5960709E+05   5.6207623E+05   0.0000000E+00   0.0000000E+00   0.0000000E+00   0.0000000E+00   0.0000000E+00
   1.1038719E-01   5.4132508E+05   5.4132508E+05   1.8754520E+01   1.9833698E-01   4.9410243E+02   5.3894657E+05   5.4132508E+05   0.0000000E+00   0.0000000E+00   0.0000000E+00   0.0000000E+00   0.0000000E+00
   1.1415464E-01   5.2309447E+05   5.2309447E+05   1.6315422E+01   1.7888588E-01   4.7776378E+02   5.2079558E+05   5.2309447E+05   0.0000000E+00   0.0000000E+00   0.0000000E+00   0.0000000E+00   0.0000000E+00
   1.1803337E-01   5.0672149E+05   5.0672149E+05   1.4628248E+01   1.6175033E-01   4.5392589E+02   5.0449412E+05   5.0672149E+05   0.0000000E+00   0.0000000E+00   0.0000000E+00   0.0000000E+00   0.0000000E+00
   1.2202924E-01   4.9138338E+05   4.9138338E+05   1.3935553E+01   1.4643934E-01   4.3697440E+02   4.8922303E+05   4.9138338E+05   0.0000000E+00   0.0000000E+00   0.0000000E+00   0.0000000E+00   0.0000000E+00
   1.2614813E-01   4.7620797E+05   4.7620797E+05   1.2634532E+01   1.3257380E-01   4.2205901E+02   4.7411397E+05   4.7620797E+05   0.0000000E+00   0.0000000E+00   0.0000000E+00   0.0000000E+00   0.0000000E+00
   1.3039588E-01   4.6040936E+05   4.6040936E+05   1.1296066E+01   1.1983841E-01   4.0534271E+02   4.5838451E+05   4.6040936E+05   0.0000000E+00   0.0000000E+00   0.0000000E+00   0.0000000E+00   0.0000000E+00
   1.3477839E-01   4.4342796E+05   4.4342796E+05   1.0119366E+01   1.0802879E-01   3.8716295E+02   4.4147749E+05   4.4342796E+05   0.0000000E+00   0.0000000E+00   0.0000000E+00   0.0000000E+00   0.0000000E+00
   1.3930154E-01   4.2504691E+05   4.2504691E+05   9.0252028E+00   9.7033453E-02   3.6814429E+02   4.2317703E+05   4.2504691E+05   0.0000000E+00   0.0000000E+00   0.0000000E+00   0.0000000E+00   0.0000000E+00
   1.4397127E-01   4.0545474E+05   4.0545474E+05   8.1279392E+00   8.6815972E-02   3.4911779E+02   4.0367080E+05   4.0545474E+05   0.0000000E+00   0.0000000E+00   0.0000000E+00   0.0000000E+00   0.0000000E+00
   1.4879354E-01   3.8522829E+05   3.8522829E+05   7.3173858E+00   7.7415286E-02   3.2833135E+02   3.8353314E+05   3.8522829E+05   0.0000000E+00   0.0000000E+00   0.0000000E+00   0.0000000E+00   0.0000000E+00
   1.5377436E-01   3.6522405E+05   3.6522405E+05   6.1643808E+00   6.8893516E-02   3.0974970E+02   3.6361672E+05   3.6522405E+05   0.0000000E+00   0.0000000E+00   0.0000000E+00   0.0000000E+00   0.0000000E+00
   1.5891980E-01   3.4638701E+05   3.4638701E+05   5.7897023E+00   6.1304416E-02   2.9233324E+02   3.4486241E+05   3.4638701E+05   0.0000000E+00   0.0000000E+00   0.0000000E+00   0.0000000E+00   0.0000000E+00
   1.6423597E-01   3.2951306E+05   3.2951306E+05   4.9351304E+00   5.4661612E-02   2.7731316E+02   3.2806258E+05   3.2951306E+05   0.0000000E+00   0.0000000E+00   0.0000000E+00   0.0000000E+00   0.0000000E+00
   1.6972907E-01   3.1502383E+05   3.1502383E+05   4.3991025E+00   4.8922836E-02   2.6265102E+02   3.1363699E+05   3.1502383E+05   0.0000000E+00   0.0000000E+00   0.0000000E+00   0.0000000E+00   0.0000000E+00
   1.7540537E-01   3.0282442E+05   3.0282442E+05   4.0172866E+00   4.3973942E-02   2.5097426E+02   3.0149116E+05   3.0282442E+05   0.0000000E+00   0.0000000E+00   0.0000000E+00   0.0000000E+00   0.0000000E+00
   1.8127124E-01   2.9230419E+05   2.9230419E+05   3.6179125E+00   3.9660653E-02   2.4124175E+02   2.9101714E+05   2.9230419E+05   0.0000000E+00   0.0000000E+00   0.0000000E+00   0.0000000E+00   0.0000000E+00
   1.8733317E-01   2.8250499E+05   2.8250499E+05   3.2532466E+00   3.5814522E-02   2.3275628E+02   2.8126098E+05   2.8250499E+05   0.0000000E+00   0.0000000E+00   0.0000000E+00   0.0000000E+00   0.0000000E+00
   1.9359780E-01   2.7242484E+05   2.7242484E+05   2.9766992E+00   3.2294788E-02   2.2369230E+02   2.7122512E+05   2.7242484E+05   0.0000000E+00   0.0000000E+00   0.0000000E+00   0.0000000E+00   0.0000000E+00
   2.0007191E-01   2.6136490E+05   2.6136490E+05   2.7123753E+00   2.9007364E-02   2.1377498E+02   2.6021381E+05   2.6136490E+05   0.0000000E+00   0.0000000E+00   0.0000000E+00   0.0000000E+00   0.0000000E+00
   2.0676253E-01   2.4918985E+05   2.4918985E+05   2.3524728E+00   2.5925169E-02   2.0280459E+02   2.4809230E+05   2.4918985E+05   0.0000000E+00   0.0000000E+00   0.0000000E+00   0.0000000E+00   0.0000000E+00
   2.1367691E-01   2.3638121E+05   2.3638121E+05   2.1513039E+00   2.3072100E-02   1.9155411E+02   2.3534002E+05   2.3638121E+05   0.0000000E+00   0.0000000E+00   0.0000000E+00   0.0000000E+00   0.0000000E+00
   2.2082260E-01   2.2383299E+05   2.2383299E+05   1.9170805E+00   2.0495868E-02   1.8101368E+02   2.2284700E+05   2.2383299E+05   0.0000000E+00   0.0000000E+00   0.0000000E+00   0.0000000E+00   0.0000000E+00
   2.2820753E-01   2.1245097E+05   2.1245097E+05   1.6973601E+00   1.8235425E-02   1.7118153E+02   2.1151507E+05   2.1245097E+05   0.0000000E+00   0.0000000E+00   0.0000000E+00   0.0000000E+00   0.0000000E+00
   2.3584002E-01   2.0272675E+05   2.0272675E+05   1.4835762E+00   1.6289516E-02   1.6283128E+02   2.0183363E+05   2.0272675E+05   0.0000000E+00   0.0000000E+00   0.0000000E+00   0.0000000E+00   0.0000000E+00
   2.4372892E-01   1.9450002E+05   1.9450002E+05   1.3473441E+00   1.4613815E-02   1.5610954E+02   1.9364311E+05   1.9450002E+05   0.0000000E+00   0.0000000E+00   0.0000000E+00   0.0000000E+00   0.0000000E+00
   2.5188366E-01   1.8705484E+05   1.8705484E+05   1.2143117E+00   1.3138282E-02   1.4962665E+02   1.8623069E+05   1.8705484E+05   0.0000000E+00   0.0000000E+00   0.0000000E+00   0.0000000E+00   0.0000000E+00
   2.6031438E-01   1.7952486E+05   1.7952486E+05   1.0926370E+00   1.1795455E-02   1.4341097E+02   1.7873385E+05   1.7952486E+05   0.0000000E+00   0.0000000E+00   0.0000000E+00   0.0000000E+00   0.0000000E+00
   2.6903201E-01   1.7139168E+05   1.7139168E+05   9.7149454E-01   1.0545637E-02   1.3662202E+02   1.7063647E+05   1.7139168E+05   0.0000000E+00   0.0000000E+00   0.0000000E+00   0.0000000E+00   0.0000000E+00
   2.7804846E-01   1.6277170E+05   1.6277170E+05   8.7213857E-01   9.3875735E-03   1.2939999E+02   1.6205445E+05   1.6277170E+05   0.0000000E+00   0.0000000E+00   0.0000000E+00   0.0000000E+00   0.0000000E+00
   2.8737676E-01   1.5429040E+05   1.5429040E+05   7.6487108E-01   8.3407073E-03   1.2226368E+02   1.5361049E+05   1.5429040E+05   0.0000000E+00   0.0000000E+00   0.0000000E+00   0.0000000E+00   0.0000000E+00
   2.9703121E-01   1.4661056E+05   1.4661056E+05   6.8713334E-01   7.4221370E-03   1.1605095E+02   1.4596448E+05   1.4661056E+05   0.0000000E+00   0.0000000E+00   0.0000000E+00   0.0000000E+00   0.0000000E+00
   3.0702767E-01   1.3994516E+05   1.3994516E+05   6.0882778E-01   6.6272937E-03   1.1057874E+02   1.3932843E+05   1.3994516E+05   0.0000000E+00   0.0000000E+00   0.0000000E+00   0.0000000E+00   0.0000000E+00
   3.1738376E-01   1.3392932E+05   1.3392932E+05   5.4311220E-01   5.9294847E-03   1.0566649E+02   1.3333908E+05   1.3392932E+05   0.0000000E+00   0.0000000E+00   0.0000000E+00   0.0000000E+00   0.0000000E+00
   3.2811919E-01   1.2796294E+05   1.2796294E+05   4.9057336E-01   5.2981254E-03   1.0081006E+02   1.2739897E+05   1.2796294E+05   0.0000000E+00   0.0000000E+00   0.0000000E+00   0.0000000E+00   0.0000000E+00
   3.3925612E-01   1.2173543E+05   1.2173543E+05   4.3208254E-01   4.7166621E-03   9.5742618E+01   1.2119890E+05   1.2173543E+05   0.0000000E+00   0.0000000E+00   0.0000000E+00   0.0000000E+00   0.0000000E+00
   3.5081960E-01   1.1545710E+05   1.1545710E+05   3.8375760E-01   4.1864021E-03   9.0692742E+01   1.1494823E+05   1.1545710E+05   0.0000000E+00   0.0000000E+00   0.0000000E+00   0.0000000E+00   0.0000000E+00
   3.6283813E-01   1.0957743E+05   1.0957743E+05   3.4144442E-01   3.7157088E-03   8.5960668E+01   1.0909446E+05   1.0957743E+05   0.0000000E+00   0.0000000E+00   0.0000000E+00   0.0000000E+00   0.0000000E+00
   3.7534429E-01   1.0428537E+05   1.0428537E+05   3.0513778E-01   3.3037084E-03   8.1674733E+01   1.0382571E+05   1.0428537E+05   0.0000000E+00   0.0000000E+00   0.0000000E+00   0.0000000E+00   0.0000000E+00
   3.8837561E-01   9.9335635E+04   9.9335635E+04   2.7095131E-01   2.9377715E-03   7.7737297E+01   9.8897788E+04   9.9335635E+04   0.0000000E+00   0.0000000E+00   0.0000000E+00   0.0000000E+00   0.0000000E+00
   4.0197555E-01   9.4387412E+04   9.4387412E+04   2.4016849E-01   2.6056788E-03   7.3744711E+01   9.3971366E+04   9.4387412E+04   0.0000000E+00   0.0000000E+00   0.0000000E+00   0.0000000E+00   0.0000000E+00
   4.1619488E-01   8.9419568E+04   8.9419568E+04   2.1217519E-01   2.3037880E-03   6.9815162E+01   8.9025413E+04   8.9419568E+04   0.0000000E+00   0.0000000E+00   0.0000000E+00   0.0000000E+00   0.0000000E+00
   4.3109333E-01   8.4680933E+04   8.4680933E+04   1.8736458E-01   2.0338375E-03   6.6059023E+01   8.4307658E+04   8.4680933E+04   0.0000000E+00   0.0000000E+00   0.0000000E+00   0.0000000E+00   0.0000000E+00
   4.4674183E-01   8.0276760E+04   8.0276760E+04   1.6494102E-01   1.7949474E-03   6.2540692E+01   7.9922893E+04   8.0276760E+04   0.0000000E+00   0.0000000E+00   0.0000000E+00   0.0000000E+00   0.0000000E+00
   4.6322541E-01   7.6030211E+04   7.6030211E+04   1.4565115E-01   1.5808951E-03   5.9197599E+01   7.5695057E+04   7.6030211E+04   0.0000000E+00   0.0000000E+00   0.0000000E+00   0.0000000E+00   0.0000000E+00
   4.8064713E-01   7.1809936E+04   7.1809936E+04   1.2760036E-01   1.3870959E-03   5.5853818E+01   7.1493381E+04   7.1809936E+04   0.0000000E+00   0.0000000E+00   0.0000000E+00   0.0000000E+00   0.0000000E+00
   4.9913337E-01   6.7718233E+04   6.7718233E+04   1.1173557E-01   1.2132500E-03   5.2620105E+01   6.7419711E+04   6.7718233E+04   0.0000000E+00   0.0000000E+00   0.0000000E+00   0.0000000E+00   0.0000000E+00
   5.1884122E-01   6.3818036E+04   6.3818036E+04   9.7356991E-02   1.0580739E-03   4.9547848E+01   6.3536703E+04   6.3818036E+04   0.0000000E+00   0.0000000E+00   0.0000000E+00   0.0000000E+00   0.0000000E+00
   5.3996884E-01   6.0000016E+04   6.0000016E+04   8.4546533E-02   9.1833294E-04   4.6569167E+01   5.9735511E+04   6.0000016E+04   0.0000000E+00   0.0000000E+00   0.0000000E+00   0.0000000E+00   0.0000000E+00
   5.6277036E-01   5.6239216E+04   5.6239216E+04   7.2910971E-02   7.9260140E-04   4.3601627E+01   5.5991287E+04   5.6239216E+04   0.0000000E+00   0.0000000E+00   0.0000000E+00   0.0000000E+00   0.0000000E+00
   5.8757766E-01   5.2583499E+04   5.2583499E+04   6.2557150E-02   6.7974891E-04   4.0744513E+01   5.2351683E+04   5.2583499E+04   0.0000000E+00   0.0000000E+00   0.0000000E+00   0.0000000E+00   0.0000000E+00
   6.1483300E-01   4.8974109E+04   4.8974109E+04   5.3215992E-02   5.7820599E-04   3.7932166E+01   4.8758203E+04   4.8974109E+04   0.0000000E+00   0.0000000E+00   0.0000000E+00   0.0000000E+00   0.0000000E+00
   6.4513854E-01   4.5396654E+04   4.5396654E+04   4.4798357E-02   4.8684296E-04   3.5123918E+01   4.5196517E+04   4.5396654E+04   0.0000000E+00   0.0000000E+00   0.0000000E+00   0.0000000E+00   0.0000000E+00
   6.7933255E-01   4.1838143E+04   4.1838143E+04   3.7236152E-02   4.0465364E-04   3.2362102E+01   4.1653692E+04   4.1838143E+04   0.0000000E+00   0.0000000E+00   0.0000000E+00   0.0000000E+00   0.0000000E+00
   7.1860640E-01   3.8263340E+04   3.8263340E+04   3.0432732E-02   3.3073971E-04   2.9571902E+01   3.8094647E+04   3.8263340E+04   0.0000000E+00   0.0000000E+00   0.0000000E+00   0.0000000E+00   0.0000000E+00
   7.6467725E-01   3.4650421E+04   3.4650421E+04   2.4338817E-02   2.6450791E-04   2.6767930E+01   3.4497655E+04   3.4650421E+04   0.0000000E+00   0.0000000E+00   0.0000000E+00   0.0000000E+00   0.0000000E+00
   8.2001011E-01   3.0976555E+04   3.0976555E+04   1.8920684E-02   2.0562678E-04   2.3916225E+01   3.0839984E+04   3.0976555E+04   0.0000000E+00   0.0000000E+00   0.0000000E+00   0.0000000E+00   0.0000000E+00
   8.8797992E-01   2.7241624E+04   2.7241624E+04   1.4189419E-02   1.5420829E-04   2.1021886E+01   2.7121520E+04   2.7241624E+04   0.0000000E+00   0.0000000E+00   0.0000000E+00   0.0000000E+00   0.0000000E+00
   9.7258139E-01   2.3500575E+04   2.3500575E+04   1.0203771E-02   1.1090097E-04   1.8119400E+01   2.3396963E+04   2.3500575E+04   0.0000000E+00   0.0000000E+00   0.0000000E+00   0.0000000E+00   0.0000000E+00
   1.0770764E+00   1.9891489E+04   1.9891489E+04   7.0421189E-03   7.6539930E-05   1.5332675E+01   1.9803788E+04   1.9891489E+04   0.0000000E+00   0.0000000E+00   0.0000000E+00   0.0000000E+00   0.0000000E+00
   1.2022367E+00   1.6600662E+04   1.6600662E+04   4.7170398E-03   5.1270571E-05   1.2790583E+01   1.6527470E+04   1.6600662E+04   0.0000000E+00   0.0000000E+00   0.0000000E+00   0.0000000E+00   0.0000000E+00
   1.3469739E+00   1.3751826E+04   1.3751826E+04   3.1128762E-03   3.3837677E-05   1.0588417E+01   1.3691193E+04   1.3751826E+04   0.0000000E+00   0.0000000E+00   0.0000000E+00   0.0000000E+00   0.0000000E+00
   1.5108961E+00   1.1355721E+04   1.1355721E+04   2.0429549E-03   2.2207259E-05   8.7437068E+00   1.1305653E+04   1.1355721E+04   0.0000000E+00   0.0000000E+00   0.0000000E+00   0.0000000E+00   0.0000000E+00
   1.6951854E+00   9.3620429E+03   9.3620429E+03   1.3405729E-03   1.4544701E-05   7.2066454E+00   9.3207650E+03   9.3620429E+03   0.0000000E+00   0.0000000E+00   0.0000000E+00   0.0000000E+00   0.0000000E+00
   1.9020220E+00   7.7091785E+03   7.7091785E+03   8.7524976E-04   9.5144412E-06   5.9322824E+00   7.6751881E+03   7.7091785E+03   0.0000000E+00   0.0000000E+00   0.0000000E+00   0.0000000E+00   0.0000000E+00
   2.1341032E+00   6.3412504E+03   6.3412504E+03   5.7183423E-04   6.2169258E-06   4.8797656E+00   6.3132912E+03   6.3412504E+03   0.0000000E+00   0.0000000E+00   0.0000000E+00   0.0000000E+00   0.0000000E+00
   2.3945031E+00   5.2107031E+03   5.2107031E+03   3.7323390E-04   4.0583009E-06   4.0083719E+00   5.1877286E+03   5.2107031E+03   0.0000000E+00   0.0000000E+00   0.0000000E+00   0.0000000E+00   0.0000000E+00
   2.6866767E+00   4.2775412E+03   4.2775412E+03   2.4337339E-04   2.6465361E-06   3.2908157E+00   4.2586810E+03   4.2775412E+03   0.0000000E+00   0.0000000E+00   0.0000000E+00   0.0000000E+00   0.0000000E+00
   3.0145009E+00   3.5082349E+03   3.5082349E+03   1.5854915E-04   1.7244040E-06   2.6984690E+00   3.4927666E+03   3.5082349E+03   0.0000000E+00   0.0000000E+00   0.0000000E+00   0.0000000E+00   0.0000000E+00
   3.3823256E+00   2.8747431E+03   2.8747431E+03   1.0332732E-04   1.1226085E-06   2.2110700E+00   2.8620680E+03   2.8747431E+03   0.0000000E+00   0.0000000E+00   0.0000000E+00   0.0000000E+00   0.0000000E+00
   3.7950317E+00   2.3536571E+03   2.3536571E+03   6.7117751E-05   7.3025262E-07   1.8101549E+00   2.3432795E+03   2.3536571E+03   0.0000000E+00   0.0000000E+00   0.0000000E+00   0.0000000E+00   0.0000000E+00
   4.2580956E+00   1.9254754E+03   1.9254754E+03   4.3613010E-05   4.7466443E-07   1.4807052E+00   1.9169858E+03   1.9254754E+03   0.0000000E+00   0.0000000E+00   0.0000000E+00   0.0000000E+00   0.0000000E+00
   4.7776619E+00   1.5739800E+03   1.5739800E+03   2.8318677E-05   3.0831409E-07   1.2104807E+00   1.5670401E+03   1.5739800E+03   0.0000000E+00   0.0000000E+00   0.0000000E+00   0.0000000E+00   0.0000000E+00
   5.3606248E+00   1.2857062E+03   1.2857062E+03   1.8370462E-05   2.0013784E-07   9.8881931E-01   1.2800373E+03   1.2857062E+03   0.0000000E+00   0.0000000E+00   0.0000000E+00   0.0000000E+00   0.0000000E+00
   6.0147200E+00   1.0494929E+03   1.0494929E+03   1.1912778E-05   1.2984219E-07   8.0703212E-01   1.0448656E+03   1.0494929E+03   0.0000000E+00   0.0000000E+00   0.0000000E+00   0.0000000E+00   0.0000000E+00
   6.7486268E+00   8.5610243E+02   8.5610243E+02   7.7251265E-06   8.4190361E-08   6.5836956E-01   8.5232775E+02   8.5610243E+02   0.0000000E+00   0.0000000E+00   0.0000000E+00   0.0000000E+00   0.0000000E+00
   7.5720838E+00   6.9789919E+02   6.9789919E+02   4.9991435E-06   5.4564989E-08   5.3665860E-01   6.9482205E+02   6.9789919E+02   0.0000000E+00   0.0000000E+00   0.0000000E+00   0.0000000E+00   0.0000000E+00
   8.4960178E+00   5.6858056E+02   5.6858056E+02   3.2359009E-06   3.5350732E-08   4.3720885E-01   5.6607361E+02   5.6858056E+02   0.0000000E+00   0.0000000E+00   0.0000000E+00   0.0000000E+00   0.0000000E+00
