#           k/h    CDM            baryon         photon         nu             mass_nu        total          no_nu          total_de       Weyl           v_CDM          v_b            v_b-v_c     
   1.0537954E-05   1.1704318E+07   1.1704318E+07   1.5601343E+07   1.0963757E+04   3.9372505E+06   1.1704374E+07   1.1704318E+07   0.0000000E+00   0.0000000E+00   0.0000000E+00   0.0000000E+00   0.0000000E+00
   1.1823779E-05   1.1704315E+07   1.1704315E+07   1.5600196E+07   1.0963243E+04   3.9371803E+06   1.1704370E+07   1.1704315E+07   0.0000000E+00   0.0000000E+00   0.0000000E+00   0.0000000E+00   0.0000000E+00
   1.3266498E-05   1.1704310E+07   1.1704310E+07   1.5598751E+07   1.0962596E+04   3.9370919E+06   1.1704365E+07   1.1704310E+07   0.0000000E+00   0.0000000E+00   0.0000000E+00   0.0000000E+00   0.0000000E+00
   1.4885255E-05   1.1704304E+07   1.1704304E+07   1.5596932E+07   1.0961782E+04   3.9369806E+06   1.1704359E+07   1.1704304E+07   0.0000000E+00   0.0000000E+00   0.0000000E+00   0.0000000E+00   0.0000000E+00
   1.6701531E-05   1.1704297E+07   1.1704297E+07   1.5594643E+07   1.0960757E+04   3.9368405E+06   1.1704351E+07   1.1704297E+07   0.0000000E+00   0.0000000E+00   0.0000000E+00   0.0000000E+00   0.0000000E+00
   1.8739426E-05   1.1704287E+07   1.1704287E+07   1.5591761E+07   1.0959467E+04   3.9366643E+06   1.1704341E+07   1.1704287E+07   0.0000000E+00   0.0000000E+00   0.0000000E+00   0.0000000E+00   0.0000000E+00
   2.1025982E-05   1.1704275E+07   1.1704275E+07   1.5588134E+07   1.0957843E+04   3.9364424E+06   1.1704329E+07   1.1704275E+07   0.0000000E+00   0.0000000E+00   0.0000000E+00   0.0000000E+00   0.0000000E+00
   2.3591540E-05   1.1704261E+07   1.1704261E+07   1.5583569E+07   1.0955798E+04   3.9361632E+06   1.1704313E+07   1.1704261E+07   0.0000000E+00   0.0000000E+00   0.0000000E+00   0.0000000E+00   0.0000000E+00
   2.6470143E-05   1.1704242E+07   1.1704242E+07   1.5577823E+07   1.0953225E+04   3.9358119E+06   1.1704294E+07   1.1704242E+07   0.0000000E+00   0.0000000E+00   0.0000000E+00   0.0000000E+00   0.0000000E+00
   2.9699989E-05   1.1704218E+07   1.1704218E+07   1.5570593E+07   1.0949987E+04   3.9353700E+06   1.1704269E+07   1.1704218E+07   0.0000000E+00   0.0000000E+00   0.0000000E+00   0.0000000E+00   0.0000000E+00
   3.3323936E-05   1.1704189E+07   1.1704189E+07   1.5561496E+07   1.0945912E+04   3.9348140E+06   1.1704237E+07   1.1704189E+07   0.0000000E+00   0.0000000E+00   0.0000000E+00   0.0000000E+00   0.0000000E+00
   3.7390071E-05   1.1704151E+07   1.1704151E+07   1.5550050E+07   1.0940784E+04   3.9341148E+06   1.1704198E+07   1.1704151E+07   0.0000000E+00   0.0000000E+00   0.0000000E+00   0.0000000E+00   0.0000000E+00
   4.1952349E-05   1.1704105E+07   1.1704105E+07   1.5535651E+07   1.0934332E+04   3.9332357E+06   1.1704149E+07   1.1704105E+07   0.0000000E+00   0.0000000E+00   0.0000000E+00   0.0000000E+00   0.0000000E+00
   4.7071310E-05   1.1704046E+07   1.1704046E+07   1.5517543E+07   1.0926216E+04   3.9321308E+06   1.1704086E+07   1.1704046E+07   0.0000000E+00   0.0000000E+00   0.0000000E+00   0.0000000E+00   0.0000000E+00
   5.2814879E-05   1.1703971E+07   1.1703971E+07   1.5494774E+07   1.0916008E+04   3.9307425E+06   1.1704008E+07   1.1703971E+07   0.0000000E+00   0.0000000E+00   0.0000000E+00   0.0000000E+00   0.0000000E+00
   5.9259269E-05   1.1703878E+07   1.1703878E+07   1.5466156E+07   1.0903173E+04   3.9289993E+06   1.1703909E+07   1.1703878E+07   0.0000000E+00   0.0000000E+00   0.0000000E+00   0.0000000E+00   0.0000000E+00
   6.6489993E-05   1.1703760E+07   1.1703760E+07   1.5430198E+07   1.0887038E+04   3.9268117E+06   1.1703785E+07   1.1703760E+07   0.0000000E+00   0.0000000E+00   0.0000000E+00   0.0000000E+00   0.0000000E+00
   7.4602999E-05   1.1703612E+07   1.1703612E+07   1.5385044E+07   1.0866765E+04   3.9240689E+06   1.1703629E+07   1.1703612E+07   0.0000000E+00   0.0000000E+00   0.0000000E+00   0.0000000E+00   0.0000000E+00
   8.3705942E-05   1.1703426E+07   1.1703426E+07   1.5328377E+07   1.0841305E+04   3.9206334E+06   1.1703432E+07   1.1703426E+07   0.0000000E+00   0.0000000E+00   0.0000000E+00   0.0000000E+00   0.0000000E+00
   9.3919611E-05   1.1703191E+07   1.1703191E+07   1.5257321E+07   1.0809348E+04   3.9163360E+06   1.1703184E+07   1.1703191E+07   0.0000000E+00   0.0000000E+00   0.0000000E+00   0.0000000E+00   0.0000000E+00
   1.0537954E-04   1.1702897E+07   1.1702897E+07   1.5168312E+07   1.0769271E+04   3.9109697E+06   1.1702873E+07   1.1702897E+07   0.0000000E+00   0.0000000E+00   0.0000000E+00   0.0000000E+00   0.0000000E+00
   1.1823779E-04   1.1702526E+07   1.1702526E+07   1.5056960E+07   1.0719059E+04   3.9042825E+06   1.1702482E+07   1.1702526E+07   0.0000000E+00   0.0000000E+00   0.0000000E+00   0.0000000E+00   0.0000000E+00
   1.3266498E-04   1.1702060E+07   1.1702060E+07   1.4917886E+07   1.0656228E+04   3.8959716E+06   1.1701990E+07   1.1702060E+07   0.0000000E+00   0.0000000E+00   0.0000000E+00   0.0000000E+00   0.0000000E+00
   1.4885255E-04   1.1701474E+07   1.1701474E+07   1.4744544E+07   1.0577728E+04   3.8856776E+06   1.1701372E+07   1.1701474E+07   0.0000000E+00   0.0000000E+00   0.0000000E+00   0.0000000E+00   0.0000000E+00
   1.6701531E-04   1.1700739E+07   1.1700739E+07   1.4529056E+07   1.0479848E+04   3.8729815E+06   1.1700595E+07   1.1700739E+07   0.0000000E+00   0.0000000E+00   0.0000000E+00   0.0000000E+00   0.0000000E+00
   1.8739426E-04   1.1699816E+07   1.1699816E+07   1.4262053E+07   1.0358106E+04   3.8574076E+06   1.1699621E+07   1.1699816E+07   0.0000000E+00   0.0000000E+00   0.0000000E+00   0.0000000E+00   0.0000000E+00
   2.1025982E-04   1.1698658E+07   1.1698658E+07   1.3932597E+07   1.0207162E+04   3.8384345E+06   1.1698398E+07   1.1698658E+07   0.0000000E+00   0.0000000E+00   0.0000000E+00   0.0000000E+00   0.0000000E+00
   2.3591540E-04   1.1697206E+07   1.1697206E+07   1.3528212E+07   1.0020751E+04   3.8155220E+06   1.1696866E+07   1.1697206E+07   0.0000000E+00   0.0000000E+00   0.0000000E+00   0.0000000E+00   0.0000000E+00
   2.6470143E-04   1.1695390E+07   1.1695390E+07   1.3035160E+07   9.7916902E+03   3.7881599E+06   1.1694948E+07   1.1695390E+07   0.0000000E+00   0.0000000E+00   0.0000000E+00   0.0000000E+00   0.0000000E+00
   2.9699989E-04   1.1693118E+07   1.1693118E+07   1.2439067E+07   9.5119958E+03   3.7559491E+06   1.1692550E+07   1.1693118E+07   0.0000000E+00   0.0000000E+00   0.0000000E+00   0.0000000E+00   0.0000000E+00
   3.3323936E-04   1.1690284E+07   1.1690284E+07   1.1726118E+07   9.1731932E+03   3.7187237E+06   1.1689558E+07   1.1690284E+07   0.0000000E+00   0.0000000E+00   0.0000000E+00   0.0000000E+00   0.0000000E+00
   3.7390071E-04   1.1686754E+07   1.1686754E+07   1.0885033E+07   8.7669165E+03   3.6767183E+06   1.1685831E+07   1.1686754E+07   0.0000000E+00   0.0000000E+00   0.0000000E+00   0.0000000E+00   0.0000000E+00
   4.1952349E-04   1.1682368E+07   1.1682368E+07   9.9100684E+06   8.2859193E+03   3.6307712E+06   1.1681202E+07   1.1682368E+07   0.0000000E+00   0.0000000E+00   0.0000000E+00   0.0000000E+00   0.0000000E+00
   4.7071310E-04   1.1676936E+07   1.1676936E+07   8.8051606E+06   7.7256141E+03   3.5825229E+06   1.1675470E+07   1.1676936E+07   0.0000000E+00   0.0000000E+00   0.0000000E+00   0.0000000E+00   0.0000000E+00
   5.2814879E-04   1.1670233E+07   1.1670233E+07   7.5890489E+06   7.0862078E+03   3.5345128E+06   1.1668396E+07   1.1670233E+07   0.0000000E+00   0.0000000E+00   0.0000000E+00   0.0000000E+00   0.0000000E+00
   5.9259269E-04   1.1661992E+07   1.1661992E+07   6.3005580E+06   6.3753387E+03   3.4899983E+06   1.1659704E+07   1.1661992E+07   0.0000000E+00   0.0000000E+00   0.0000000E+00   0.0000000E+00   0.0000000E+00
   6.6489993E-04   1.1651910E+07   1.1651910E+07   5.0021407E+06   5.6108021E+03   3.4522340E+06   1.1649074E+07   1.1651910E+07   0.0000000E+00   0.0000000E+00   0.0000000E+00   0.0000000E+00   0.0000000E+00
   7.4602999E-04   1.1639637E+07   1.1639637E+07   3.7783481E+06   4.8224158E+03   3.4229435E+06   1.1636141E+07   1.1639637E+07   0.0000000E+00   0.0000000E+00   0.0000000E+00   0.0000000E+00   0.0000000E+00
   8.3705942E-04   1.1624774E+07   1.1624774E+07   2.7247670E+06   4.0514163E+03   3.3999722E+06   1.1620495E+07   1.1624774E+07   0.0000000E+00   0.0000000E+00   0.0000000E+00   0.0000000E+00   0.0000000E+00
   9.3919611E-04   1.1606870E+07   1.1606870E+07   1.9238570E+06   3.3453386E+03   3.3748664E+06   1.1601673E+07   1.1606870E+07   0.0000000E+00   0.0000000E+00   0.0000000E+00   0.0000000E+00   0.0000000E+00
   1.0537954E-03   1.1585409E+07   1.1585409E+07   1.4098749E+06   2.7469605E+03   3.3324930E+06   1.1579156E+07   1.1585409E+07   0.0000000E+00   0.0000000E+00   0.0000000E+00   0.0000000E+00   0.0000000E+00
   1.1823779E-03   1.1559798E+07   1.1559798E+07   1.1377526E+06   2.2787914E+03   3.2559868E+06   1.1552353E+07   1.1559798E+07   0.0000000E+00   0.0000000E+00   0.0000000E+00   0.0000000E+00   0.0000000E+00
   1.3266498E-03   1.1529355E+07   1.1529355E+07   9.8584182E+05   1.9301976E+03   3.1387156E+06   1.1520596E+07   1.1529355E+07   0.0000000E+00   0.0000000E+00   0.0000000E+00   0.0000000E+00   0.0000000E+00
   1.4885255E-03   1.1493305E+07   1.1493305E+07   8.2018281E+05   1.6595675E+03   2.9969869E+06   1.1483140E+07   1.1493305E+07   0.0000000E+00   0.0000000E+00   0.0000000E+00   0.0000000E+00   0.0000000E+00
   1.6701531E-03   1.1450804E+07   1.1450804E+07   5.9864765E+05   1.4199802E+03   2.8653256E+06   1.1439174E+07   1.1450804E+07   0.0000000E+00   0.0000000E+00   0.0000000E+00   0.0000000E+00   0.0000000E+00
   1.8739426E-03   1.1400968E+07   1.1400968E+07   4.0765584E+05   1.1947496E+03   2.7611223E+06   1.1387857E+07   1.1400968E+07   0.0000000E+00   0.0000000E+00   0.0000000E+00   0.0000000E+00   0.0000000E+00
   2.1025982E-03   1.1342893E+07   1.1342893E+07   3.3165116E+05   1.0030778E+03   2.6535123E+06   1.1328314E+07   1.1342893E+07   0.0000000E+00   0.0000000E+00   0.0000000E+00   0.0000000E+00   0.0000000E+00
   2.3591540E-03   1.1275625E+07   1.1275625E+07   2.9945249E+05   8.5751169E+02   2.5097401E+06   1.1259605E+07   1.1275625E+07   0.0000000E+00   0.0000000E+00   0.0000000E+00   0.0000000E+00   0.0000000E+00
   2.6470143E-03   1.1198138E+07   1.1198138E+07   2.1735687E+05   7.3620059E+02   2.3674809E+06   1.1180696E+07   1.1198138E+07   0.0000000E+00   0.0000000E+00   0.0000000E+00   0.0000000E+00   0.0000000E+00
   2.9699989E-03   1.1109353E+07   1.1109353E+07   1.6154778E+05   6.2596093E+02   2.2478226E+06   1.1090491E+07   1.1109353E+07   0.0000000E+00   0.0000000E+00   0.0000000E+00   0.0000000E+00   0.0000000E+00
   3.3323936E-03   1.1008148E+07   1.1008148E+07   1.3750715E+05   5.3571663E+02   2.0999956E+06   1.0987856E+07   1.1008148E+07   0.0000000E+00   0.0000000E+00   0.0000000E+00   0.0000000E+00   0.0000000E+00
   3.7390071E-03   1.0893321E+07   1.0893321E+07   9.4303342E+04   4.5541986E+02   1.9626732E+06   1.0871601E+07   1.0893321E+07   0.0000000E+00   0.0000000E+00   0.0000000E+00   0.0000000E+00   0.0000000E+00
   4.1952349E-03   1.0763622E+07   1.0763622E+07   8.5133779E+04   3.8671618E+02   1.8119762E+06   1.0740496E+07   1.0763622E+07   0.0000000E+00   0.0000000E+00   0.0000000E+00   0.0000000E+00   0.0000000E+00
   4.7071310E-03   1.0617766E+07   1.0617766E+07   5.8515046E+04   3.2657561E+02   1.6669414E+06   1.0593295E+07   1.0617766E+07   0.0000000E+00   0.0000000E+00   0.0000000E+00   0.0000000E+00   0.0000000E+00
   5.2814879E-03   1.0454484E+07   1.0454484E+07   4.7658692E+04   2.7459902E+02   1.5171244E+06   1.0428782E+07   1.0454484E+07   0.0000000E+00   0.0000000E+00   0.0000000E+00   0.0000000E+00   0.0000000E+00
   5.9259269E-03   1.0272518E+07   1.0272518E+07   3.9415751E+04   2.2953469E+02   1.3782711E+06   1.0245716E+07   1.0272518E+07   0.0000000E+00   0.0000000E+00   0.0000000E+00   0.0000000E+00   0.0000000E+00
   6.6489993E-03   1.0070585E+07   1.0070585E+07   2.8614334E+04   1.9098064E+02   1.2399309E+06   1.0042793E+07   1.0070585E+07   0.0000000E+00   0.0000000E+00   0.0000000E+00   0.0000000E+00   0.0000000E+00
   7.4602999E-03   9.8473756E+06   9.8473756E+06   2.1766019E+04   1.5766951E+02   1.1052640E+06   9.8187694E+06   9.8473756E+06   0.0000000E+00   0.0000000E+00   0.0000000E+00   0.0000000E+00   0.0000000E+00
   8.3705942E-03   9.6016273E+06   9.6016273E+06   1.6635962E+04   1.2950031E+02   9.7804669E+05   9.5724033E+06   9.6016273E+06   0.0000000E+00   0.0000000E+00   0.0000000E+00   0.0000000E+00   0.0000000E+00
   9.3919611E-03   9.3320679E+06   9.3320679E+06   1.3449017E+04   1.0552047E+02   8.5700118E+05   9.3024208E+06   9.3320679E+06   0.0000000E+00   0.0000000E+00   0.0000000E+00   0.0000000E+00   0.0000000E+00
   1.0537954E-02   9.0374405E+06   9.0374405E+06   1.0495137E+04   8.5380896E+01   7.4342328E+05   9.0075968E+06   9.0374405E+06   0.0000000E+00   0.0000000E+00   0.0000000E+00   0.0000000E+00   0.0000000E+00
   1.1823779E-02   8.7165308E+06   8.7165308E+06   7.3089296E+03   6.8487150E+01   6.4117667E+05   8.6867196E+06   8.7165308E+06   0.0000000E+00   0.0000000E+00   0.0000000E+00   0.0000000E+00   0.0000000E+00
   1.3266498E-02   8.3682330E+06   8.3682330E+06   5.9889086E+03   5.4506697E+01   5.4621070E+05   8.3387006E+06   8.3682330E+06   0.0000000E+00   0.0000000E+00   0.0000000E+00   0.0000000E+00   0.0000000E+00
   1.4885255E-02   7.9916562E+06   7.9916562E+06   4.5951464E+03   4.2961556E+01   4.6217008E+05   7.9626491E+06   7.9916562E+06   0.0000000E+00   0.0000000E+00   0.0000000E+00   0.0000000E+00   0.0000000E+00
   1.6701531E-02   7.5863319E+06   7.5863319E+06   3.4551113E+03   3.3548755E+01   3.8625182E+05   7.5580984E+06   7.5863319E+06   0.0000000E+00   0.0000000E+00   0.0000000E+00   0.0000000E+00   0.0000000E+00
   1.8739426E-02   7.1525359E+06   7.1525359E+06   2.4493620E+03   2.5933517E+01   3.1905458E+05   7.1253205E+06   7.1525359E+06   0.0000000E+00   0.0000000E+00   0.0000000E+00   0.0000000E+00   0.0000000E+00
   2.1025981E-02   6.6917688E+06   6.6917688E+06   1.8880535E+03   1.9826472E+01   2.6145269E+05   6.6658053E+06   6.6917688E+06   0.0000000E+00   0.0000000E+00   0.0000000E+00   0.0000000E+00   0.0000000E+00
   2.3591515E-02   6.2074084E+06   6.2074084E+06   1.3607967E+03   1.4986503E+01   2.1142475E+05   6.1829090E+06   6.2074084E+06   0.0000000E+00   0.0000000E+00   0.0000000E+00   0.0000000E+00   0.0000000E+00
   2.6469777E-02   5.7055307E+06   5.7055307E+06   1.0200376E+03   1.1194543E+01   1.6867733E+05   5.6826737E+06   5.7055307E+06   0.0000000E+00   0.0000000E+00   0.0000000E+00   0.0000000E+00   0.0000000E+00
   2.9696307E-02   5.1959621E+06   5.1959621E+06   6.9353034E+02   8.2633798E+00   1.3337338E+05   5.1748753E+06   5.1959621E+06   0.0000000E+00   0.0000000E+00   0.0000000E+00   0.0000000E+00   0.0000000E+00
   3.3297505E-02   4.6939568E+06   4.6939568E+06   4.9990557E+02   6.0430400E+00   1.0448350E+05   4.6746941E+06   4.6939568E+06   0.0000000E+00   0.0000000E+00   0.0000000E+00   0.0000000E+00   0.0000000E+00
   3.7251094E-02   4.2226149E+06   4.2226149E+06   3.7850134E+02   4.4086525E+00   8.1561712E+04   4.2051228E+06   4.2226149E+06   0.0000000E+00   0.0000000E+00   0.0000000E+00   0.0000000E+00   0.0000000E+00
   4.1413906E-02   3.8116095E+06   3.8116095E+06   2.6486908E+02   3.2582185E+00   6.4629045E+04   3.7956986E+06   3.8116095E+06   0.0000000E+00   0.0000000E+00   0.0000000E+00   0.0000000E+00   0.0000000E+00
   4.5525600E-02   3.4825494E+06   3.4825494E+06   2.0015769E+02   2.4857184E+00   5.2373717E+04   3.4679253E+06   3.4825494E+06   0.0000000E+00   0.0000000E+00   0.0000000E+00   0.0000000E+00   0.0000000E+00
   4.9387658E-02   3.2322858E+06   3.2322858E+06   1.5479266E+02   1.9729518E+00   4.4095458E+04   3.2186512E+06   3.2322858E+06   0.0000000E+00   0.0000000E+00   0.0000000E+00   0.0000000E+00   0.0000000E+00
   5.2967249E-02   3.0410359E+06   3.0410359E+06   1.2724327E+02   1.6213990E+00   3.8129247E+04   3.0281633E+06   3.0410359E+06   0.0000000E+00   0.0000000E+00   0.0000000E+00   0.0000000E+00   0.0000000E+00
   5.6318195E-02   2.8890011E+06   2.8890011E+06   1.0706362E+02   1.3673905E+00   3.3626980E+04   2.8767382E+06   2.8890011E+06   0.0000000E+00   0.0000000E+00   0.0000000E+00   0.0000000E+00   0.0000000E+00
   5.9505773E-02   2.7618646E+06   2.7618646E+06   9.5661941E+01   1.1743266E+00   3.0149858E+04   2.7501146E+06   2.7618646E+06   0.0000000E+00   0.0000000E+00   0.0000000E+00   0.0000000E+00   0.0000000E+00
   6.2583763E-02   2.6500573E+06   2.6500573E+06   7.9092957E+01   1.0212259E+00   2.7309847E+04   2.6387613E+06   2.6500573E+06   0.0000000E+00   0.0000000E+00   0.0000000E+00   0.0000000E+00   0.0000000E+00
   6.5592900E-02   2.5472281E+06   2.5472281E+06   7.2778619E+01   8.9560989E-01   2.4902300E+04   2.5363523E+06   2.5472281E+06   0.0000000E+00   0.0000000E+00   0.0000000E+00   0.0000000E+00   0.0000000E+00
   6.8563812E-02   2.4491665E+06   2.4491665E+06   6.2722274E+01   7.8984446E-01   2.2747710E+04   2.4386941E+06   2.4491665E+06   0.0000000E+00   0.0000000E+00   0.0000000E+00   0.0000000E+00   0.0000000E+00
   7.1519949E-02   2.3531591E+06   2.3531591E+06   5.3217391E+01   6.9888087E-01   2.0904090E+04   2.3430841E+06   2.3531591E+06   0.0000000E+00   0.0000000E+00   0.0000000E+00   0.0000000E+00   0.0000000E+00
   7.4479741E-02   2.2576103E+06   2.2576103E+06   4.9530270E+01   6.1952679E-01   1.9225192E+04   2.2479330E+06   2.2576103E+06   0.0000000E+00   0.0000000E+00   0.0000000E+00   0.0000000E+00   0.0000000E+00
   7.7458096E-02   2.1618074E+06   2.1618074E+06   4.4260529E+01   5.4965495E-01   1.7621171E+04   2.1525310E+06   2.1618074E+06   0.0000000E+00   0.0000000E+00   0.0000000E+00   0.0000000E+00   0.0000000E+00
   8.0467419E-02   2.0657570E+06   2.0657570E+06   3.6804681E+01   4.8769340E-01   1.6205705E+04   2.0568841E+06   2.0657570E+06   0.0000000E+00   0.0000000E+00   0.0000000E+00   0.0000000E+00   0.0000000E+00
   8.3518315E-02   1.9700478E+06   1.9700478E+06   3.4701389E+01   4.3262234E-01   1.4904238E+04   1.9615784E+06   1.9700478E+06   0.0000000E+00   0.0000000E+00   0.0000000E+00   0.0000000E+00   0.0000000E+00
   8.6620078E-02   1.8757156E+06   1.8757156E+06   2.9401460E+01   3.8372618E-01   1.3658935E+04   1.8676451E+06   1.8757156E+06   0.0000000E+00   0.0000000E+00   0.0000000E+00   0.0000000E+00   0.0000000E+00
   8.9781043E-02   1.7840967E+06   1.7840967E+06   2.7097109E+01   3.4038285E-01   1.2576819E+04   1.7764145E+06   1.7840967E+06   0.0000000E+00   0.0000000E+00   0.0000000E+00   0.0000000E+00   0.0000000E+00
   9.3008836E-02   1.6966632E+06   1.6966632E+06   2.2845194E+01   3.0217164E-01   1.1561343E+04   1.6893523E+06   1.6966632E+06   0.0000000E+00   0.0000000E+00   0.0000000E+00   0.0000000E+00   0.0000000E+00
   9.6310557E-02   1.6148429E+06   1.6148429E+06   2.0761861E+01   2.6864824E-01   1.0643131E+04   1.6078799E+06   1.6148429E+06   0.0000000E+00   0.0000000E+00   0.0000000E+00   0.0000000E+00   0.0000000E+00
   9.9692920E-02   1.5398327E+06   1.5398327E+06   1.8909227E+01   2.3940317E-01   9.8434686E+03   1.5331891E+06   1.5398327E+06   0.0000000E+00   0.0000000E+00   0.0000000E+00   0.0000000E+00   0.0000000E+00
   1.0316235E-01   1.4724219E+06   1.4724219E+06   1.7043453E+01   2.1400335E-01   9.1415419E+03   1.4660654E+06   1.4724219E+06   0.0000000E+00   0.0000000E+00   0.0000000E+00   0.0000000E+00   0.0000000E+00
   1.0672508E-01   1.4128437E+06   1.4128437E+06   1.5299361E+01   1.9200549E-01   8.5236980E+03   1.4067411E+06   1.4128437E+06   0.0000000E+00   0.0000000E+00   0.0000000E+00   0.0000000E+00   0.0000000E+00
   1.1038719E-01   1.3606825E+06   1.3606825E+06   1.3742545E+01   1.7292431E-01   7.9781384E+03   1.3548022E+06   1.3606825E+06   0.0000000E+00   0.0000000E+00   0.0000000E+00   0.0000000E+00   0.0000000E+00
   1.1415464E-01   1.3148570E+06   1.3148570E+06   1.2033209E+01   1.5628410E-01   7.4990401E+03   1.3091720E+06   1.3148570E+06   0.0000000E+00   0.0000000E+00   0.0000000E+00   0.0000000E+00   0.0000000E+00
   1.1803337E-01   1.2737010E+06   1.2737010E+06   1.0673016E+01   1.4161281E-01   7.0909940E+03   1.2681915E+06   1.2737010E+06   0.0000000E+00   0.0000000E+00   0.0000000E+00   0.0000000E+00   0.0000000E+00
   1.2202924E-01   1.2351463E+06   1.2351463E+06   1.0169256E+01   1.2848469E-01   6.6987290E+03   1.2298013E+06   1.2351463E+06   0.0000000E+00   0.0000000E+00   0.0000000E+00   0.0000000E+00   0.0000000E+00
   1.2614813E-01   1.1970007E+06   1.1970007E+06   8.8822656E+00   1.1652881E-01   6.3442604E+03   1.1918187E+06   1.1970007E+06   0.0000000E+00   0.0000000E+00   0.0000000E+00   0.0000000E+00   0.0000000E+00
   1.3039588E-01   1.1572887E+06   1.1572887E+06   7.9569674E+00   1.0547464E-01   5.9844868E+03   1.1522767E+06   1.1572887E+06   0.0000000E+00   0.0000000E+00   0.0000000E+00   0.0000000E+00   0.0000000E+00
   1.3477839E-01   1.1146036E+06   1.1146036E+06   7.2058613E+00   9.5136609E-02   5.6340270E+03   1.1097747E+06   1.1146036E+06   0.0000000E+00   0.0000000E+00   0.0000000E+00   0.0000000E+00   0.0000000E+00
   1.3930154E-01   1.0684004E+06   1.0684004E+06   6.4358677E+00   8.5435921E-02   5.2866092E+03   1.0637702E+06   1.0684004E+06   0.0000000E+00   0.0000000E+00   0.0000000E+00   0.0000000E+00   0.0000000E+00
   1.4397127E-01   1.0191530E+06   1.0191530E+06   5.8729462E+00   7.6376836E-02   4.9416782E+03   1.0147348E+06   1.0191530E+06   0.0000000E+00   0.0000000E+00   0.0000000E+00   0.0000000E+00   0.0000000E+00
   1.4879354E-01   9.6831133E+05   9.6831133E+05   5.3171286E+00   6.8021443E-02   4.5934879E+03   9.6411227E+05   9.6831133E+05   0.0000000E+00   0.0000000E+00   0.0000000E+00   0.0000000E+00   0.0000000E+00
   1.5377436E-01   9.1802824E+05   9.1802824E+05   4.5971209E+00   6.0451139E-02   4.2767357E+03   9.1404611E+05   9.1802824E+05   0.0000000E+00   0.0000000E+00   0.0000000E+00   0.0000000E+00   0.0000000E+00
   1.5891980E-01   8.7067909E+05   8.7067909E+05   4.0363063E+00   5.3736350E-02   3.9762584E+03   8.6690135E+05   8.7067909E+05   0.0000000E+00   0.0000000E+00   0.0000000E+00   0.0000000E+00   0.0000000E+00
   1.6423597E-01   8.2826445E+05   8.2826445E+05   3.6098431E+00   4.7897648E-02   3.7142106E+03   8.2466983E+05   8.2826445E+05   0.0000000E+00   0.0000000E+00   0.0000000E+00   0.0000000E+00   0.0000000E+00
   1.6972907E-01   7.9184409E+05   7.9184409E+05   3.2288738E+00   4.2888781E-02   3.4927088E+03   7.8840672E+05   7.9184409E+05   0.0000000E+00   0.0000000E+00   0.0000000E+00   0.0000000E+00   0.0000000E+00
   1.7540537E-01   7.6117945E+05   7.6117945E+05   3.0043833E+00   3.8600892E-02   3.3009296E+03   7.5787446E+05   7.6117945E+05   0.0000000E+00   0.0000000E+00   0.0000000E+00   0.0000000E+00   0.0000000E+00
   1.8127124E-01   7.3473564E+05   7.3473564E+05   2.6271471E+00   3.4876737E-02   3.1369408E+03   7.3154479E+05   7.3473564E+05   0.0000000E+00   0.0000000E+00   0.0000000E+00   0.0000000E+00   0.0000000E+00
   1.8733317E-01   7.1010423E+05   7.1010423E+05   2.3913452E+00   3.1552308E-02   2.9832851E+03   7.0701974E+05   7.1010423E+05   0.0000000E+00   0.0000000E+00   0.0000000E+00   0.0000000E+00   0.0000000E+00
   1.9359780E-01   6.8476662E+05   6.8476662E+05   2.1607737E+00   2.8486568E-02   2.8351936E+03   6.8179164E+05   6.8476662E+05   0.0000000E+00   0.0000000E+00   0.0000000E+00   0.0000000E+00   0.0000000E+00
   2.0007191E-01   6.5696625E+05   6.5696625E+05   1.9328918E+00   2.5596133E-02   2.6842621E+03   6.5411154E+05   6.5696625E+05   0.0000000E+00   0.0000000E+00   0.0000000E+00   0.0000000E+00   0.0000000E+00
   2.0676253E-01   6.2636292E+05   6.2636292E+05   1.7698398E+00   2.2863831E-02   2.5237520E+03   6.2364074E+05   6.2636292E+05   0.0000000E+00   0.0000000E+00   0.0000000E+00   0.0000000E+00   0.0000000E+00
   2.1367691E-01   5.9416705E+05   5.9416705E+05   1.5709851E+00   2.0324483E-02   2.3647047E+03   5.9158439E+05   5.9416705E+05   0.0000000E+00   0.0000000E+00   0.0000000E+00   0.0000000E+00   0.0000000E+00
   2.2082260E-01   5.6262575E+05   5.6262575E+05   1.3958509E+00   1.8034762E-02   2.2120235E+03   5.6017983E+05   5.6262575E+05   0.0000000E+00   0.0000000E+00   0.0000000E+00   0.0000000E+00   0.0000000E+00
   2.2820753E-01   5.3401587E+05   5.3401587E+05   1.2301023E+00   1.6036536E-02   2.0742799E+03   5.3169400E+05   5.3401587E+05   0.0000000E+00   0.0000000E+00   0.0000000E+00   0.0000000E+00   0.0000000E+00
   2.3584002E-01   5.0957303E+05   5.0957303E+05   1.0914556E+00   1.4330324E-02   1.9589114E+03   5.0735715E+05   5.0957303E+05   0.0000000E+00   0.0000000E+00   0.0000000E+00   0.0000000E+00   0.0000000E+00
   2.4372892E-01   4.8889431E+05   4.8889431E+05   9.7262413E-01   1.2870716E-02   1.8593870E+03   4.8676809E+05   4.8889431E+05   0.0000000E+00   0.0000000E+00   0.0000000E+00   0.0000000E+00   0.0000000E+00
   2.5188366E-01   4.7018008E+05   4.7018008E+05   8.8701503E-01   1.1586368E-02   1.7704976E+03   4.6813501E+05   4.7018008E+05   0.0000000E+00   0.0000000E+00   0.0000000E+00   0.0000000E+00   0.0000000E+00
   2.6031438E-01   4.5125270E+05   4.5125270E+05   7.9513627E-01   1.0410478E-02   1.6822643E+03   4.4928974E+05   4.5125270E+05   0.0000000E+00   0.0000000E+00   0.0000000E+00   0.0000000E+00   0.0000000E+00
   2.6903201E-01   4.3080912E+05   4.3080912E+05   7.1685626E-01   9.3074917E-03   1.5919192E+03   4.2893490E+05   4.3080912E+05   0.0000000E+00   0.0000000E+00   0.0000000E+00   0.0000000E+00   0.0000000E+00
   2.7804846E-01   4.0914195E+05   4.0914195E+05   6.3661090E-01   8.2795460E-03   1.4987337E+03   4.0736182E+05   4.0914195E+05   0.0000000E+00   0.0000000E+00   0.0000000E+00   0.0000000E+00   0.0000000E+00
   2.8737676E-01   3.8782335E+05   3.8782335E+05   5.5775641E-01   7.3508421E-03   1.4093505E+03   3.8613582E+05   3.8782335E+05   0.0000000E+00   0.0000000E+00   0.0000000E+00   0.0000000E+00   0.0000000E+00
   2.9703121E-01   3.6851932E+05   3.6851932E+05   4.9522468E-01   6.5399058E-03   1.3286730E+03   3.6691565E+05   3.6851932E+05   0.0000000E+00   0.0000000E+00   0.0000000E+00   0.0000000E+00   0.0000000E+00
   3.0702767E-01   3.5176519E+05   3.5176519E+05   4.4340416E-01   5.8426532E-03   1.2591118E+03   3.5023430E+05   3.5176519E+05   0.0000000E+00   0.0000000E+00   0.0000000E+00   0.0000000E+00   0.0000000E+00
   3.1738376E-01   3.3664378E+05   3.3664378E+05   3.9929526E-01   5.2316316E-03   1.1963226E+03   3.3517859E+05   3.3664378E+05   0.0000000E+00   0.0000000E+00   0.0000000E+00   0.0000000E+00   0.0000000E+00
   3.2811919E-01   3.2164669E+05   3.2164669E+05   3.5575172E-01   4.6768209E-03   1.1355121E+03   3.2024668E+05   3.2164669E+05   0.0000000E+00   0.0000000E+00   0.0000000E+00   0.0000000E+00   0.0000000E+00
   3.3925612E-01   3.0599325E+05   3.0599325E+05   3.1789942E-01   4.1628327E-03   1.0736278E+03   3.0466128E+05   3.0599325E+05   0.0000000E+00   0.0000000E+00   0.0000000E+00   0.0000000E+00   0.0000000E+00
   3.5081960E-01   2.9021206E+05   2.9021206E+05   2.8136778E-01   3.6933292E-03   1.0121962E+03   2.8894870E+05   2.9021206E+05   0.0000000E+00   0.0000000E+00   0.0000000E+00   0.0000000E+00   0.0000000E+00
   3.6283813E-01   2.7543294E+05   2.7543294E+05   2.4951293E-01   3.2775192E-03   9.5501833E+02   2.7423384E+05   2.7543294E+05   0.0000000E+00   0.0000000E+00   0.0000000E+00   0.0000000E+00   0.0000000E+00
   3.7534429E-01   2.6213084E+05   2.6213084E+05   2.2163052E-01   2.9149605E-03   9.0411043E+02   2.6098960E+05   2.6213084E+05   0.0000000E+00   0.0000000E+00   0.0000000E+00   0.0000000E+00   0.0000000E+00
   3.8837561E-01   2.4968923E+05   2.4968923E+05   1.9795345E-01   2.5933156E-03   8.5677679E+02   2.4860209E+05   2.4968923E+05   0.0000000E+00   0.0000000E+00   0.0000000E+00   0.0000000E+00   0.0000000E+00
   4.0197555E-01   2.3725140E+05   2.3725140E+05   1.7523931E-01   2.3003232E-03   8.1019624E+02   2.3621836E+05   2.3725140E+05   0.0000000E+00   0.0000000E+00   0.0000000E+00   0.0000000E+00   0.0000000E+00
   4.1619488E-01   2.2476425E+05   2.2476425E+05   1.5493374E-01   2.0333282E-03   7.6398683E+02   2.2378554E+05   2.2476425E+05   0.0000000E+00   0.0000000E+00   0.0000000E+00   0.0000000E+00   0.0000000E+00
   4.3109333E-01   2.1285325E+05   2.1285325E+05   1.3679573E-01   1.7949382E-03   7.2033709E+02   2.1192636E+05   2.1285325E+05   0.0000000E+00   0.0000000E+00   0.0000000E+00   0.0000000E+00   0.0000000E+00
   4.4674183E-01   2.0178295E+05   2.0178295E+05   1.2048526E-01   1.5845152E-03   6.8002706E+02   2.0090423E+05   2.0178295E+05   0.0000000E+00   0.0000000E+00   0.0000000E+00   0.0000000E+00   0.0000000E+00
   4.6322541E-01   1.9110885E+05   1.9110885E+05   1.0635780E-01   1.3958263E-03   6.4144317E+02   1.9027657E+05   1.9110885E+05   0.0000000E+00   0.0000000E+00   0.0000000E+00   0.0000000E+00   0.0000000E+00
   4.8064713E-01   1.8050079E+05   1.8050079E+05   9.3150012E-02   1.2246403E-03   6.0355365E+02   1.7971469E+05   1.8050079E+05   0.0000000E+00   0.0000000E+00   0.0000000E+00   0.0000000E+00   0.0000000E+00
   4.9913337E-01   1.7021592E+05   1.7021592E+05   8.1496284E-02   1.0710192E-03   5.6706898E+02   1.6947458E+05   1.7021592E+05   0.0000000E+00   0.0000000E+00   0.0000000E+00   0.0000000E+00   0.0000000E+00
   5.1884122E-01   1.6041241E+05   1.6041241E+05   7.1054599E-02   9.3413516E-04   5.3258059E+02   1.5971374E+05   1.6041241E+05   0.0000000E+00   0.0000000E+00   0.0000000E+00   0.0000000E+00   0.0000000E+00
   5.3996884E-01   1.5081547E+05   1.5081547E+05   6.1719600E-02   8.1092499E-04   4.9903759E+02   1.5015858E+05   1.5081547E+05   0.0000000E+00   0.0000000E+00   0.0000000E+00   0.0000000E+00   0.0000000E+00
   5.6277036E-01   1.4136235E+05   1.4136235E+05   5.3243735E-02   6.9979805E-04   4.6626009E+02   1.4074661E+05   1.4136235E+05   0.0000000E+00   0.0000000E+00   0.0000000E+00   0.0000000E+00   0.0000000E+00
   5.8757766E-01   1.3217337E+05   1.3217337E+05   4.5654846E-02   6.0026094E-04   4.3458316E+02   1.3159764E+05   1.3217337E+05   0.0000000E+00   0.0000000E+00   0.0000000E+00   0.0000000E+00   0.0000000E+00
   6.1483300E-01   1.2310083E+05   1.2310083E+05   3.8842310E-02   5.1062747E-04   4.0353971E+02   1.2256461E+05   1.2310083E+05   0.0000000E+00   0.0000000E+00   0.0000000E+00   0.0000000E+00   0.0000000E+00
   6.4513854E-01   1.1410857E+05   1.1410857E+05   3.2698208E-02   4.2992774E-04   3.7296198E+02   1.1361150E+05   1.1410857E+05   0.0000000E+00   0.0000000E+00   0.0000000E+00   0.0000000E+00   0.0000000E+00
   6.7933255E-01   1.0516393E+05   1.0516393E+05   2.7177040E-02   3.5735419E-04   3.4275533E+02   1.0470581E+05   1.0516393E+05   0.0000000E+00   0.0000000E+00   0.0000000E+00   0.0000000E+00   0.0000000E+00
   7.1860640E-01   9.6178337E+04   9.6178337E+04   2.2212245E-02   2.9209662E-04   3.1257789E+02   9.5759346E+04   9.6178337E+04   0.0000000E+00   0.0000000E+00   0.0000000E+00   0.0000000E+00   0.0000000E+00
   7.6467725E-01   8.7096935E+04   8.7096935E+04   1.7762945E-02   2.3362029E-04   2.8227329E+02   8.6717497E+04   8.7096935E+04   0.0000000E+00   0.0000000E+00   0.0000000E+00   0.0000000E+00   0.0000000E+00
   8.2001011E-01   7.7862338E+04   7.7862338E+04   1.3808568E-02   1.8162795E-04   2.5164474E+02   7.7523121E+04   7.7862338E+04   0.0000000E+00   0.0000000E+00   0.0000000E+00   0.0000000E+00   0.0000000E+00
   8.8797992E-01   6.8474252E+04   6.8474252E+04   1.0355366E-02   1.3621970E-04   2.2070054E+02   6.8175928E+04   6.8474252E+04   0.0000000E+00   0.0000000E+00   0.0000000E+00   0.0000000E+00   0.0000000E+00
   9.7258139E-01   5.9070785E+04   5.9070785E+04   7.4466013E-03   9.7964694E-05   1.8988700E+02   5.8813422E+04   5.9070785E+04   0.0000000E+00   0.0000000E+00   0.0000000E+00   0.0000000E+00   0.0000000E+00
   1.0770764E+00   4.9999022E+04   4.9999022E+04   5.1398956E-03   6.7615271E-05   1.6033108E+02   4.9781178E+04   4.9999022E+04   0.0000000E+00   0.0000000E+00   0.0000000E+00   0.0000000E+00   0.0000000E+00
   1.2022367E+00   4.1727230E+04   4.1727230E+04   3.4423432E-03   4.5294403E-05   1.3351833E+02   4.1545422E+04   4.1727230E+04   0.0000000E+00   0.0000000E+00   0.0000000E+00   0.0000000E+00   0.0000000E+00
   1.3469739E+00   3.4566422E+04   3.4566422E+04   2.2715541E-03   2.9894007E-05   1.1040089E+02   3.4415812E+04   3.4566422E+04   0.0000000E+00   0.0000000E+00   0.0000000E+00   0.0000000E+00   0.0000000E+00
   1.5108961E+00   2.8543596E+04   2.8543596E+04   1.4907617E-03   1.9620944E-05   9.1033719E+01   2.8419226E+04   2.8543596E+04   0.0000000E+00   0.0000000E+00   0.0000000E+00   0.0000000E+00   0.0000000E+00
   1.6951854E+00   2.3532307E+04   2.3532307E+04   9.7620107E-04   1.2851503E-05   7.4963595E+01   2.3429771E+04   2.3532307E+04   0.0000000E+00   0.0000000E+00   0.0000000E+00   0.0000000E+00   0.0000000E+00
   1.9020220E+00   1.9377683E+04   1.9377683E+04   6.3868813E-04   8.4071089E-06   6.1670800E+01   1.9293249E+04   1.9377683E+04   0.0000000E+00   0.0000000E+00   0.0000000E+00   0.0000000E+00   0.0000000E+00
   2.1341032E+00   1.5939272E+04   1.5939272E+04   4.1730858E-04   5.4938285E-06   5.0689829E+01   1.5869819E+04   1.5939272E+04   0.0000000E+00   0.0000000E+00   0.0000000E+00   0.0000000E+00   0.0000000E+00
   2.3945031E+00   1.3097539E+04   1.3097539E+04   2.7234923E-04   3.5865326E-06   4.1627053E+01   1.3040469E+04   1.3097539E+04   0.0000000E+00   0.0000000E+00   0.0000000E+00   0.0000000E+00   0.0000000E+00
   2.6866767E+00   1.0751952E+04   1.0751952E+04   1.7758386E-04   2.3391745E-06   3.4156064E+01   1.0705102E+04   1.0751952E+04   0.0000000E+00   0.0000000E+00   0.0000000E+00   0.0000000E+00   0.0000000E+00
   3.0145009E+00   8.8182305E+03   8.8182305E+03   1.1568737E-04   1.5242798E-06   2.8002916E+01   8.7798061E+03   8.8182305E+03   0.0000000E+00   0.0000000E+00   0.0000000E+00   0.0000000E+00   0.0000000E+00
   3.3823256E+00   7.2258912E+03   7.2258912E+03   7.5299627E-05   9.9246681E-07   2.2939381E+01   7.1944052E+03   7.2258912E+03   0.0000000E+00   0.0000000E+00   0.0000000E+00   0.0000000E+00   0.0000000E+00
   3.7950317E+00   5.9160939E+03   5.9160939E+03   4.8974580E-05   6.4570556E-07   1.8776712E+01   5.8903151E+03   5.9160939E+03   0.0000000E+00   0.0000000E+00   0.0000000E+00   0.0000000E+00   0.0000000E+00
   4.2580956E+00   4.8398198E+03   4.8398198E+03   3.1824645E-05   4.1980584E-07   1.5357890E+01   4.8187308E+03   4.8398198E+03   0.0000000E+00   0.0000000E+00   0.0000000E+00   0.0000000E+00   0.0000000E+00
   4.7776619E+00   3.9563036E+03   3.9563036E+03   2.0663165E-05   2.7276246E-07   1.2552274E+01   3.9390643E+03   3.9563036E+03   0.0000000E+00   0.0000000E+00   0.0000000E+00   0.0000000E+00   0.0000000E+00
   5.3606248E+00   3.2317004E+03   3.2317004E+03   1.3405909E-05   1.7712217E-07   1.0252039E+01   3.2176186E+03   3.2317004E+03   0.0000000E+00   0.0000000E+00   0.0000000E+00   0.0000000E+00   0.0000000E+00
   6.0147200E+00   2.6379563E+03   2.6379563E+03   8.6932253E-06   1.1495945E-07   8.3676446E+00   2.6264616E+03   2.6379563E+03   0.0000000E+00   0.0000000E+00   0.0000000E+00   0.0000000E+00   0.0000000E+00
   6.7486268E+00   2.1518509E+03   2.1518509E+03   5.6329952E-06   7.4582262E-08   6.8251714E+00   2.1424744E+03   2.1518509E+03   0.0000000E+00   0.0000000E+00   0.0000000E+00   0.0000000E+00   0.0000000E+00
   7.5720838E+00   1.7541919E+03   1.7541919E+03   3.6477007E-06   4.8371547E-08   5.5634840E+00   1.7465481E+03   1.7541919E+03   0.0000000E+00   0.0000000E+00   0.0000000E+00   0.0000000E+00   0.0000000E+00
   8.4960178E+00   1.4291369E+03   1.4291369E+03   2.3604315E-06   3.1365275E-08   4.5322957E+00   1.4229096E+03   1.4291369E+03   0.0000000E+00   0.0000000E+00   0.0000000E+00   0.0000000E+00   0.0000000E+00
