#           k/h    CDM            baryon         photon         nu             mass_nu        total          no_nu          total_de       Weyl           v_CDM          v_b            v_b-v_c     
   1.0537954E-05   3.3726459E+06   3.3726459E+06   4.4965058E+06   1.2053264E+04   6.1721062E+04   3.3728918E+06   3.3726459E+06   0.0000000E+00   0.0000000E+00   0.0000000E+00   0.0000000E+00   0.0000000E+00
   1.1823779E-05   3.3726450E+06   3.3726450E+06   4.4964127E+06   1.2053110E+04   6.1720140E+04   3.3728909E+06   3.3726450E+06   0.0000000E+00   0.0000000E+00   0.0000000E+00   0.0000000E+00   0.0000000E+00
   1.3266498E-05   3.3726440E+06   3.3726440E+06   4.4962955E+06   1.2052917E+04   6.1718979E+04   3.3728898E+06   3.3726440E+06   0.0000000E+00   0.0000000E+00   0.0000000E+00   0.0000000E+00   0.0000000E+00
   1.4885255E-05   3.3726427E+06   3.3726427E+06   4.4961479E+06   1.2052674E+04   6.1717517E+04   3.3728883E+06   3.3726427E+06   0.0000000E+00   0.0000000E+00   0.0000000E+00   0.0000000E+00   0.0000000E+00
   1.6701531E-05   3.3726410E+06   3.3726410E+06   4.4959622E+06   1.2052368E+04   6.1715677E+04   3.3728865E+06   3.3726410E+06   0.0000000E+00   0.0000000E+00   0.0000000E+00   0.0000000E+00   0.0000000E+00
   1.8739426E-05   3.3726389E+06   3.3726389E+06   4.4957283E+06   1.2051983E+04   6.1713360E+04   3.3728842E+06   3.3726389E+06   0.0000000E+00   0.0000000E+00   0.0000000E+00   0.0000000E+00   0.0000000E+00
   2.1025982E-05   3.3726363E+06   3.3726363E+06   4.4954339E+06   1.2051498E+04   6.1710445E+04   3.3728813E+06   3.3726363E+06   0.0000000E+00   0.0000000E+00   0.0000000E+00   0.0000000E+00   0.0000000E+00
   2.3591540E-05   3.3726330E+06   3.3726330E+06   4.4950633E+06   1.2050887E+04   6.1706774E+04   3.3728776E+06   3.3726330E+06   0.0000000E+00   0.0000000E+00   0.0000000E+00   0.0000000E+00   0.0000000E+00
   2.6470143E-05   3.3726288E+06   3.3726288E+06   4.4945968E+06   1.2050119E+04   6.1702154E+04   3.3728730E+06   3.3726288E+06   0.0000000E+00   0.0000000E+00   0.0000000E+00   0.0000000E+00   0.0000000E+00
   2.9699989E-05   3.3726236E+06   3.3726236E+06   4.4940096E+06   1.2049151E+04   6.1696338E+04   3.3728673E+06   3.3726236E+06   0.0000000E+00   0.0000000E+00   0.0000000E+00   0.0000000E+00   0.0000000E+00
   3.3323936E-05   3.3726170E+06   3.3726170E+06   4.4932704E+06   1.2047934E+04   6.1689019E+04   3.3728600E+06   3.3726170E+06   0.0000000E+00   0.0000000E+00   0.0000000E+00   0.0000000E+00   0.0000000E+00
   3.7390071E-05   3.3726087E+06   3.3726087E+06   4.4923400E+06   1.2046401E+04   6.1679808E+04   3.3728508E+06   3.3726087E+06   0.0000000E+00   0.0000000E+00   0.0000000E+00   0.0000000E+00   0.0000000E+00
   4.1952349E-05   3.3725982E+06   3.3725982E+06   4.4911689E+06   1.2044471E+04   6.1668216E+04   3.3728393E+06   3.3725982E+06   0.0000000E+00   0.0000000E+00   0.0000000E+00   0.0000000E+00   0.0000000E+00
   4.7071310E-05   3.3725850E+06   3.3725850E+06   4.4896951E+06   1.2042042E+04   6.1653629E+04   3.3728248E+06   3.3725850E+06   0.0000000E+00   0.0000000E+00   0.0000000E+00   0.0000000E+00   0.0000000E+00
   5.2814879E-05   3.3725685E+06   3.3725685E+06   4.4878402E+06   1.2038986E+04   6.1635278E+04   3.3728065E+06   3.3725685E+06   0.0000000E+00   0.0000000E+00   0.0000000E+00   0.0000000E+00   0.0000000E+00
   5.9259269E-05   3.3725476E+06   3.3725476E+06   4.4855061E+06   1.2035139E+04   6.1612192E+04   3.3727835E+06   3.3725476E+06   0.0000000E+00   0.0000000E+00   0.0000000E+00   0.0000000E+00   0.0000000E+00
   6.6489993E-05   3.3725213E+06   3.3725213E+06   4.4825693E+06   1.2030297E+04   6.1583158E+04   3.3727546E+06   3.3725213E+06   0.0000000E+00   0.0000000E+00   0.0000000E+00   0.0000000E+00   0.0000000E+00
   7.4602999E-05   3.3724883E+06   3.3724883E+06   4.4788746E+06   1.2024206E+04   6.1546652E+04   3.3727182E+06   3.3724883E+06   0.0000000E+00   0.0000000E+00   0.0000000E+00   0.0000000E+00   0.0000000E+00
   8.3705942E-05   3.3724466E+06   3.3724466E+06   4.4742273E+06   1.2016542E+04   6.1500765E+04   3.3726723E+06   3.3724466E+06   0.0000000E+00   0.0000000E+00   0.0000000E+00   0.0000000E+00   0.0000000E+00
   9.3919611E-05   3.3723943E+06   3.3723943E+06   4.4683832E+06   1.2006901E+04   6.1443111E+04   3.3726146E+06   3.3723943E+06   0.0000000E+00   0.0000000E+00   0.0000000E+00   0.0000000E+00   0.0000000E+00
   1.0537954E-04   3.3723283E+06   3.3723283E+06   4.4610360E+06   1.1994776E+04   6.1370708E+04   3.3725420E+06   3.3723283E+06   0.0000000E+00   0.0000000E+00   0.0000000E+00   0.0000000E+00   0.0000000E+00
   1.1823779E-04   3.3722454E+06   3.3722454E+06   4.4518025E+06   1.1979532E+04   6.1279843E+04   3.3724506E+06   3.3722454E+06   0.0000000E+00   0.0000000E+00   0.0000000E+00   0.0000000E+00   0.0000000E+00
   1.3266498E-04   3.3721410E+06   3.3721410E+06   4.4402038E+06   1.1960370E+04   6.1165900E+04   3.3723356E+06   3.3721410E+06   0.0000000E+00   0.0000000E+00   0.0000000E+00   0.0000000E+00   0.0000000E+00
   1.4885255E-04   3.3720097E+06   3.3720097E+06   4.4256420E+06   1.1936296E+04   6.1023165E+04   3.3721910E+06   3.3720097E+06   0.0000000E+00   0.0000000E+00   0.0000000E+00   0.0000000E+00   0.0000000E+00
   1.6701531E-04   3.3718445E+06   3.3718445E+06   4.4073736E+06   1.1906064E+04   6.0844593E+04   3.3720090E+06   3.3718445E+06   0.0000000E+00   0.0000000E+00   0.0000000E+00   0.0000000E+00   0.0000000E+00
   1.8739426E-04   3.3716368E+06   3.3716368E+06   4.3844754E+06   1.1868126E+04   6.0621551E+04   3.3717802E+06   3.3716368E+06   0.0000000E+00   0.0000000E+00   0.0000000E+00   0.0000000E+00   0.0000000E+00
   2.1025982E-04   3.3713756E+06   3.3713756E+06   4.3558071E+06   1.1820555E+04   6.0343540E+04   3.3714927E+06   3.3713756E+06   0.0000000E+00   0.0000000E+00   0.0000000E+00   0.0000000E+00   0.0000000E+00
   2.3591540E-04   3.3710474E+06   3.3710474E+06   4.3199659E+06   1.1760969E+04   5.9997917E+04   3.3711313E+06   3.3710474E+06   0.0000000E+00   0.0000000E+00   0.0000000E+00   0.0000000E+00   0.0000000E+00
   2.6470143E-04   3.3706351E+06   3.3706351E+06   4.2752381E+06   1.1686430E+04   5.9569656E+04   3.3706773E+06   3.3706351E+06   0.0000000E+00   0.0000000E+00   0.0000000E+00   0.0000000E+00   0.0000000E+00
   2.9699989E-04   3.3701173E+06   3.3701173E+06   4.2195478E+06   1.1593339E+04   5.9041223E+04   3.3701075E+06   3.3701173E+06   0.0000000E+00   0.0000000E+00   0.0000000E+00   0.0000000E+00   0.0000000E+00
   3.3323936E-04   3.3694677E+06   3.3694677E+06   4.1504077E+06   1.1477319E+04   5.8392657E+04   3.3693928E+06   3.3694677E+06   0.0000000E+00   0.0000000E+00   0.0000000E+00   0.0000000E+00   0.0000000E+00
   3.7390071E-04   3.3686532E+06   3.3686532E+06   4.0648817E+06   1.1333103E+04   5.7602049E+04   3.3684970E+06   3.3686532E+06   0.0000000E+00   0.0000000E+00   0.0000000E+00   0.0000000E+00   0.0000000E+00
   4.1952349E-04   3.3676331E+06   3.3676331E+06   3.9595730E+06   1.1154428E+04   5.6646644E+04   3.3673758E+06   3.3676331E+06   0.0000000E+00   0.0000000E+00   0.0000000E+00   0.0000000E+00   0.0000000E+00
   4.7071310E-04   3.3663573E+06   3.3663573E+06   3.8306601E+06   1.0933979E+04   5.5504946E+04   3.3659743E+06   3.3663573E+06   0.0000000E+00   0.0000000E+00   0.0000000E+00   0.0000000E+00   0.0000000E+00
   5.2814879E-04   3.3647641E+06   3.3647641E+06   3.6740165E+06   1.0663418E+04   5.4160243E+04   3.3642256E+06   3.3647641E+06   0.0000000E+00   0.0000000E+00   0.0000000E+00   0.0000000E+00   0.0000000E+00
   5.9259269E-04   3.3627787E+06   3.3627787E+06   3.4854602E+06   1.0333546E+04   5.2606063E+04   3.3620486E+06   3.3627787E+06   0.0000000E+00   0.0000000E+00   0.0000000E+00   0.0000000E+00   0.0000000E+00
   6.6489993E-04   3.3603106E+06   3.3603106E+06   3.2611961E+06   9.9347185E+03   5.0853956E+04   3.3593456E+06   3.3603106E+06   0.0000000E+00   0.0000000E+00   0.0000000E+00   0.0000000E+00   0.0000000E+00
   7.4602999E-04   3.3572517E+06   3.3572517E+06   2.9985232E+06   9.4576030E+03   4.8943513E+04   3.3560011E+06   3.3572517E+06   0.0000000E+00   0.0000000E+00   0.0000000E+00   0.0000000E+00   0.0000000E+00
   8.3705942E-04   3.3534745E+06   3.3534745E+06   2.6968683E+06   8.8944327E+03   4.6953456E+04   3.3518794E+06   3.3534745E+06   0.0000000E+00   0.0000000E+00   0.0000000E+00   0.0000000E+00   0.0000000E+00
   9.3919611E-04   3.3488310E+06   3.3488310E+06   2.3591586E+06   8.2408785E+03   4.5010356E+04   3.3468251E+06   3.3488310E+06   0.0000000E+00   0.0000000E+00   0.0000000E+00   0.0000000E+00   0.0000000E+00
   1.0537954E-03   3.3431525E+06   3.3431525E+06   1.9934220E+06   7.4985873E+03   4.3287913E+04   3.3406635E+06   3.3431525E+06   0.0000000E+00   0.0000000E+00   0.0000000E+00   0.0000000E+00   0.0000000E+00
   1.1823779E-03   3.3362505E+06   3.3362505E+06   1.6142555E+06   6.6782223E+03   4.1984977E+04   3.3332034E+06   3.3362505E+06   0.0000000E+00   0.0000000E+00   0.0000000E+00   0.0000000E+00   0.0000000E+00
   1.3266498E-03   3.3279196E+06   3.3279196E+06   1.2434265E+06   5.8024331E+03   4.1267074E+04   3.3242420E+06   3.3279196E+06   0.0000000E+00   0.0000000E+00   0.0000000E+00   0.0000000E+00   0.0000000E+00
   1.4885255E-03   3.3179411E+06   3.3179411E+06   9.0842362E+05   4.9075483E+03   4.1160805E+04   3.3135706E+06   3.3179411E+06   0.0000000E+00   0.0000000E+00   0.0000000E+00   0.0000000E+00   0.0000000E+00
   1.6701531E-03   3.3060858E+06   3.3060858E+06   6.3757385E+05   4.0420591E+03   4.1415331E+04   3.3009798E+06   3.3060858E+06   0.0000000E+00   0.0000000E+00   0.0000000E+00   0.0000000E+00   0.0000000E+00
   1.8739426E-03   3.2921149E+06   3.2921149E+06   4.5104658E+05   3.2596588E+03   4.1403610E+04   3.2862608E+06   3.2921149E+06   0.0000000E+00   0.0000000E+00   0.0000000E+00   0.0000000E+00   0.0000000E+00
   2.1025982E-03   3.2757761E+06   3.2757761E+06   3.4960994E+05   2.6057596E+03   4.0218802E+04   3.2691986E+06   3.2757761E+06   0.0000000E+00   0.0000000E+00   0.0000000E+00   0.0000000E+00   0.0000000E+00
   2.3591540E-03   3.2567946E+06   3.2567946E+06   3.0760280E+05   2.1002926E+03   3.7145615E+04   3.2495563E+06   3.2567946E+06   0.0000000E+00   0.0000000E+00   0.0000000E+00   0.0000000E+00   0.0000000E+00
   2.6470143E-03   3.2348642E+06   3.2348642E+06   2.8043697E+05   1.7260611E+03   3.2457842E+04   3.2270555E+06   3.2348642E+06   0.0000000E+00   0.0000000E+00   0.0000000E+00   0.0000000E+00   0.0000000E+00
   2.9699989E-03   3.2096495E+06   3.2096495E+06   2.3202814E+05   1.4361692E+03   2.7862003E+04   3.2013655E+06   3.2096495E+06   0.0000000E+00   0.0000000E+00   0.0000000E+00   0.0000000E+00   0.0000000E+00
   3.3323936E-03   3.1808021E+06   3.1808021E+06   1.6589903E+05   1.1853673E+03   2.5376371E+04   3.1721173E+06   3.1808021E+06   0.0000000E+00   0.0000000E+00   0.0000000E+00   0.0000000E+00   0.0000000E+00
   3.7390071E-03   3.1479828E+06   3.1479828E+06   1.1934761E+05   9.6282384E+02   2.4700606E+04   3.1389366E+06   3.1479828E+06   0.0000000E+00   0.0000000E+00   0.0000000E+00   0.0000000E+00   0.0000000E+00
   4.1952349E-03   3.1108549E+06   3.1108549E+06   1.0654304E+05   7.8442111E+02   2.2815280E+04   3.1014648E+06   3.1108549E+06   0.0000000E+00   0.0000000E+00   0.0000000E+00   0.0000000E+00   0.0000000E+00
   4.7071310E-03   3.0690530E+06   3.0690530E+06   9.1472076E+04   6.4708319E+02   1.9086071E+04   3.0593435E+06   3.0690530E+06   0.0000000E+00   0.0000000E+00   0.0000000E+00   0.0000000E+00   0.0000000E+00
   5.2814879E-03   3.0221851E+06   3.0221851E+06   6.2750072E+04   5.2545901E+02   1.7152957E+04   3.0122066E+06   3.0221851E+06   0.0000000E+00   0.0000000E+00   0.0000000E+00   0.0000000E+00   0.0000000E+00
   5.9259269E-03   2.9698800E+06   2.9698800E+06   5.3481845E+04   4.2145786E+02   1.5872407E+04   2.9596993E+06   2.9698800E+06   0.0000000E+00   0.0000000E+00   0.0000000E+00   0.0000000E+00   0.0000000E+00
   6.6489993E-03   2.9117769E+06   2.9117769E+06   4.2942364E+04   3.4178470E+02   1.2963962E+04   2.9014593E+06   2.9117769E+06   0.0000000E+00   0.0000000E+00   0.0000000E+00   0.0000000E+00   0.0000000E+00
   7.4602999E-03   2.8474950E+06   2.8474950E+06   3.0976159E+04   2.7248494E+02   1.2089067E+04   2.8370925E+06   2.8474950E+06   0.0000000E+00   0.0000000E+00   0.0000000E+00   0.0000000E+00   0.0000000E+00
   8.3705942E-03   2.7766660E+06   2.7766660E+06   2.5716112E+04   2.1808570E+02   9.7177086E+03   2.7662343E+06   2.7766660E+06   0.0000000E+00   0.0000000E+00   0.0000000E+00   0.0000000E+00   0.0000000E+00
   9.3919611E-03   2.6989166E+06   2.6989166E+06   1.9050592E+04   1.7162551E+02   9.0178400E+03   2.6885378E+06   2.6989166E+06   0.0000000E+00   0.0000000E+00   0.0000000E+00   0.0000000E+00   0.0000000E+00
   1.0537954E-02   2.6138905E+06   2.6138905E+06   1.3386643E+04   1.3578444E+02   7.3680225E+03   2.6036199E+06   2.6138905E+06   0.0000000E+00   0.0000000E+00   0.0000000E+00   0.0000000E+00   0.0000000E+00
   1.1823779E-02   2.5212331E+06   2.5212331E+06   1.1220125E+04   1.0606115E+02   6.1998171E+03   2.5111414E+06   2.5212331E+06   0.0000000E+00   0.0000000E+00   0.0000000E+00   0.0000000E+00   0.0000000E+00
   1.3266498E-02   2.4206260E+06   2.4206260E+06   8.7689535E+03   8.2359983E+01   5.4220877E+03   2.4107761E+06   2.4206260E+06   0.0000000E+00   0.0000000E+00   0.0000000E+00   0.0000000E+00   0.0000000E+00
   1.4885255E-02   2.3118130E+06   2.3118130E+06   6.6184650E+03   6.3535160E+01   4.6338372E+03   2.3022736E+06   2.3118130E+06   0.0000000E+00   0.0000000E+00   0.0000000E+00   0.0000000E+00   0.0000000E+00
   1.6701531E-02   2.1946600E+06   2.1946600E+06   5.0623982E+03   4.8670098E+01   3.8264911E+03   2.1854915E+06   2.1946600E+06   0.0000000E+00   0.0000000E+00   0.0000000E+00   0.0000000E+00   0.0000000E+00
   1.8739426E-02   2.0692484E+06   2.0692484E+06   3.7370928E+03   3.7036510E+01   3.0623897E+03   2.0605121E+06   2.0692484E+06   0.0000000E+00   0.0000000E+00   0.0000000E+00   0.0000000E+00   0.0000000E+00
   2.1025981E-02   1.9360142E+06   1.9360142E+06   2.4954176E+03   2.7892248E+01   2.5593700E+03   1.9277664E+06   1.9360142E+06   0.0000000E+00   0.0000000E+00   0.0000000E+00   0.0000000E+00   0.0000000E+00
   2.3591515E-02   1.7959365E+06   1.7959365E+06   2.0240188E+03   2.0796552E+01   2.1529796E+03   1.7882262E+06   1.7959365E+06   0.0000000E+00   0.0000000E+00   0.0000000E+00   0.0000000E+00   0.0000000E+00
   2.6469777E-02   1.6507754E+06   1.6507754E+06   1.3560980E+03   1.5357860E+01   1.7669862E+03   1.6436420E+06   1.6507754E+06   0.0000000E+00   0.0000000E+00   0.0000000E+00   0.0000000E+00   0.0000000E+00
   2.9696307E-02   1.5033760E+06   1.5033760E+06   9.7980979E+02   1.1233965E+01   1.4075245E+03   1.4968437E+06   1.5033760E+06   0.0000000E+00   0.0000000E+00   0.0000000E+00   0.0000000E+00   0.0000000E+00
   3.3297505E-02   1.3581539E+06   1.3581539E+06   7.0709938E+02   8.1456916E+00   1.1623256E+03   1.3522254E+06   1.3581539E+06   0.0000000E+00   0.0000000E+00   0.0000000E+00   0.0000000E+00   0.0000000E+00
   3.7251094E-02   1.2217947E+06   1.2217947E+06   5.4755556E+02   5.8959943E+00   9.4929653E+02   1.2164410E+06   1.2217947E+06   0.0000000E+00   0.0000000E+00   0.0000000E+00   0.0000000E+00   0.0000000E+00
   4.1413906E-02   1.1028861E+06   1.1028861E+06   3.7756748E+02   4.3267429E+00   7.5951229E+02   1.0980389E+06   1.1028861E+06   0.0000000E+00   0.0000000E+00   0.0000000E+00   0.0000000E+00   0.0000000E+00
   4.5525600E-02   1.0076827E+06   1.0076827E+06   2.8605944E+02   3.2729739E+00   6.7676034E+02   1.0032437E+06   1.0076827E+06   0.0000000E+00   0.0000000E+00   0.0000000E+00   0.0000000E+00   0.0000000E+00
   4.9387658E-02   9.3527521E+05   9.3527521E+05   2.3937236E+02   2.5792121E+00   5.8600760E+02   9.3114810E+05   9.3527521E+05   0.0000000E+00   0.0000000E+00   0.0000000E+00   0.0000000E+00   0.0000000E+00
   5.2967249E-02   8.7994112E+05   8.7994112E+05   1.9615709E+02   2.1047514E+00   5.2199492E+02   8.7605313E+05   8.7994112E+05   0.0000000E+00   0.0000000E+00   0.0000000E+00   0.0000000E+00   0.0000000E+00
   5.6318195E-02   8.3595263E+05   8.3595263E+05   1.6358905E+02   1.7634430E+00   4.8182527E+02   8.3225528E+05   8.3595263E+05   0.0000000E+00   0.0000000E+00   0.0000000E+00   0.0000000E+00   0.0000000E+00
   5.9505773E-02   7.9916762E+05   7.9916762E+05   1.3620719E+02   1.5062155E+00   4.4967760E+02   7.9563003E+05   7.9916762E+05   0.0000000E+00   0.0000000E+00   0.0000000E+00   0.0000000E+00   0.0000000E+00
   6.2583763E-02   7.6681759E+05   7.6681759E+05   1.1304775E+02   1.3038125E+00   4.1716210E+02   7.6342083E+05   7.6681759E+05   0.0000000E+00   0.0000000E+00   0.0000000E+00   0.0000000E+00   0.0000000E+00
   6.5592900E-02   7.3706494E+05   7.3706494E+05   1.0065182E+02   1.1395168E+00   3.8191022E+02   7.3379802E+05   7.3706494E+05   0.0000000E+00   0.0000000E+00   0.0000000E+00   0.0000000E+00   0.0000000E+00
   6.8563812E-02   7.0869150E+05   7.0869150E+05   9.4313439E+01   1.0019189E+00   3.6423482E+02   7.0554871E+05   7.0869150E+05   0.0000000E+00   0.0000000E+00   0.0000000E+00   0.0000000E+00   0.0000000E+00
   7.1519949E-02   6.8091216E+05   6.8091216E+05   7.9408521E+01   8.8477069E-01   3.5155355E+02   6.7789119E+05   6.8091216E+05   0.0000000E+00   0.0000000E+00   0.0000000E+00   0.0000000E+00   0.0000000E+00
   7.4479741E-02   6.5326526E+05   6.5326526E+05   6.7078899E+01   7.8378889E-01   3.2295019E+02   6.5036577E+05   6.5326526E+05   0.0000000E+00   0.0000000E+00   0.0000000E+00   0.0000000E+00   0.0000000E+00
   7.7458096E-02   6.2554467E+05   6.2554467E+05   6.4387869E+01   6.9533076E-01   3.0181460E+02   6.2276719E+05   6.2554467E+05   0.0000000E+00   0.0000000E+00   0.0000000E+00   0.0000000E+00   0.0000000E+00
   8.0467419E-02   5.9775227E+05   5.9775227E+05   5.7268467E+01   6.1723071E-01   2.9222538E+02   5.9509730E+05   5.9775227E+05   0.0000000E+00   0.0000000E+00   0.0000000E+00   0.0000000E+00   0.0000000E+00
   8.3518315E-02   5.7005842E+05   5.7005842E+05   4.7173612E+01   5.4814040E-01   2.7526649E+02   5.6752568E+05   5.7005842E+05   0.0000000E+00   0.0000000E+00   0.0000000E+00   0.0000000E+00   0.0000000E+00
   8.6620078E-02   5.4276292E+05   5.4276292E+05   4.1493029E+01   4.8697238E-01   2.5305857E+02   5.4035077E+05   5.4276292E+05   0.0000000E+00   0.0000000E+00   0.0000000E+00   0.0000000E+00   0.0000000E+00
   8.9781043E-02   5.1625243E+05   5.1625243E+05   3.8327826E+01   4.3263576E-01   2.3657819E+02   5.1395751E+05   5.1625243E+05   0.0000000E+00   0.0000000E+00   0.0000000E+00   0.0000000E+00   0.0000000E+00
   9.3008836E-02   4.9095292E+05   4.9095292E+05   3.4895908E+01   3.8462593E-01   2.2332309E+02   4.8876994E+05   4.9095292E+05   0.0000000E+00   0.0000000E+00   0.0000000E+00   0.0000000E+00   0.0000000E+00
   9.6310557E-02   4.6727755E+05   4.6727755E+05   3.1191928E+01   3.4228825E-01   2.1162542E+02   4.6519938E+05   4.6727755E+05   0.0000000E+00   0.0000000E+00   0.0000000E+00   0.0000000E+00   0.0000000E+00
   9.9692920E-02   4.4557274E+05   4.4557274E+05   2.7762217E+01   3.0512520E-01   1.9996942E+02   4.4359068E+05   4.4557274E+05   0.0000000E+00   0.0000000E+00   0.0000000E+00   0.0000000E+00   0.0000000E+00
   1.0316235E-01   4.2606681E+05   4.2606681E+05   2.4739344E+01   2.7260464E-01   1.8922142E+02   4.2417116E+05   4.2606681E+05   0.0000000E+00   0.0000000E+00   0.0000000E+00   0.0000000E+00   0.0000000E+00
   1.0672508E-01   4.0882732E+05   4.0882732E+05   2.1958914E+01   2.4423967E-01   1.7931744E+02   4.0700805E+05   4.0882732E+05   0.0000000E+00   0.0000000E+00   0.0000000E+00   0.0000000E+00   0.0000000E+00
   1.1038719E-01   3.9373397E+05   3.9373397E+05   1.9216804E+01   2.1944862E-01   1.7087149E+02   3.9198156E+05   3.9373397E+05   0.0000000E+00   0.0000000E+00   0.0000000E+00   0.0000000E+00   0.0000000E+00
   1.1415464E-01   3.8047393E+05   3.8047393E+05   1.6774087E+01   1.9773011E-01   1.6510699E+02   3.7878028E+05   3.8047393E+05   0.0000000E+00   0.0000000E+00   0.0000000E+00   0.0000000E+00   0.0000000E+00
   1.1803337E-01   3.6856503E+05   3.6856503E+05   1.5550173E+01   1.7853968E-01   1.6112983E+02   3.6692415E+05   3.6856503E+05   0.0000000E+00   0.0000000E+00   0.0000000E+00   0.0000000E+00   0.0000000E+00
   1.2202924E-01   3.5740885E+05   3.5740885E+05   1.4890898E+01   1.6146494E-01   1.5378093E+02   3.5581741E+05   3.5740885E+05   0.0000000E+00   0.0000000E+00   0.0000000E+00   0.0000000E+00   0.0000000E+00
   1.2614813E-01   3.4637100E+05   3.4637100E+05   1.2690288E+01   1.4603415E-01   1.4709973E+02   3.4482852E+05   3.4637100E+05   0.0000000E+00   0.0000000E+00   0.0000000E+00   0.0000000E+00   0.0000000E+00
   1.3039588E-01   3.3487988E+05   3.3487988E+05   1.1979048E+01   1.3192266E-01   1.4334990E+02   3.3338838E+05   3.3487988E+05   0.0000000E+00   0.0000000E+00   0.0000000E+00   0.0000000E+00   0.0000000E+00
   1.3477839E-01   3.2252844E+05   3.2252844E+05   1.0365901E+01   1.1891137E-01   1.3536111E+02   3.2109179E+05   3.2252844E+05   0.0000000E+00   0.0000000E+00   0.0000000E+00   0.0000000E+00   0.0000000E+00
   1.3930154E-01   3.0915897E+05   3.0915897E+05   9.8587898E+00   1.0682864E-01   1.2997451E+02   3.0778173E+05   3.0915897E+05   0.0000000E+00   0.0000000E+00   0.0000000E+00   0.0000000E+00   0.0000000E+00
   1.4397127E-01   2.9490859E+05   2.9490859E+05   8.3644517E+00   9.5645799E-02   1.2408104E+02   2.9359469E+05   2.9490859E+05   0.0000000E+00   0.0000000E+00   0.0000000E+00   0.0000000E+00   0.0000000E+00
   1.4879354E-01   2.8019686E+05   2.8019686E+05   7.3133746E+00   8.5376325E-02   1.1627655E+02   2.7894839E+05   2.8019686E+05   0.0000000E+00   0.0000000E+00   0.0000000E+00   0.0000000E+00   0.0000000E+00
   1.5377436E-01   2.6564675E+05   2.6564675E+05   6.5944858E+00   7.6059391E-02   1.0926905E+02   2.6446300E+05   2.6564675E+05   0.0000000E+00   0.0000000E+00   0.0000000E+00   0.0000000E+00   0.0000000E+00
   1.5891980E-01   2.5194559E+05   2.5194559E+05   5.8703727E+00   6.7740256E-02   1.0318409E+02   2.5082281E+05   2.5194559E+05   0.0000000E+00   0.0000000E+00   0.0000000E+00   0.0000000E+00   0.0000000E+00
   1.6423597E-01   2.3967230E+05   2.3967230E+05   5.1786673E+00   6.0421720E-02   9.8208461E+01   2.3860412E+05   2.3967230E+05   0.0000000E+00   0.0000000E+00   0.0000000E+00   0.0000000E+00   0.0000000E+00
   1.6972907E-01   2.2913352E+05   2.2913352E+05   4.6851887E+00   5.4064316E-02   9.4082427E+01   2.2811224E+05   2.2913352E+05   0.0000000E+00   0.0000000E+00   0.0000000E+00   0.0000000E+00   0.0000000E+00
   1.7540537E-01   2.2026025E+05   2.2026025E+05   4.3857086E+00   4.8557846E-02   8.9855314E+01   2.1927845E+05   2.2026025E+05   0.0000000E+00   0.0000000E+00   0.0000000E+00   0.0000000E+00   0.0000000E+00
   1.8127124E-01   2.1260833E+05   2.1260833E+05   3.8071848E+00   4.3748620E-02   8.6018982E+01   2.1166058E+05   2.1260833E+05   0.0000000E+00   0.0000000E+00   0.0000000E+00   0.0000000E+00   0.0000000E+00
   1.8733317E-01   2.0548086E+05   2.0548086E+05   3.5509478E+00   3.9465211E-02   8.3510600E+01   2.0456482E+05   2.0548086E+05   0.0000000E+00   0.0000000E+00   0.0000000E+00   0.0000000E+00   0.0000000E+00
   1.9359780E-01   1.9814903E+05   1.9814903E+05   3.0859924E+00   3.5561006E-02   7.9946547E+01   1.9726563E+05   1.9814903E+05   0.0000000E+00   0.0000000E+00   0.0000000E+00   0.0000000E+00   0.0000000E+00
   2.0007191E-01   1.9010457E+05   1.9010457E+05   2.8522700E+00   3.1938729E-02   7.6232854E+01   1.8925698E+05   1.9010457E+05   0.0000000E+00   0.0000000E+00   0.0000000E+00   0.0000000E+00   0.0000000E+00
   2.0676253E-01   1.8124901E+05   1.8124901E+05   2.5812593E+00   2.8555932E-02   7.2627723E+01   1.8044087E+05   1.8124901E+05   0.0000000E+00   0.0000000E+00   0.0000000E+00   0.0000000E+00   0.0000000E+00
   2.1367691E-01   1.7193263E+05   1.7193263E+05   2.2923170E+00   2.5435573E-02   6.8655496E+01   1.7116599E+05   1.7193263E+05   0.0000000E+00   0.0000000E+00   0.0000000E+00   0.0000000E+00   0.0000000E+00
   2.2082260E-01   1.6280564E+05   1.6280564E+05   2.0000839E+00   2.2613996E-02   6.4806306E+01   1.6207967E+05   1.6280564E+05   0.0000000E+00   0.0000000E+00   0.0000000E+00   0.0000000E+00   0.0000000E+00
   2.2820753E-01   1.5452690E+05   1.5452690E+05   1.7436217E+00   2.0127843E-02   6.1600236E+01   1.5383782E+05   1.5452690E+05   0.0000000E+00   0.0000000E+00   0.0000000E+00   0.0000000E+00   0.0000000E+00
   2.3584002E-01   1.4745396E+05   1.4745396E+05   1.6070993E+00   1.7976565E-02   5.8663476E+01   1.4679639E+05   1.4745396E+05   0.0000000E+00   0.0000000E+00   0.0000000E+00   0.0000000E+00   0.0000000E+00
   2.4372892E-01   1.4147023E+05   1.4147023E+05   1.4046153E+00   1.6117400E-02   5.6191468E+01   1.4083932E+05   1.4147023E+05   0.0000000E+00   0.0000000E+00   0.0000000E+00   0.0000000E+00   0.0000000E+00
   2.5188366E-01   1.3605495E+05   1.3605495E+05   1.2758459E+00   1.4479735E-02   5.3754015E+01   1.3544817E+05   1.3605495E+05   0.0000000E+00   0.0000000E+00   0.0000000E+00   0.0000000E+00   0.0000000E+00
   2.6031438E-01   1.3057800E+05   1.3057800E+05   1.1589871E+00   1.2993885E-02   5.1508866E+01   1.2999562E+05   1.3057800E+05   0.0000000E+00   0.0000000E+00   0.0000000E+00   0.0000000E+00   0.0000000E+00
   2.6903201E-01   1.2466230E+05   1.2466230E+05   1.0322126E+00   1.1617745E-02   4.9115709E+01   1.2410629E+05   1.2466230E+05   0.0000000E+00   0.0000000E+00   0.0000000E+00   0.0000000E+00   0.0000000E+00
   2.7804846E-01   1.1839254E+05   1.1839254E+05   9.0496499E-01   1.0346592E-02   4.6635991E+01   1.1786448E+05   1.1839254E+05   0.0000000E+00   0.0000000E+00   0.0000000E+00   0.0000000E+00   0.0000000E+00
   2.8737676E-01   1.1222364E+05   1.1222364E+05   8.1711028E-01   9.1976551E-03   4.4197563E+01   1.1172308E+05   1.1222364E+05   0.0000000E+00   0.0000000E+00   0.0000000E+00   0.0000000E+00   0.0000000E+00
   2.9703121E-01   1.0663769E+05   1.0663769E+05   7.1604504E-01   8.1864307E-03   4.1897359E+01   1.0616203E+05   1.0663769E+05   0.0000000E+00   0.0000000E+00   0.0000000E+00   0.0000000E+00   0.0000000E+00
   3.0702767E-01   1.0178959E+05   1.0178959E+05   6.4328901E-01   7.3077633E-03   3.9892564E+01   1.0133555E+05   1.0178959E+05   0.0000000E+00   0.0000000E+00   0.0000000E+00   0.0000000E+00   0.0000000E+00
   3.1738376E-01   9.7413946E+04   9.7413946E+04   5.7604542E-01   6.5352842E-03   3.8127324E+01   9.6979411E+04   9.7413946E+04   0.0000000E+00   0.0000000E+00   0.0000000E+00   0.0000000E+00   0.0000000E+00
   3.2811919E-01   9.3074277E+04   9.3074277E+04   5.1289541E-01   5.8379472E-03   3.6419514E+01   9.2659091E+04   9.3074277E+04   0.0000000E+00   0.0000000E+00   0.0000000E+00   0.0000000E+00   0.0000000E+00
   3.3925612E-01   8.8544680E+04   8.8544680E+04   4.6245452E-01   5.1977482E-03   3.4632370E+01   8.8149692E+04   8.8544680E+04   0.0000000E+00   0.0000000E+00   0.0000000E+00   0.0000000E+00   0.0000000E+00
   3.5081960E-01   8.3978117E+04   8.3978117E+04   4.0658561E-01   4.6151303E-03   3.2821419E+01   8.3603492E+04   8.3978117E+04   0.0000000E+00   0.0000000E+00   0.0000000E+00   0.0000000E+00   0.0000000E+00
   3.6283813E-01   7.9701518E+04   7.9701518E+04   3.6099199E-01   4.0968500E-03   3.1122852E+01   7.9345965E+04   7.9701518E+04   0.0000000E+00   0.0000000E+00   0.0000000E+00   0.0000000E+00   0.0000000E+00
   3.7534429E-01   7.5852322E+04   7.5852322E+04   3.2281186E-01   3.6416802E-03   2.9573414E+01   7.5513934E+04   7.5852322E+04   0.0000000E+00   0.0000000E+00   0.0000000E+00   0.0000000E+00   0.0000000E+00
   3.8837561E-01   7.2252118E+04   7.2252118E+04   2.8509069E-01   3.2376989E-03   2.8144223E+01   7.1929787E+04   7.2252118E+04   0.0000000E+00   0.0000000E+00   0.0000000E+00   0.0000000E+00   0.0000000E+00
   4.0197555E-01   6.8653012E+04   6.8653012E+04   2.5321144E-01   2.8715380E-03   2.6714246E+01   6.8346732E+04   6.8653012E+04   0.0000000E+00   0.0000000E+00   0.0000000E+00   0.0000000E+00   0.0000000E+00
   4.1619488E-01   6.5039635E+04   6.5039635E+04   2.2390238E-01   2.5392549E-03   2.5298704E+01   6.4749471E+04   6.5039635E+04   0.0000000E+00   0.0000000E+00   0.0000000E+00   0.0000000E+00   0.0000000E+00
   4.3109333E-01   6.1592972E+04   6.1592972E+04   1.9781307E-01   2.2419662E-03   2.3944428E+01   6.1318182E+04   6.1592972E+04   0.0000000E+00   0.0000000E+00   0.0000000E+00   0.0000000E+00   0.0000000E+00
   4.4674183E-01   5.8389583E+04   5.8389583E+04   1.7447905E-01   1.9785345E-03   2.2668444E+01   5.8129081E+04   5.8389583E+04   0.0000000E+00   0.0000000E+00   0.0000000E+00   0.0000000E+00   0.0000000E+00
   4.6322541E-01   5.5300840E+04   5.5300840E+04   1.5416729E-01   1.7421257E-03   2.1465983E+01   5.5054115E+04   5.5300840E+04   0.0000000E+00   0.0000000E+00   0.0000000E+00   0.0000000E+00   0.0000000E+00
   4.8064713E-01   5.2231209E+04   5.2231209E+04   1.3519669E-01   1.5287100E-03   2.0255377E+01   5.1998177E+04   5.2231209E+04   0.0000000E+00   0.0000000E+00   0.0000000E+00   0.0000000E+00   0.0000000E+00
   4.9913337E-01   4.9255095E+04   4.9255095E+04   1.1814813E-01   1.3370085E-03   1.9099820E+01   4.9035339E+04   4.9255095E+04   0.0000000E+00   0.0000000E+00   0.0000000E+00   0.0000000E+00   0.0000000E+00
   5.1884122E-01   4.6418274E+04   4.6418274E+04   1.0296692E-01   1.1659237E-03   1.7988763E+01   4.6211172E+04   4.6418274E+04   0.0000000E+00   0.0000000E+00   0.0000000E+00   0.0000000E+00   0.0000000E+00
   5.3996884E-01   4.3641224E+04   4.3641224E+04   8.9350180E-02   1.0120840E-03   1.6898274E+01   4.3446511E+04   4.3641224E+04   0.0000000E+00   0.0000000E+00   0.0000000E+00   0.0000000E+00   0.0000000E+00
   5.6277036E-01   4.0905793E+04   4.0905793E+04   7.7157184E-02   8.7342006E-04   1.5831786E+01   4.0723283E+04   4.0905793E+04   0.0000000E+00   0.0000000E+00   0.0000000E+00   0.0000000E+00   0.0000000E+00
   5.8757766E-01   3.8246795E+04   3.8246795E+04   6.6168094E-02   7.4917690E-04   1.4790043E+01   3.8076146E+04   3.8246795E+04   0.0000000E+00   0.0000000E+00   0.0000000E+00   0.0000000E+00   0.0000000E+00
   6.1483300E-01   3.5621492E+04   3.5621492E+04   5.6292850E-02   6.3720717E-04   1.3776875E+01   3.5462556E+04   3.5621492E+04   0.0000000E+00   0.0000000E+00   0.0000000E+00   0.0000000E+00   0.0000000E+00
   6.4513854E-01   3.3019418E+04   3.3019418E+04   4.7383174E-02   5.3647616E-04   1.2759520E+01   3.2872090E+04   3.3019418E+04   0.0000000E+00   0.0000000E+00   0.0000000E+00   0.0000000E+00   0.0000000E+00
   6.7933255E-01   3.0431123E+04   3.0431123E+04   3.9380509E-02   4.4591631E-04   1.1752189E+01   3.0295342E+04   3.0431123E+04   0.0000000E+00   0.0000000E+00   0.0000000E+00   0.0000000E+00   0.0000000E+00
   7.1860640E-01   2.7830977E+04   2.7830977E+04   3.2187292E-02   3.6446431E-04   1.0744980E+01   2.7706798E+04   2.7830977E+04   0.0000000E+00   0.0000000E+00   0.0000000E+00   0.0000000E+00   0.0000000E+00
   7.6467725E-01   2.5203108E+04   2.5203108E+04   2.5742367E-02   2.9146529E-04   9.7338446E+00   2.5090653E+04   2.5203108E+04   0.0000000E+00   0.0000000E+00   0.0000000E+00   0.0000000E+00   0.0000000E+00
   8.2001011E-01   2.2530908E+04   2.2530908E+04   2.0011539E-02   2.2659611E-04   8.6940491E+00   2.2430376E+04   2.2530908E+04   0.0000000E+00   0.0000000E+00   0.0000000E+00   0.0000000E+00   0.0000000E+00
   8.8797992E-01   1.9814294E+04   1.9814294E+04   1.5007549E-02   1.6993654E-04   7.6433932E+00   1.9725882E+04   1.9814294E+04   0.0000000E+00   0.0000000E+00   0.0000000E+00   0.0000000E+00   0.0000000E+00
   9.7258139E-01   1.7093228E+04   1.7093228E+04   1.0791986E-02   1.2220486E-04   6.5893969E+00   1.7016957E+04   1.7093228E+04   0.0000000E+00   0.0000000E+00   0.0000000E+00   0.0000000E+00   0.0000000E+00
   1.0770764E+00   1.4468147E+04   1.4468147E+04   7.4480394E-03   8.4345026E-05   5.5745407E+00   1.4403589E+04   1.4468147E+04   0.0000000E+00   0.0000000E+00   0.0000000E+00   0.0000000E+00   0.0000000E+00
   1.2022367E+00   1.2074552E+04   1.2074552E+04   4.9889119E-03   5.6497275E-05   4.6501209E+00   1.2020674E+04   1.2074552E+04   0.0000000E+00   0.0000000E+00   0.0000000E+00   0.0000000E+00   0.0000000E+00
   1.3469739E+00   1.0002441E+04   1.0002441E+04   3.2922734E-03   3.7284643E-05   3.8516574E+00   9.9578086E+03   1.0002441E+04   0.0000000E+00   0.0000000E+00   0.0000000E+00   0.0000000E+00   0.0000000E+00
   1.5108961E+00   8.2596256E+03   8.2596256E+03   2.1606950E-03   2.4470204E-05   3.1792698E+00   8.2227698E+03   8.2596256E+03   0.0000000E+00   0.0000000E+00   0.0000000E+00   0.0000000E+00   0.0000000E+00
   1.6951854E+00   6.8095169E+03   6.8095169E+03   1.4150739E-03   1.6026660E-05   2.6207439E+00   6.7791317E+03   6.8095169E+03   0.0000000E+00   0.0000000E+00   0.0000000E+00   0.0000000E+00   0.0000000E+00
   1.9020220E+00   5.6073002E+03   5.6073002E+03   9.2559699E-04   1.0483053E-05   2.1578725E+00   5.5822793E+03   5.6073002E+03   0.0000000E+00   0.0000000E+00   0.0000000E+00   0.0000000E+00   0.0000000E+00
   2.1341032E+00   4.6123328E+03   4.6123328E+03   6.0489066E-04   6.8494964E-06   1.7754735E+00   4.5917517E+03   4.6123328E+03   0.0000000E+00   0.0000000E+00   0.0000000E+00   0.0000000E+00   0.0000000E+00
   2.3945031E+00   3.7900253E+03   3.7900253E+03   3.9475717E-04   4.4707940E-06   1.4586880E+00   3.7731134E+03   3.7900253E+03   0.0000000E+00   0.0000000E+00   0.0000000E+00   0.0000000E+00   0.0000000E+00
   2.6866767E+00   3.1112866E+03   3.1112866E+03   2.5739991E-04   2.9154727E-06   1.1970901E+00   3.0974034E+03   3.1112866E+03   0.0000000E+00   0.0000000E+00   0.0000000E+00   0.0000000E+00   0.0000000E+00
   3.0145009E+00   2.5517290E+03   2.5517290E+03   1.6768467E-04   1.8994155E-06   9.8193998E-01   2.5403426E+03   2.5517290E+03   0.0000000E+00   0.0000000E+00   0.0000000E+00   0.0000000E+00   0.0000000E+00
   3.3823256E+00   2.0909565E+03   2.0909565E+03   1.0914351E-04   1.2363805E-06   8.0464515E-01   2.0816262E+03   2.0909565E+03   0.0000000E+00   0.0000000E+00   0.0000000E+00   0.0000000E+00   0.0000000E+00
   3.7950317E+00   1.7119428E+03   1.7119428E+03   7.0981072E-05   8.0417215E-07   6.5853340E-01   1.7043038E+03   1.7119428E+03   0.0000000E+00   0.0000000E+00   0.0000000E+00   0.0000000E+00   0.0000000E+00
   4.2580956E+00   1.4005034E+03   1.4005034E+03   4.6129675E-05   5.2261956E-07   5.3866335E-01   1.3942540E+03   1.4005034E+03   0.0000000E+00   0.0000000E+00   0.0000000E+00   0.0000000E+00   0.0000000E+00
   4.7776619E+00   1.1448420E+03   1.1448420E+03   2.9950633E-05   3.3938308E-07   4.4045573E-01   1.1397334E+03   1.1448420E+03   0.0000000E+00   0.0000000E+00   0.0000000E+00   0.0000000E+00   0.0000000E+00
   5.3606248E+00   9.3516502E+02   9.3516502E+02   1.9432950E-05   2.2024428E-07   3.5976430E-01   9.3099211E+02   9.3516502E+02   0.0000000E+00   0.0000000E+00   0.0000000E+00   0.0000000E+00   0.0000000E+00
   6.0147200E+00   7.6335454E+02   7.6335454E+02   1.2604271E-05   1.4283552E-07   2.9361025E-01   7.5994828E+02   7.6335454E+02   0.0000000E+00   0.0000000E+00   0.0000000E+00   0.0000000E+00   0.0000000E+00
   6.7486268E+00   6.2269131E+02   6.2269131E+02   8.1645723E-06   9.2573932E-08   2.3950688E-01   6.1991272E+02   6.2269131E+02   0.0000000E+00   0.0000000E+00   0.0000000E+00   0.0000000E+00   0.0000000E+00
   7.5720838E+00   5.0762167E+02   5.0762167E+02   5.2867850E-06   5.9964425E-08   1.9524986E-01   5.0535655E+02   5.0762167E+02   0.0000000E+00   0.0000000E+00   0.0000000E+00   0.0000000E+00   0.0000000E+00
   8.4960178E+00   4.1356136E+02   4.1356136E+02   3.4214246E-06   3.8820851E-08   1.5907317E-01   4.1171595E+02   4.1356136E+02   0.0000000E+00   0.0000000E+00   0.0000000E+00   0.0000000E+00   0.0000000E+00
