#   a     H/H0    dlogHdloga     OmegaM     OmegaRtot    OmegaLambda
          0.001          20269.4        -1.61338        0.776444        0.134088       0.0927578      0.00337786       0.0928457     1.65742e-09 
     0.00105925          18474.3        -1.60841         0.78642        0.128213        0.088694      0.00342126       0.0887883     1.99515e-09 
     0.00112202            16843        -1.60359        0.796075        0.122527       0.0847605      0.00346326       0.0848616     2.40035e-09 
      0.0011885          15359.9        -1.59894        0.805409        0.117029       0.0809574      0.00350387       0.0810656     2.88628e-09 
     0.00125893            14011        -1.59444        0.814424         0.11172       0.0772841      0.00354308          0.0774     3.46874e-09 
     0.00133352          12783.9        -1.59011        0.823121        0.106596         0.07374      0.00358092        0.073864     4.16663e-09 
     0.00141254          11667.1        -1.58593        0.831503        0.101658        0.070324      0.00361739       0.0704566     5.00248e-09 
     0.00149624          10650.4         -1.5819        0.839573       0.0969031       0.0670345       0.0036525       0.0671762     6.00316e-09 
     0.00158489           9724.5        -1.57802        0.847337       0.0923283       0.0638699      0.00368627       0.0640212     7.20075e-09 
      0.0016788          8881.03         -1.5743        0.854798       0.0879311        0.060828      0.00371873       0.0609895     8.63346e-09 
     0.00177828          8112.43        -1.57072        0.861963       0.0837081       0.0579067       0.0037499        0.058079     1.03469e-08 
     0.00188365          7411.84        -1.56729        0.868837       0.0796558       0.0551034      0.00377981       0.0552871     1.23954e-08 
     0.00199526          6773.07          -1.564        0.875427       0.0757703       0.0524155      0.00380847       0.0526114     1.48437e-08 
     0.00211349          6190.49        -1.56084         0.88174       0.0720476       0.0498403      0.00383594       0.0500489     1.77689e-08 
     0.00223872          5659.03        -1.55782        0.887782       0.0684834       0.0473747      0.00386223       0.0475969     2.12632e-08 
     0.00237137          5174.08        -1.55493        0.893562       0.0650734       0.0450158      0.00388737       0.0452523     2.54358e-08 
     0.00251189          4731.45        -1.55217        0.899087       0.0618131       0.0427604       0.0039114        0.043012     3.04175e-08 
     0.00266073          4327.37        -1.54952        0.904364       0.0586978       0.0406053      0.00393436       0.0408729     3.63634e-08 
     0.00281838          3958.38          -1.547        0.909402        0.055723       0.0385475      0.00395628       0.0388318     4.34587e-08 
     0.00298538          3621.37        -1.54459        0.914208       0.0528839       0.0365835      0.00397719       0.0368856     5.19238e-08 
     0.00316228           3313.5        -1.54229        0.918791       0.0501759       0.0347101      0.00399712        0.035031     6.20209e-08 
     0.00334965           3032.2         -1.5401        0.923157       0.0475943       0.0329242      0.00401612       0.0332648     7.40623e-08 
     0.00354813          2775.12        -1.53801        0.927316       0.0451343       0.0312225      0.00403422       0.0315838     8.84198e-08 
     0.00375837          2540.13        -1.53602        0.931275       0.0427915       0.0296018      0.00405144       0.0299849     1.05536e-07 
     0.00398107           2325.3        -1.53412        0.935042       0.0405611       0.0280589      0.00406783        0.028465     1.25937e-07 
     0.00421697          2128.87        -1.53231        0.938624       0.0384389       0.0265908      0.00408341        0.027021     1.50249e-07 
     0.00446684          1949.23         -1.5306        0.942028       0.0364202       0.0251944      0.00409822       0.0256499      1.7922e-07 
     0.00473151          1784.92        -1.52896        0.945263        0.034501       0.0238667      0.00411229       0.0243488     2.13734e-07 
     0.00501187          1634.61        -1.52741        0.948334       0.0326769       0.0226048      0.00412565       0.0231148     2.54849e-07 
     0.00530884          1497.09        -1.52593         0.95125       0.0309438       0.0214059      0.00413834       0.0219452      3.0382e-07 
     0.00562341          1371.25        -1.52452        0.954016       0.0292978       0.0202673      0.00415037       0.0208371      3.6214e-07 
     0.00595662          1256.09        -1.52319        0.956639       0.0277349       0.0191862      0.00416178        0.019788     4.31588e-07 
     0.00630957          1150.69        -1.52192        0.959126       0.0262515         0.01816       0.0041726       0.0187953     5.14277e-07 
     0.00668344           1054.2        -1.52072        0.961483       0.0248439       0.0171863      0.00418285       0.0178566     6.12721e-07 
     0.00707946          965.875        -1.51958        0.963715       0.0235086       0.0162625      0.00419256       0.0169693     7.29911e-07 
     0.00749894          885.004        -1.51849        0.965828       0.0222423       0.0153865      0.00420176       0.0161313     8.69403e-07 
     0.00794328          810.954        -1.51746        0.967829       0.0210415       0.0145559      0.00421046       0.0153402     1.03543e-06 
     0.00841395          743.142        -1.51648        0.969721       0.0199033       0.0137685      0.00421869        0.014594     1.23301e-06 
     0.00891251          681.038        -1.51556        0.971511       0.0188246       0.0130223      0.00422648       0.0138906     1.46815e-06 
     0.00944061          624.157        -1.51468        0.973203       0.0178026       0.0123153      0.00423384       0.0132279     1.74793e-06 
           0.01          572.054        -1.51384        0.974802       0.0168343       0.0116454       0.0042408        0.012604     2.08083e-06 
      0.0105925          524.326        -1.51305        0.976312       0.0159172        0.011011      0.00424737       0.0120172     2.47691e-06 
      0.0112202            480.6         -1.5123        0.977738       0.0150488       0.0104103      0.00425357       0.0114656     2.94811e-06 
       0.011885           440.54        -1.51159        0.979083       0.0142265      0.00984146      0.00425942       0.0109476     3.50866e-06 
      0.0125893          403.835        -1.51092        0.980353       0.0134481      0.00930298      0.00426495       0.0104614     4.17545e-06 
      0.0133352          370.202        -1.51028         0.98155       0.0127113      0.00879331      0.00427015       0.0100055      4.9686e-06 
      0.0141254          339.383        -1.50968        0.982678       0.0120141      0.00831096      0.00427506      0.00957851     5.91198e-06 
      0.0149624          311.139        -1.50911        0.983741       0.0113543      0.00785454      0.00427969      0.00917883       7.034e-06 
      0.0158489          285.256        -1.50857        0.984742         0.01073      0.00742271      0.00428404      0.00880512     8.36843e-06 
       0.016788          261.533        -1.50805        0.985685       0.0101395       0.0070142      0.00428814      0.00845603     9.95541e-06 
      0.0177828           239.79        -1.50757        0.986571      0.00958092      0.00662778        0.004292      0.00813028     1.18427e-05 
      0.0188365          219.861        -1.50711        0.987405      0.00905261      0.00626232      0.00429562      0.00782663     1.40869e-05 
      0.0199526          201.593        -1.50667        0.988188        0.008553       0.0059167      0.00429903       0.0075439     1.67556e-05 
      0.0211349          184.848        -1.50626        0.988923      0.00808056      0.00558988      0.00430223      0.00728093     1.99289e-05 
      0.0223872          169.497        -1.50587        0.989614      0.00763387      0.00528087      0.00430523      0.00703664     2.37021e-05 
      0.0237137          155.425         -1.5055        0.990261      0.00721155      0.00498873      0.00430805      0.00680996     2.81884e-05 
      0.0251189          142.524        -1.50515        0.990868      0.00681231      0.00471255      0.00431069      0.00659988     3.35226e-05 
      0.0266073          130.696        -1.50481        0.991436      0.00643493      0.00445148      0.00431316      0.00640543     3.98645e-05 
      0.0281838          119.852         -1.5045        0.991968      0.00607822      0.00420472      0.00431548      0.00622567     4.74044e-05 
      0.0298538           109.91         -1.5042        0.992464      0.00574108       0.0039715      0.00431764      0.00605972     5.63685e-05 
      0.0316228          100.794        -1.50391        0.992927      0.00542246      0.00375109      0.00431965       0.0059067     6.70253e-05 
      0.0334965          92.4362        -1.50364        0.993359      0.00512136      0.00354279      0.00432153      0.00576579     7.96943e-05 
      0.0354813          84.7724        -1.50338         0.99376      0.00483682      0.00334596      0.00432327      0.00563621     9.47551e-05 
      0.0375837          77.7452        -1.50312        0.994132      0.00456796      0.00315998      0.00432489      0.00551719     0.000112659 
      0.0398107          71.3014        -1.50288        0.994475      0.00431393      0.00298424      0.00432638      0.00540804     0.000133942 
      0.0421697          65.3927        -1.50265        0.994792      0.00407391       0.0028182      0.00432776      0.00530804      0.00015924 
      0.0446684          59.9744        -1.50241        0.995081      0.00384714      0.00266133      0.00432902      0.00521656     0.000189313 
      0.0473151          55.0058        -1.50219        0.995345      0.00363289      0.00251312      0.00433017      0.00513298     0.000225058 
      0.0501187          50.4495        -1.50196        0.995582      0.00343049      0.00237311       0.0043312      0.00505669     0.000267546 
      0.0530884          46.2712        -1.50173        0.995794      0.00323928      0.00224083      0.00433212      0.00498715     0.000318047 
      0.0562341          42.4395         -1.5015        0.995979      0.00305865      0.00211588      0.00433293      0.00492382     0.000378069 
      0.0595662          38.9256        -1.50126        0.996137      0.00288801      0.00199783      0.00433361       0.0048662     0.000449408 
      0.0630957          35.7032          -1.501        0.996267      0.00272681      0.00188632      0.00433418      0.00481383     0.000534192 
      0.0668344          32.7481        -1.50074        0.996367      0.00257453      0.00178098      0.00433461      0.00476625     0.000634952 
      0.0707946           30.038        -1.50045        0.996435      0.00243068      0.00168147      0.00433491      0.00472306     0.000754693 
      0.0749894          27.5527        -1.50013        0.996468      0.00229479      0.00158746      0.00433506      0.00468384     0.000896984 
      0.0794328          25.2735        -1.49978        0.996464      0.00216641      0.00149865      0.00433504      0.00464825      0.00106606 
      0.0841395          23.1833        -1.49939        0.996417      0.00204513      0.00141475      0.00433483      0.00461591      0.00126696 
      0.0891251          21.2665        -1.49895        0.996322      0.00193054      0.00133549      0.00433442      0.00458651      0.00150564 
      0.0944061          19.5087        -1.49845        0.996174      0.00182228      0.00126059      0.00433377      0.00455973      0.00178919 
            0.1          17.8967        -1.49787        0.995964      0.00171998      0.00118983      0.00433286      0.00453528      0.00212601 
       0.105925          16.4186         -1.4972        0.995682       0.0016233      0.00112295      0.00433163      0.00451288      0.00252605 
       0.112202          15.0631        -1.49643        0.995318      0.00153194      0.00105975      0.00433005      0.00449224      0.00300112 
        0.11885          13.8202        -1.49552        0.994858      0.00144557           0.001      0.00432805      0.00447313      0.00356519 
       0.125893          12.6806        -1.49446        0.994287      0.00136392     0.000943521      0.00432556      0.00445527       0.0042348 
       0.133352          11.6357        -1.49322        0.993584      0.00128672     0.000890111      0.00432251      0.00443841      0.00502951 
       0.141254          10.6778        -1.49176        0.992727      0.00121369     0.000839595      0.00431878       0.0044223      0.00597243 
       0.149624          9.79958        -1.49004         0.99169       0.0011446     0.000791801      0.00431427      0.00440669      0.00709083 
       0.158489          8.99459          -1.488         0.99044      0.00107921     0.000746566      0.00430883       0.0043913      0.00841685 
        0.16788          8.25677        -1.48561        0.988941       0.0010173     0.000703737      0.00430231      0.00437586       0.0099883 
       0.177828          7.58061        -1.48278        0.987147     0.000958652     0.000663165       0.0042945      0.00436008       0.0118496 
       0.188365          6.96106        -1.47944        0.985008     0.000903064     0.000624712       0.0042852      0.00434362       0.0140527 
       0.199526          6.39348         -1.4755        0.982463     0.000850344     0.000588242      0.00427412      0.00432614       0.0166586 
       0.211349          5.87363        -1.47085         0.97944     0.000800308     0.000553628      0.00426098      0.00430727       0.0197378 
       0.223872          5.39761        -1.46537         0.97586     0.000752777     0.000520748       0.0042454      0.00428656       0.0233727 
       0.237137          4.96188        -1.45892        0.971625     0.000707584     0.000489484      0.00422698      0.00426355        0.027658 
       0.251189          4.56316        -1.45133         0.96663     0.000664567     0.000459727      0.00420524       0.0042377       0.0327025 
       0.266073          4.19847        -1.44241        0.960748     0.000623574     0.000431369      0.00417966      0.00420844       0.0386305 
       0.281838          3.86507        -1.43196         0.95384     0.000584459     0.000404311       0.0041496       0.0041751       0.0455824 
       0.298538          3.56047        -1.41974        0.945749     0.000547085     0.000378456      0.00411441      0.00413695       0.0537152 
       0.316228          3.28237        -1.40549        0.936301     0.000511322     0.000353717       0.0040733      0.00409321       0.0632029 
       0.334965          3.02867        -1.38892        0.925308     0.000477051     0.000330009      0.00402548      0.00404302       0.0742348 
       0.354813          2.79746        -1.36974        0.912566     0.000444164     0.000307259      0.00397004      0.00398548       0.0870133 
       0.375837          2.58696        -1.34762        0.897865     0.000412563     0.000285398      0.00390609      0.00391963         0.10175 
       0.398107          2.39557        -1.32224        0.880991     0.000382165      0.00026437      0.00383268      0.00384453        0.118657 
       0.421697          2.22181         -1.2933        0.861738     0.000352902     0.000244127      0.00374892      0.00375926        0.137942 
       0.446684          2.06432         -1.2605        0.839918     0.000324725     0.000224635        0.003654      0.00366298        0.159793 
       0.473151          1.92184        -1.22363        0.815376     0.000297603     0.000205872      0.00354723        0.003555        0.184365 
       0.501187          1.79321        -1.18252        0.788006     0.000271524     0.000187832      0.00342816      0.00343485        0.211763 
       0.530884          1.67736        -1.13712        0.757771       0.0002465     0.000170521      0.00329662      0.00330237        0.242025 
       0.562341          1.57329        -1.08749        0.724721     0.000222561     0.000153961      0.00315284      0.00315774        0.275101 
       0.595662          1.48008        -1.03386        0.689002     0.000199756     0.000138185      0.00299745       0.0030016        0.310843 
       0.630957          1.39684       -0.976626        0.650874     0.000178146     0.000123236      0.00283157      0.00283507        0.348994 
       0.668344          1.32275       -0.916333        0.610706     0.000157801     0.000109162      0.00265683      0.00265975        0.389182 
       0.707946          1.25704       -0.853693        0.568972     0.000138794     9.60131e-05      0.00247527       0.0024777        0.430935 
       0.749894          1.19897       -0.789546        0.526231     0.000121187     8.38332e-05      0.00228932      0.00229133        0.473693 
       0.794328          1.14783       -0.724816        0.483098      0.00010503     7.26567e-05      0.00210168      0.00210332        0.516841 
       0.841395          1.10297       -0.660461        0.440214      9.0353e-05     6.25034e-05      0.00191512      0.00191645        0.559739 
       0.891251          1.06376       -0.597418        0.398202     7.71583e-05     5.33757e-05      0.00173235      0.00173342        0.601762 
       0.944061          1.02961       -0.536547        0.357637     6.54216e-05     4.52566e-05      0.00155587      0.00155673        0.642338 
              1         0.999981       -0.478592        0.319012     5.50917e-05     3.81107e-05      0.00138784      0.00138852         0.68097 
        1.05925         0.974351       -0.424141        0.282722     4.60934e-05      3.1886e-05      0.00122996       0.0012305        0.717267 
        1.12202         0.952252       -0.373619         0.24905     3.83324e-05     2.65171e-05      0.00108347       0.0010839        0.750945 
         1.1885         0.933253       -0.327285        0.218168     3.17008e-05     2.19296e-05     0.000949123     0.000949456        0.781831 
        1.25893         0.916963       -0.285243        0.190146     2.60835e-05     1.80437e-05     0.000827214     0.000827473        0.809857 
        1.33352          0.90303       -0.247462        0.164963     2.13632e-05     1.47784e-05     0.000717659     0.000717859        0.835042 
        1.41254         0.891137       -0.213804        0.142528     1.74253e-05     1.20543e-05     0.000620059     0.000620213        0.857478 
        1.49624         0.881007       -0.184051        0.122697     1.41616e-05     9.79653e-06     0.000533781       0.0005339        0.877311 
        1.58489         0.872392       -0.157931        0.105285     1.14722e-05      7.9361e-06     0.000458035     0.000458126        0.894723 
         1.6788         0.865077       -0.135137       0.0900909     9.26744e-06     6.41093e-06     0.000391933     0.000392003        0.909918 
        1.77828         0.858875        -0.11535       0.0769009      7.4681e-06      5.1662e-06     0.000334551     0.000334604        0.923108 
        1.88365         0.853621      -0.0982517       0.0655029     6.00537e-06     4.15433e-06     0.000284965     0.000285005        0.934506 
        1.99526         0.849175       -0.083535       0.0556924     4.82031e-06     3.33454e-06     0.000242285     0.000242316        0.944316 
        2.11349         0.845417      -0.0709112       0.0472769     3.86303e-06     2.67232e-06     0.000205674     0.000205698        0.952731 
        2.23872         0.842241      -0.0601141       0.0400791     3.09169e-06     2.13874e-06     0.000174361     0.000174378        0.959929 
        2.37137          0.83956      -0.0509024        0.033938     2.47153e-06     1.70973e-06     0.000147645     0.000147658        0.966069 
        2.51189         0.837298      -0.0430601       0.0287098     1.97383e-06     1.36543e-06       0.0001249      0.00012491        0.971297 
        2.66073          0.83539      -0.0363956       0.0242668     1.57504e-06     1.08956e-06     0.000105571     0.000105578        0.975739 
        2.81838         0.833781      -0.0307409       0.0204968     1.25593e-06     8.68814e-07     8.91699e-05     8.91756e-05        0.979509 
        2.98538         0.832425      -0.0259491       0.0173022     1.00087e-06     6.92374e-07     7.52718e-05     7.52761e-05        0.982703 
        3.16228         0.831282      -0.0218931        0.014598     7.97211e-07     5.51485e-07     6.35075e-05     6.35108e-05        0.985407 
        3.34965         0.830319      -0.0184631       0.0123112     6.34716e-07     4.39077e-07     5.35589e-05     5.35614e-05        0.987693 
        3.54813         0.829508      -0.0155649       0.0103789     5.05159e-07     3.49453e-07     4.51524e-05     4.51543e-05        0.989625 
        3.75837         0.828825      -0.0131175      0.00874711     4.01924e-07     2.78038e-07     3.80536e-05      3.8055e-05        0.991256 
        3.98107          0.82825      -0.0110521         0.00737     3.19703e-07      2.2116e-07     3.20626e-05     3.20637e-05        0.992633 
        4.21697         0.827766     -0.00930988      0.00620834     2.54246e-07     1.75879e-07     2.70089e-05     2.70097e-05        0.993795 
        4.46684         0.827359     -0.00784083      0.00522881     2.02154e-07     1.39844e-07     2.27475e-05     2.27482e-05        0.994774 
        4.73151         0.827016     -0.00660255      0.00440315      1.6071e-07     1.11174e-07     1.91555e-05      1.9156e-05        0.995599 
        5.01187         0.826727     -0.00555909      0.00370737     1.27745e-07     8.83703e-08     1.61286e-05      1.6129e-05        0.996295 
        5.30884         0.826484     -0.00468002       0.0031212     1.01531e-07     7.02363e-08     1.35785e-05     1.35788e-05        0.996881 
        5.62341         0.826279     -0.00393959      0.00262746     8.06893e-08     5.58183e-08     1.14306e-05     1.14308e-05        0.997374 
        5.95662         0.826107     -0.00331604      0.00221166     6.41205e-08     4.43565e-08     9.62164e-06      9.6218e-06         0.99779 
        6.30957         0.825962     -0.00279099      0.00186153     5.09506e-08      3.5246e-08     8.09844e-06     8.09856e-06         0.99814 
        6.68344         0.825841     -0.00234894      0.00156674     4.04834e-08     2.80052e-08       6.816e-06     6.81609e-06        0.998434 
        7.07946         0.825738     -0.00197681      0.00131858     3.21651e-08     2.22508e-08     5.73637e-06     5.73644e-06        0.998683 
        7.49894         0.825652     -0.00166357      0.00110968      2.5555e-08     1.76781e-08     4.82756e-06     4.82762e-06        0.998891 
        7.94328         0.825579     -0.00139992     0.000933842     2.03026e-08     1.40447e-08      4.0626e-06     4.06265e-06        0.999067 
        8.41395         0.825518     -0.00117801     0.000785846     1.61293e-08     1.11578e-08     3.41876e-06     3.41879e-06        0.999215 
        8.91251         0.825467    -0.000991254      0.00066129     1.28136e-08     8.86404e-09     2.87689e-06     2.87671e-06        0.999339 
        9.44061         0.825423    -0.000834086     0.000556464     1.01793e-08     7.04169e-09     2.42085e-06     2.42029e-06        0.999444 
             10         0.825387    -0.000701825     0.000468248     8.08638e-09     5.59391e-09     2.03707e-06     2.03627e-06        0.999532 
        10.5925         0.825356    -0.000590526      0.00039401     6.42372e-09     4.44373e-09     1.71411e-06     1.71317e-06        0.999606 
        11.2202         0.825331    -0.000496871     0.000331539     5.10286e-09        3.53e-09     1.44233e-06     1.44134e-06        0.999669 
         11.885         0.825309    -0.000418063      0.00027897     4.05356e-09     2.80413e-09     1.21364e-06     1.21263e-06        0.999721 
        12.5893         0.825291    -0.000351752     0.000234734        3.22e-09      2.2275e-09     1.02119e-06     1.02022e-06        0.999766 
        13.3352         0.825275    -0.000295955     0.000197512     2.55783e-09     1.76943e-09     8.59259e-07     8.58332e-07        0.999803 
        14.1254         0.825262    -0.000249006     0.000166191     2.03182e-09     1.40555e-09     7.22999e-07     7.22136e-07        0.999834 
        14.9624         0.825252    -0.000209504     0.000139836     1.61398e-09      1.1165e-09     6.08344e-07     6.07552e-07         0.99986 
        15.8489         0.825242    -0.000176267      0.00011766     1.28205e-09     8.86886e-10     5.11869e-07      5.1115e-07        0.999883 
         16.788         0.825235    -0.000148301     9.90001e-05     1.01839e-09     7.04491e-10     4.30692e-07     4.30045e-07        0.999901 
        17.7828         0.825228    -0.000124772     8.32995e-05      8.0895e-10     5.59606e-10     3.62388e-07     3.61811e-07        0.999917 
        18.8365         0.825223    -0.000104975     7.00887e-05      6.4258e-10     4.44517e-10     3.04915e-07     3.04404e-07         0.99993 
        19.9526         0.825218    -8.83181e-05      5.8973e-05     5.10425e-10     3.53096e-10     2.56557e-07     2.56106e-07        0.999941 
        21.1349         0.825214     -7.4304e-05       4.962e-05     4.05449e-10     2.80477e-10     2.15868e-07     2.15471e-07        0.999951 
        22.3872         0.825211    -6.25131e-05     4.17504e-05     3.22062e-10     2.22792e-10     1.81632e-07     1.81285e-07        0.999958 
        23.7137         0.825208    -5.25929e-05     3.51288e-05     2.55825e-10     1.76972e-10     1.52825e-07     1.52523e-07        0.999965 
        25.1189         0.825206    -4.42466e-05     2.95574e-05      2.0321e-10     1.40574e-10     1.28587e-07     1.28324e-07        0.999971 
        26.6073         0.825204    -3.72246e-05     2.48695e-05     1.61416e-10     1.11663e-10     1.08193e-07     1.07965e-07        0.999975 
        28.1838         0.825203    -3.13167e-05     2.09252e-05     1.28218e-10     8.86971e-11     9.10334e-08     9.08367e-08        0.999979 
        29.8538         0.825201    -2.63462e-05     1.76064e-05     1.01847e-10     7.04549e-11     7.65953e-08     7.64256e-08        0.999982 
        31.6228           0.8252    -2.21645e-05      1.4814e-05     8.09005e-11     5.59644e-11     6.44471e-08      6.4301e-08        0.999985 
        33.4965         0.825199    -1.86463e-05     1.24645e-05     6.42617e-11     4.44542e-11     5.42256e-08     5.41001e-08        0.999988 
        35.4813         0.825198    -1.56864e-05     1.04876e-05      5.1045e-11     3.53113e-11     4.56253e-08     4.55175e-08         0.99999 
        37.5837         0.825198    -1.31963e-05     8.82419e-06     4.05465e-11     2.80488e-11     3.83889e-08     3.82966e-08        0.999991 
        39.8107         0.825197    -1.11013e-05     7.42464e-06     3.22073e-11       2.228e-11     3.23003e-08     3.22213e-08        0.999993 
        42.1697         0.825196     -9.3388e-06     6.24706e-06     2.55832e-11     1.76977e-11     2.71774e-08     2.71099e-08        0.999994 
        44.6684         0.825196    -7.85604e-06     5.25625e-06     2.03215e-11     1.40578e-11     2.28669e-08     2.28093e-08        0.999995 
        47.3151         0.825196    -6.60862e-06     4.42259e-06     1.61419e-11     1.11665e-11     1.92401e-08      1.9191e-08        0.999996 
        50.1187         0.825195    -5.55921e-06     3.72115e-06      1.2822e-11     8.86986e-12     1.61886e-08     1.61467e-08        0.999996 
        53.0884         0.825195    -4.67637e-06     3.13096e-06     1.01849e-11     7.04559e-12      1.3621e-08     1.35853e-08        0.999997 
        56.2341         0.825195    -3.93368e-06     2.63437e-06     8.09015e-12     5.59651e-12     1.14606e-08     1.14303e-08        0.999997 
        59.5662         0.825195    -3.30889e-06     2.21655e-06     6.42623e-12     4.44547e-12     9.64293e-09     9.61715e-09        0.999998 
        63.0957         0.825195    -2.78329e-06       1.865e-06     5.10454e-12     3.53116e-12     8.11351e-09     8.09162e-09        0.999998 
        66.8344         0.825195    -2.34114e-06      1.5692e-06     4.05468e-12      2.8049e-12     6.82667e-09     6.80809e-09        0.999998 
        70.7946         0.825194    -1.96919e-06     1.32032e-06     3.22075e-12     2.22801e-12     5.74393e-09     5.72816e-09        0.999999 
        74.9894         0.825194    -1.65631e-06     1.11091e-06     2.55833e-12     1.76978e-12     4.83292e-09     4.81954e-09        0.999999 
        79.4328         0.825194    -1.39311e-06     9.34713e-07     2.03216e-12     1.40578e-12     4.06639e-09     4.05506e-09        0.999999 
        84.1395         0.825194    -1.17171e-06     7.86463e-07      1.6142e-12     1.11665e-12     3.42144e-09     3.41184e-09        0.999999 
        89.1251         0.825194    -9.85471e-07     6.61726e-07      1.2822e-12     8.86989e-13     2.87879e-09     2.87065e-09        0.999999 
        94.4061         0.825194    -8.28816e-07     5.56773e-07     1.01849e-12     7.04561e-13      2.4222e-09     2.41531e-09        0.999999 
