# k  (h/Mpc)    P(k)  (Mpc/h)^3    P_linear(k)  (Mpc/h)^3
     0.00783031         2181.51         2183.71 
       0.013688         2686.07         2684.82 
       0.019231         2709.47         2705.19 
      0.0249154         2483.15         2487.07 
      0.0312784         2147.25         2140.53 
      0.0375637          1825.3         1814.98 
      0.0433917          1578.9         1577.85 
      0.0492413         1418.76         1408.64 
      0.0555754         1279.34            1285 
      0.0619321         1207.76         1194.06 
       0.067871         1112.82         1114.88 
      0.0738098         1026.46         1027.44 
      0.0800417         921.912         924.368 
      0.0862327         821.965         818.091 
      0.0921407         729.888         723.734 
      0.0982031          646.35         642.828 
       0.104506         591.596         579.783 
       0.110769         548.533         536.714 
       0.116806         515.261         508.262 
       0.122832         494.999         485.887 
       0.129052          467.35         462.728 
       0.135211         441.402         435.794 
       0.141259         413.704         404.876 
       0.147318         383.095         371.566 
       0.153489         348.521         338.657 
       0.159709         320.851         309.717 
       0.165845          302.31         287.049 
       0.171974         281.715         270.276 
       0.178125         270.524         258.017 
       0.184229         261.497         248.362 
        0.19034         248.121         239.167 
       0.196428         241.198         229.024 
       0.202534         231.511         217.327 
       0.208729         217.436         204.279 
       0.214876         203.333         191.126 
       0.220989         193.393          178.91 
       0.227147         181.076         168.276 
        0.23329         172.601         159.638 
       0.239377         167.013         152.832 
       0.245482         158.363         147.235 
       0.251667         155.703         142.159 
       0.257832         150.862         137.097 
       0.263955          144.95         131.726 
       0.270079         139.364         125.964 
        0.27624         135.073         119.961 
       0.282372         129.071         114.109 
        0.28843         123.376         108.741 
       0.294538         118.493         103.947 
       0.300721         115.382         99.7679 
        0.30691         110.141          96.165 
       0.313033         107.308         92.9903 
       0.319153         102.704         89.9986 
       0.325316         101.017         87.0063 
        0.33145          97.445         83.9651 
       0.337538          94.968         80.8879 
       0.343633         91.5297         77.8161 
       0.349808         88.7974         74.8077 
       0.355968         86.1819         72.0017 
       0.362074         83.3651          69.455 
       0.368217         81.1156         67.1392 
       0.374374         78.7905         65.0224 
       0.380519         76.8575         63.0554 
       0.386598         74.9577         61.1943 
       0.392688         73.3417         59.3633 
        0.39888         71.4354         57.5179 
       0.405048         69.6392         55.6983 
       0.411186         68.0351         53.9236 
       0.417313         65.8806         52.2185 
       0.423458          64.255          50.598 
       0.429607         62.6043         49.0739 
       0.435692         60.5986          47.665 
       0.441815         59.7883         46.3322 
       0.447964         58.8275         45.0586 
       0.454126         56.4763         43.8297 
       0.460267          55.649         42.6402 
       0.466387          54.188         41.4803 
        0.47254         53.3886         40.3392 
       0.478662          52.511         39.2369 
       0.484765         50.9002         38.1775 
       0.490885         49.8445         37.1587 
       0.497035         49.2452         36.1802 
       0.503198         47.9622         35.2467 
       0.509342         46.7014         34.3583 
       0.515458         45.9418         33.5084 
       0.521598         45.1993          32.683 
       0.527764         44.3015         31.8783 
       0.533884         43.5899         31.1026 
           0.54         42.6693         30.3497 
       0.546137         42.0571         29.6159 
       0.552299         41.4394         28.9023 
       0.558452         40.1784         28.2142 
       0.564573         39.5744          27.555 
       0.570708         39.0465         26.9192 
       0.576825         38.1018          26.308 
       0.582926         37.4413         25.7184 
       0.589034         36.5447         25.1459 
       0.595184         36.0865         24.5858 
       0.601379         35.4766          24.038 
       0.607522         34.8096         23.5107 
       0.613639         34.5246         23.0012 
       0.619772         33.6042         22.5056 
       0.625918         33.4964          22.024 
       0.632068         32.9246         21.5565 
       0.638161          32.315         21.1071 
         0.6443         31.7185         20.6677 
       0.650464         31.2053         20.2397 
       0.656582         30.9367         19.8272 
       0.662703         30.3881         19.4263 
       0.668861         29.8667         19.0345 
       0.675024         29.3861         18.6532 
       0.681124         28.8696         18.2861 
       0.687237         28.4368         17.9281 
       0.693381         28.2153          17.578 
       0.699536         27.5029         17.2365 
       0.705665           27.44         16.9057 
       0.711789         26.8666         16.5839 
       0.717957         26.5389         16.2684 
        0.72409         26.1379          15.963 
       0.730186         25.7712         15.6675 
       0.736317         25.5395         15.3779 
       0.742472         25.0859         15.0947 
       0.748622         24.8555          14.819 
        0.75476         24.4486         14.5508 
       0.760888         24.1149         14.2897 
       0.767043         23.8567         14.0341 
       0.773185         23.4373         13.7853 
       0.779291         23.3342          13.544 
       0.785407          23.011         13.3081 
       0.791564         22.6287         13.0765 
       0.797719         22.1576         12.8505 
       0.803834         22.1295         12.6313 
       0.809972         21.9173         12.4165 
       0.816124         21.4411         12.2063 
       0.822261          21.262         12.0015 
       0.828378         21.0077         11.8021 
       0.834502         20.8457         11.6071 
       0.840667         20.5484         11.4152 
       0.846816         20.2094         11.2283 
       0.852925          20.024         11.0468 
       0.859047          19.806         10.8689 
       0.865192         19.6437         10.6945 
       0.871341         19.4852         10.5237 
       0.877463         19.1204         10.3575 
       0.883569         18.8982         10.1953 
       0.889708         18.6479         10.0358 
       0.895864          18.514         9.87933 
       0.902008         18.3594         9.72654 
       0.908149         18.1659          9.5771 
       0.914301          18.046         9.43058 
       0.920448         17.7241         9.28728 
       0.926574          17.551         9.14749 
       0.932687         17.3803         9.01089 
       0.938823         17.1787         8.87661 
       0.944975         16.9806         8.74478 
       0.951105         16.8274         8.61612 
       0.957225         16.6747         8.49029 
       0.963368         16.5304         8.36656 
       0.969511          16.352         8.24531 
       0.975621         16.2248         8.12713 
       0.981748         16.0197         8.01097 
       0.987916         15.9264         7.89637 
        0.99406         15.6828         7.78445 
        1.00019         15.4839         7.67494 
        1.00632         15.4548         7.56765 
        1.01246         15.2916         7.46227 
        1.01859         15.0759         7.35908 
        1.02471         14.9984         7.25798 
        1.03085         14.8477         7.15845 
        1.03698         14.6375           7.061 
        1.04314         14.5589         6.96497 
        1.04929         14.3787         6.87096 
        1.05541         14.2381         6.77907 
        1.06154         14.1266         6.68865 
        1.06769         14.0464         6.59975 
        1.07382         13.8555         6.51277 
        1.07993         13.7632         6.42756 
        1.08607         13.6393         6.34353 
        1.09222         13.5304         6.26092 
        1.09836         13.3887         6.17989 
        1.10449         13.2781          6.1004 
        1.11063         13.1513         6.02222 
        1.11677         13.0944         5.94545 
         1.1229         13.0025         5.87016 
        1.12903         12.8279         5.79611 
        1.13518         12.6797         5.72328 
        1.14131         12.6124         5.65176 
        1.14745         12.5001          5.5815 
        1.15359         12.4348         5.51244 
        1.15973          12.311         5.44451 
        1.16584         12.1365         5.37805 
        1.17197         12.0771          5.3126 
        1.17811         12.0022         5.24805 
        1.18424         11.9142         5.18477 
        1.19038         11.8421         5.12235 
        1.19652         11.7263         5.06098 
        1.20267         11.6052         5.00063 
        1.20881         11.5997         4.94128 
        1.21495         11.4876         4.88298 
        1.22108         11.3542         4.82564 
         1.2272         11.2786         4.76936 
        1.23334         11.1811         4.71386 
        1.23949         11.0567         4.65911 
        1.24562         11.0291         4.60538 
        1.25174         10.9455         4.55259 
        1.25789          10.873         4.50047 
        1.26402         10.8047         4.44926 
        1.27014         10.7197         4.39898 
        1.27628         10.5853         4.34933 
        1.28244         10.5236         4.30035 
        1.28858          10.498          4.2522 
        1.29471         10.3761          4.2049 
        1.30084         10.2882         4.15836 
        1.30697         10.2784         4.11247 
        1.31312         10.1358          4.0672 
        1.31925         10.0663         4.02276 
        1.32537         10.0323         3.97903 
        1.33151          9.9722         3.93579 
        1.33765          9.8769         3.89323 
        1.34378          9.8108         3.85138 
        1.34992         9.74951         3.81012 
        1.35606         9.69255         3.76938 
         1.3622         9.63225          3.7293 
        1.36833         9.53775         3.68991 
        1.37445         9.49949         3.65111 
        1.38059         9.45354         3.61274 
        1.38675         9.38177         3.57484 
        1.39288         9.33412         3.53764 
        1.39901         9.23744         3.50098 
        1.40515         9.20333         3.46477 
         1.4113         9.15668         3.42908 
        1.41742         9.09146         3.39403 
        1.42355         9.01504         3.35941 
         1.4297         8.98339         3.32517 
        1.43585         8.93412         3.29142 
        1.44198          8.9066         3.25827 
        1.44809         8.82587         3.22565 
        1.45423         8.75996         3.19335 
        1.46036         8.71139         3.16155 
        1.46649         8.67381         3.13018 
        1.47263          8.6139          3.0992 
        1.47877         8.56565         3.06867 
        1.48491         8.51977         3.03849 
        1.49104         8.47521         3.00879 
        1.49718         8.43762         2.97947 
        1.50333         8.39665         2.95048 
        1.50947         8.32727         2.92195 
         1.5156         8.30796         2.89383 
        1.52172         8.26647         2.86609 
        1.52787         8.21527         2.83865 
          1.534         8.16011         2.81161 
        1.54013         8.14771         2.78495 
        1.54627         8.07892         2.75858 
        1.55241         8.06464         2.73256 
        1.55855         8.01756         2.70691 
        1.56467         7.98118         2.68166 
         1.5708         7.93748         2.65666 
        1.57695         7.89161         2.63194 
        1.58308         7.85766          2.6076 
        1.58922         7.83181         2.58355 
        1.59535         7.82262         2.55981 
         1.6015         7.75714         2.53633 
        1.60764          7.7189         2.51317 
        1.61376         7.69395         2.49036 
        1.61989         7.69159         2.46781 
        1.62604         7.64397          2.4455 
        1.63218         7.64331         2.42347 
        1.63831         7.59694         2.40177 
        1.64444         7.56827         2.38032 
        1.65059         7.52786         2.35909 
        1.65673          7.5293         2.33814 
        1.66285         7.46675         2.31751 
        1.66898         7.44256         2.29711 
        1.67512         7.44065         2.27693 
        1.68127         7.41425         2.25697 
         1.6874         7.39912         2.23729 
        1.69353         7.35828         2.21786 
        1.69967         7.34624         2.19861 
        1.70581         7.33221          2.1796 
        1.71193         7.30181         2.16089 
        1.71806         7.30154         2.14236 
        1.72421         7.27625         2.12401 
        1.73035         7.27123         2.10589 
        1.73649         7.25419         2.08799 
        1.74262         7.22569         2.07032 
        1.74876         7.23167         2.05283 
        1.75489         7.21717         2.03559 
        1.76101         7.18625         2.01855 
        1.76715         7.18096         2.00168 
        1.77329          7.1614         1.98499 
        1.77943         7.12599         1.96847 
        1.78557         7.15156         1.95217 
        1.79171         7.13206         1.93606 
        1.79785         7.13135         1.92012 
        1.80399         7.11705         1.90436 
        1.81012         7.11839         1.88881 
        1.81625          7.1175         1.87343 
        1.82239         7.09568         1.85821 
        1.82853          7.1129         1.84316 
        1.83466         7.10466         1.82829 
        1.84078         7.09087          1.8136 
        1.84692         7.10516         1.79906 
        1.85306         7.09394         1.78465 
         1.8592         7.08279         1.77042 
        1.86533         7.08268         1.75636 
        1.87147         7.10491         1.74243 
        1.87761          7.0842         1.72865 
        1.88375         7.09836         1.71504 
        1.88988         7.09849         1.70158 
        1.89601         7.10908         1.68827 
        1.90215         7.08775         1.67508 
        1.90829         7.11688         1.66204 
        1.91442         7.13157         1.64914 
        1.92056         7.14085         1.63639 
         1.9267         7.13576         1.62376 
        1.93284         7.14639         1.61126 
        1.93897         7.14864         1.59891 
        1.94509         7.16646         1.58672 
        1.95123         7.16012         1.57462 
        1.95737         7.16984         1.56265 
        1.96349         7.18616         1.55082 
        1.96964         7.21398         1.53909 
        1.97578          7.2172         1.52747 
        1.98192         7.22421           1.516 
        1.98805         7.27062         1.50464 
        1.99419         7.24042          1.4934 
        2.00033         7.29288         1.48227 
        2.00647         7.29902         1.47126 
         2.0126         7.32624         1.46037 
        2.01874         7.34855         1.44958 
        2.02488         7.38807         1.43889 
        2.03101         7.38023         1.42833 
        2.03714         7.39133         1.41788 
        2.04328         7.43391         1.40753 
        2.04941         7.46014         1.39729 
        2.05554         7.46071         1.38716 
        2.06167         7.49941         1.37711 
        2.06781         7.52748         1.36717 
        2.07396         7.53669         1.35731 
        2.08009         7.58509         1.34756 
        2.08622         7.61794         1.33792 
        2.09237         7.63594         1.32835 
        2.09851         7.66052         1.31888 
        2.10464         7.68987         1.30951 
        2.11077         7.72416         1.30025 
        2.11691         7.75825         1.29106 
        2.12305          7.8004         1.28195 
        2.12918         7.82734         1.27296 
        2.13531         7.85531         1.26405 
        2.14145         7.88118          1.2552 
         2.1476         7.93143         1.24643 
        2.15372         7.94817         1.23779 
        2.15985         7.98679         1.22922 
        2.16599         8.03458         1.22071 
        2.17213         8.05323         1.21229 
        2.17827         8.10335         1.20395 
         2.1844         8.14846         1.19569 
        2.19054         8.19784         1.18751 
        2.19666         8.23159         1.17942 
         2.2028         8.24578         1.17139 
        2.20893         8.29318         1.16344 
        2.21508          8.3195         1.15555 
        2.22122         8.38952         1.14773 
        2.22736         8.44101            1.14 
        2.23349         8.50484         1.13235 
        2.23962         8.52328         1.12476 
        2.24577         8.55744         1.11723 
         2.2519         8.60917         1.10979 
        2.25802         8.65991         1.10242 
        2.26417         8.68347          1.0951 
        2.27031          8.7518         1.08784 
        2.27644         8.77715         1.08067 
        2.28257         8.83151         1.07356 
        2.28872         8.88625          1.0665 
        2.29486         8.92198         1.05951 
        2.30099         8.98251         1.05259 
        2.30712         9.02463         1.04573 
        2.31326         9.07484         1.03893 
         2.3194         9.10653         1.03219 
        2.32553         9.15061         1.02551 
        2.33166         9.24443         1.01891 
         2.3378         9.25923         1.01235 
        2.34394         9.31019         1.00584 
        2.35007         9.35343        0.999403 
        2.35619         9.40292         0.99303 
        2.36233         9.46299        0.986697 
        2.36848         9.50894        0.980406 
        2.37462         9.58583        0.974183 
        2.38075         9.65799        0.968021 
        2.38689         9.69369        0.961906 
        2.39303         9.72313        0.955845 
        2.39916         9.79327        0.949843 
        2.40529         9.83714        0.943893 
        2.41143         9.89863        0.937989 
        2.41757         9.96874        0.932134 
         2.4237         10.0069        0.926339 
        2.42983         9.99729        0.920593 
        2.43598         10.0929        0.914882 
        2.44211         10.1668        0.909228 
        2.44823         10.1796        0.903635 
        2.45437         10.2492        0.898073 
        2.46052         10.3195        0.892554 
        2.46665          10.351        0.887091 
        2.47279         10.4111        0.881675 
        2.47892         10.4369        0.876302 
        2.48507         10.5069        0.870968 
         2.4912         10.5674        0.865688 
        2.49733         10.6357        0.860456 
        2.50347         10.6651        0.855257 
        2.50961         10.7313        0.850101 
        2.51575         10.7671         0.84499 
        2.52188         10.8148        0.839928 
        2.52802         10.8545        0.834902 
        2.53416          10.938        0.829915 
        2.54029         10.9636        0.824978 
        2.54641          11.022        0.820083 
        2.55255         11.0485        0.815223 
        2.55869          11.105        0.810394 
        2.56483         11.1784        0.805611 
        2.57096          11.188        0.800873 
        2.57709         11.2903        0.796171 
        2.58323         11.2891        0.791502 
        2.58937         11.3296        0.786868 
        2.59551         11.4093        0.782277 
        2.60164         11.4401        0.777724 
        2.60778         11.4543        0.773203 
        2.61392         11.5003        0.768719 
        2.62006         11.5636        0.764272 
        2.62619         11.6322        0.759866 
        2.63232         11.6624        0.755493 
        2.63846         11.7001        0.751149 
        2.64459         11.7541        0.746846 
        2.65072         11.7658        0.742576 
        2.65686          11.829        0.738339 
          2.663         11.8418        0.734127 
        2.66915         11.8959         0.72995 
        2.67527         11.9673        0.725814 
        2.68141         11.9312        0.721708 
        2.68755         12.0144         0.71763 
        2.69368         12.0221        0.713587 
        2.69981         12.0941        0.709581 
        2.70595         12.1135        0.705596 
        2.71209         12.1485         0.70164 
        2.71823         12.1697        0.697721 
        2.72436         12.2023        0.693833 
         2.7305         12.2131        0.689972 
        2.73663         12.2748        0.686142 
        2.74276         12.3119        0.682344 
         2.7489         12.3495        0.678572 
        2.75504         12.4014        0.674825 
        2.76118         12.4349        0.671104 
        2.76732         12.4775        0.667417 
        2.77345         12.4519        0.663759 
        2.77959         12.4879        0.660128 
        2.78572         12.5632        0.656524 
        2.79186         12.5682        0.652949 
        2.79798          12.587        0.649404 
        2.80412         12.6173        0.645878 
        2.81027         12.6363        0.642376 
         2.8164         12.6317        0.638906 
        2.82253         12.7276        0.635463 
        2.82867         12.7116        0.632042 
        2.83481          12.776        0.628647 
        2.84095         12.8029        0.625276 
        2.84708         12.7991        0.621935 
        2.85322         12.8193        0.618613 
        2.85935         12.8555        0.615317 
        2.86549           12.88        0.612047 
        2.87162         12.9175        0.608801 
        2.87776         12.9135        0.605579 
        2.88389         12.9382        0.602378 
        2.89003         12.9837        0.599202 
        2.89617         12.9818        0.596047 
        2.90231          13.037        0.592916 
        2.90844         13.0449        0.589808 
        2.91458         13.0597        0.586722 
        2.92071         13.1029        0.583662 
        2.92684         13.1059        0.580621 
        2.93298         13.1349        0.577603 
         2.9391         13.1379         0.57461 
        2.94524         13.1562        0.571634 
        2.95138         13.2212        0.568678 
        2.95752         13.2494         0.56574 
        2.96367         13.2268        0.562823 
         2.9698         13.2688        0.559932 
        2.97594         13.2877        0.557059 
        2.98207         13.3234        0.554206 
        2.98821         13.3522        0.551375 
        2.99434         13.3358        0.548565 
        3.00048         13.3904        0.545772 
        3.00662         13.3817        0.542997 
        3.01275         13.4739        0.540247 
        3.01888         13.4588        0.537514 
        3.02503         13.4875        0.534796 
        3.03117         13.5364        0.532098 
        3.03729         13.5577        0.529426 
        3.04342         13.5834        0.526769 
        3.04957         13.5871        0.524124 
         3.0557         13.6344        0.521502 
        3.06183         13.6483        0.518902 
        3.06796         13.6961        0.516317 
        3.07411          13.706        0.513743 
        3.08025          13.745        0.511193 
        3.08637         13.7442        0.508664 
         3.0925         13.7943        0.506148 
        3.09865          13.821        0.503645 
         3.1048         13.9215        0.501159 
        3.11093         13.9454        0.498695 
        3.11706         13.9654        0.496248 
         3.1232         13.9898        0.493816 
        3.12933         14.0173        0.491399 
        3.13547         14.1036        0.489001 
        3.14159         14.0314        0.486622 
