# k  (h/Mpc)    Pcb(k)  (Mpc/h)^3    Pcb_linear(k)  (Mpc/h)^3
     0.00783031         9546.19         9611.65 
       0.013688         11842.5         11813.7 
       0.019231         11881.3         11897.6 
      0.0249154         10781.3         10935.2 
      0.0312784         9345.87         9409.47 
      0.0375637         7970.99         7977.26 
      0.0433917         6839.34         6934.36 
      0.0492413         6170.38         6190.29 
      0.0555754         5506.01         5646.61 
      0.0619321         5264.39         5246.78 
       0.067871         4791.64         4898.73 
      0.0738098         4418.82         4514.37 
      0.0800417         3948.88         4061.43 
      0.0862327          3544.4         3594.42 
      0.0921407         3179.05          3179.8 
      0.0982031         2811.71          2824.3 
       0.104506         2612.67         2547.28 
       0.110769         2421.77         2358.04 
       0.116806         2274.33         2233.02 
       0.122832         2177.69          2134.7 
       0.129052         2037.53         2032.95 
       0.135211         1931.13         1914.61 
       0.141259         1828.68         1778.77 
       0.147318         1705.71         1632.42 
       0.153489         1552.46         1487.83 
       0.159709          1450.1         1360.69 
       0.165845         1382.16          1261.1 
       0.171974         1297.55         1187.41 
       0.178125         1241.43         1133.54 
       0.184229         1198.39         1091.13 
        0.19034         1127.39         1050.73 
       0.196428         1106.36         1006.16 
       0.202534         1066.09         954.777 
       0.208729         1009.96         897.454 
       0.214876         954.055         839.664 
       0.220989         918.605         786.001 
       0.227147         871.109         739.279 
        0.23329         834.057         701.329 
       0.239377         816.472         671.427 
       0.245482         763.527         646.839 
       0.251667         759.126         624.536 
       0.257832         734.656         602.299 
       0.263955         708.706         578.704 
       0.270079         682.771         553.387 
        0.27624         673.593         527.017 
       0.282372         644.731         501.305 
        0.28843         629.752         477.725 
       0.294538         599.148         456.659 
       0.300721         594.229         438.301 
        0.30691         567.804         422.474 
       0.313033         557.736         408.527 
       0.319153         539.712         395.382 
       0.325316         524.894         382.237 
        0.33145         509.603         368.877 
       0.337538         503.871         355.357 
       0.343633         487.532         341.863 
       0.349808         471.302         328.647 
       0.355968         466.885         316.318 
       0.362074         457.129          305.13 
       0.368217         445.377         294.956 
       0.374374         428.048         285.657 
       0.380519         424.537         277.015 
       0.386598         414.366         268.839 
       0.392688         411.206         260.795 
        0.39888         399.651         252.688 
       0.405048         391.816         244.694 
       0.411186         384.307         236.897 
       0.417313         376.553         229.407 
       0.423458           370.8         222.287 
       0.429607         362.925         215.592 
       0.435692          353.52         209.402 
       0.441815         351.279         203.547 
       0.447964         344.299         197.951 
       0.454126         333.378         192.552 
       0.460267         329.357         187.327 
       0.466387         325.309         182.231 
        0.47254         318.304         177.218 
       0.478662          317.29         172.375 
       0.484765         307.339         167.721 
       0.490885         303.916         163.245 
       0.497035         299.191         158.947 
       0.503198         293.085         154.845 
       0.509342         290.893         150.943 
       0.515458          286.73         147.209 
       0.521598         281.848         143.583 
       0.527764         277.096         140.047 
       0.533884          274.55          136.64 
           0.54         270.392         133.332 
       0.546137         269.324         130.108 
       0.552299         263.822         126.973 
       0.558452         261.193          123.95 
       0.564573         256.968         121.055 
       0.570708         252.352         118.261 
       0.576825         248.695         115.576 
       0.582926         245.945         112.986 
       0.589034         243.477          110.47 
       0.595184         241.025          108.01 
       0.601379          238.23         105.603 
       0.607522         233.931         103.287 
       0.613639         232.497         101.049 
       0.619772         227.308         98.8715 
       0.625918         225.966         96.7556 
       0.632068         222.845         94.7018 
       0.638161         221.602         92.7275 
         0.6443         218.092         90.7972 
       0.650464         216.096         88.9167 
       0.656582         214.286         87.1046 
       0.662703         212.215         85.3436 
       0.668861         208.464          83.622 
       0.675024         206.276         81.9468 
       0.681124         205.309         80.3342 
       0.687237          202.24         78.7615 
       0.693381         199.276         77.2232 
       0.699536         197.871         75.7233 
       0.705665         197.084         74.2699 
       0.711789         193.657         72.8562 
       0.717957         192.958         71.4702 
        0.72409         190.377         70.1285 
       0.730186          187.96           68.83 
       0.736317         186.358         67.5579 
       0.742472         185.294         66.3137 
       0.748622         183.586         65.1024 
        0.75476         182.018         63.9243 
       0.760888          179.55         62.7775 
       0.767043          178.76         61.6544 
       0.773185         176.775         60.5614 
       0.779291          173.85         59.5013 
       0.785407         173.184         58.4652 
       0.791564         171.688         57.4474 
       0.797719         169.107         56.4546 
       0.803834         168.472         55.4917 
       0.809972         166.816          54.548 
       0.816124         166.661         53.6244 
       0.822261         164.357         52.7249 
       0.828378         162.812         51.8488 
       0.834502         162.457         50.9921 
       0.840667         159.854         50.1493 
       0.846816         158.459         49.3281 
       0.852925         157.519         48.5307 
       0.859047         155.916         47.7493 
       0.865192         154.851         46.9827 
       0.871341         153.296         46.2326 
       0.877463         151.958         45.5024 
       0.883569         150.981         44.7899 
       0.889708         149.789         44.0892 
       0.895864         148.209         43.4017 
       0.902008         147.286         42.7305 
       0.908149         146.584          42.074 
       0.914301         144.989         41.4303 
       0.920448         143.829         40.8008 
       0.926574         142.917         40.1866 
       0.932687         142.494         39.5865 
       0.938823           140.6         38.9966 
       0.944975         139.056         38.4174 
       0.951105         138.461         37.8522 
       0.957225         136.945         37.2994 
       0.963368         135.717         36.7558 
       0.969511         135.494         36.2232 
       0.975621          134.54          35.704 
       0.981748          133.65         35.1937 
       0.987916         132.397         34.6902 
        0.99406         131.303         34.1985 
        1.00019         130.794         33.7174 
        1.00632         129.428         33.2461 
        1.01246         128.723         32.7831 
        1.01859         127.578         32.3298 
        1.02471         126.959         31.8857 
        1.03085         125.505         31.4484 
        1.03698         124.807         31.0203 
        1.04314         123.768         30.5984 
        1.04929         123.021         30.1854 
        1.05541         122.096         29.7817 
        1.06154         121.449         29.3845 
        1.06769         121.185         28.9939 
        1.07382         120.296         28.6118 
        1.07993          119.24         28.2375 
        1.08607         118.251         27.8683 
        1.09222         117.682         27.5054 
        1.09836         116.601         27.1494 
        1.10449         115.765         26.8002 
        1.11063         115.069         26.4567 
        1.11677         114.556         26.1195 
         1.1229         113.156         25.7887 
        1.12903         112.438         25.4634 
        1.13518         112.337         25.1434 
        1.14131         111.472         24.8292 
        1.14745         110.556         24.5206 
        1.15359         109.899         24.2171 
        1.15973         109.479         23.9188 
        1.16584         108.342         23.6268 
        1.17197         107.791         23.3393 
        1.17811         107.052         23.0557 
        1.18424           106.3         22.7776 
        1.19038          105.91         22.5034 
        1.19652         105.287         22.2338 
        1.20267         104.435         21.9687 
        1.20881         103.838         21.7079 
        1.21495         103.099         21.4519 
        1.22108         102.437         21.1999 
         1.2272         101.533         20.9527 
        1.23334         101.177         20.7088 
        1.23949         100.212         20.4683 
        1.24562         99.9348         20.2323 
        1.25174         99.0913         20.0004 
        1.25789         98.6623         19.7714 
        1.26402         98.0281         19.5464 
        1.27014          97.199         19.3255 
        1.27628         96.8164         19.1074 
        1.28244         96.2857         18.8922 
        1.28858         95.7857         18.6807 
        1.29471         94.8942         18.4729 
        1.30084         94.5457         18.2685 
        1.30697          93.935         18.0668 
        1.31312         93.5819          17.868 
        1.31925         92.8103         17.6727 
        1.32537         92.5003         17.4806 
        1.33151         91.6222         17.2907 
        1.33765         91.1093         17.1037 
        1.34378         90.5645         16.9198 
        1.34992          90.257         16.7386 
        1.35606         89.6916         16.5596 
         1.3622          89.046         16.3835 
        1.36833         88.6854         16.2104 
        1.37445         88.0594           16.04 
        1.38059          87.581         15.8715 
        1.38675         86.9236         15.7049 
        1.39288         86.4662         15.5415 
        1.39901         86.2464         15.3805 
        1.40515         85.6883         15.2214 
         1.4113         84.9639         15.0646 
        1.41742         84.8947         14.9106 
        1.42355         84.1297         14.7585 
         1.4297         83.7141         14.6081 
        1.43585         83.0895         14.4598 
        1.44198         82.8125         14.3142 
        1.44809         82.3314         14.1709 
        1.45423         81.8673          14.029 
        1.46036         81.5708         13.8893 
        1.46649         81.0839         13.7514 
        1.47263         80.7198         13.6154 
        1.47877          80.262         13.4812 
        1.48491         79.6615         13.3487 
        1.49104         79.2584         13.2182 
        1.49718         78.7725         13.0893 
        1.50333         78.3309          12.962 
        1.50947          78.043         12.8367 
         1.5156         77.5866         12.7131 
        1.52172         77.2626         12.5913 
        1.52787         77.0158         12.4707 
          1.534         76.4359         12.3519 
        1.54013          75.874         12.2348 
        1.54627            75.6          12.119 
        1.55241         75.2784         12.0046 
        1.55855         74.7708         11.8919 
        1.56467         74.3736          11.781 
         1.5708         74.0656         11.6712 
        1.57695         73.9256         11.5626 
        1.58308         73.1278         11.4557 
        1.58922         73.1242           11.35 
        1.59535         72.8097         11.2457 
         1.6015         72.1234         11.1426 
        1.60764         71.9007         11.0408 
        1.61376         71.4851         10.9406 
        1.61989         71.0358         10.8416 
        1.62604         70.6706         10.7435 
        1.63218         70.5228         10.6468 
        1.63831          70.006         10.5514 
        1.64444         69.6491         10.4572 
        1.65059         69.1821         10.3639 
        1.65673         68.9846         10.2719 
        1.66285          68.642         10.1812 
        1.66898         68.2681         10.0917 
        1.67512         67.9161          10.003 
        1.68127         67.5361         9.91528 
         1.6874         67.2868         9.82883 
        1.69353         67.0313         9.74347 
        1.69967         66.4102         9.65891 
        1.70581         66.4425          9.5754 
        1.71193         66.1423          9.4932 
        1.71806         65.5087         9.41178 
        1.72421         65.4451         9.33117 
        1.73035         64.9127         9.25158 
        1.73649          64.623         9.17295 
        1.74262         64.3785          9.0953 
        1.74876         64.1771         9.01849 
        1.75489          63.648         8.94273 
        1.76101         63.5016         8.86787 
        1.76715         63.1409         8.79376 
        1.77329         62.8615         8.72041 
        1.77943         62.4844         8.64787 
        1.78557           62.28         8.57627 
        1.79171         61.9013         8.50546 
        1.79785         61.6749         8.43544 
        1.80399          61.449         8.36623 
        1.81012         61.1935         8.29789 
        1.81625         60.8043         8.23035 
        1.82239           60.52         8.16346 
        1.82853         60.1703         8.09734 
        1.83466         59.8895         8.03203 
        1.84078         59.6202         7.96751 
        1.84692         59.2187         7.90359 
        1.85306         59.0289          7.8403 
         1.8592          58.604          7.7778 
        1.86533          58.453         7.71602 
        1.87147         58.1104         7.65484 
        1.87761          57.984          7.5943 
        1.88375         57.6304         7.53448 
        1.88988         57.5433         7.47538 
        1.89601         57.1628         7.41687 
        1.90215         56.8592         7.35895 
        1.90829         56.6349         7.30167 
        1.91442         56.2682           7.245 
        1.92056         56.0237         7.18898 
         1.9267         55.8652          7.1335 
        1.93284         55.5123         7.07857 
        1.93897         55.1638         7.02432 
        1.94509         54.8672         6.97076 
        1.95123         54.8269         6.91762 
        1.95737         54.5498           6.865 
        1.96349         54.2411         6.81306 
        1.96964         54.0173         6.76151 
        1.97578         53.7296         6.71047 
        1.98192         53.5845         6.66007 
        1.98805         53.4112         6.61018 
        1.99419          53.066         6.56079 
        2.00033         52.7376         6.51189 
        2.00647         52.5993          6.4635 
         2.0126         52.2326         6.41569 
        2.01874         52.0384         6.36829 
        2.02488         51.8199         6.32132 
        2.03101         51.6813         6.27492 
        2.03714         51.3406         6.22903 
        2.04328         51.1199         6.18355 
        2.04941         50.7995         6.13856 
        2.05554         50.5892         6.09405 
        2.06167         50.5059         6.04992 
        2.06781         50.2409         6.00623 
        2.07396         49.9769          5.9629 
        2.08009         49.7254         5.92008 
        2.08622         49.4593         5.87773 
        2.09237         49.2664         5.83571 
        2.09851         49.0616         5.79409 
        2.10464         48.8564         5.75295 
        2.11077         48.6102         5.71226 
        2.11691         48.3794         5.67187 
        2.12305         48.1141         5.63187 
        2.12918         47.9462         5.59235 
        2.13531         47.6293         5.55321 
        2.14145         47.5236         5.51435 
         2.1476         47.3651         5.47582 
        2.15372         47.1101         5.43785 
        2.15985         46.8564         5.40021 
        2.16599         46.6885         5.36281 
        2.17213         46.4791         5.32581 
        2.17827         46.2702         5.28916 
         2.1844          46.015         5.25289 
        2.19054         45.8442         5.21696 
        2.19666         45.6401          5.1814 
         2.2028         45.4471         5.14615 
        2.20893         45.2898         5.11121 
        2.21508         45.0002         5.07656 
        2.22122         44.7691         5.04221 
        2.22736         44.6698         5.00826 
        2.23349         44.4421         4.97463 
        2.23962         44.2246         4.94128 
        2.24577         44.0157         4.90822 
         2.2519         43.8184          4.8755 
        2.25802         43.6644         4.84314 
        2.26417         43.4421         4.81098 
        2.27031         43.2947         4.77908 
        2.27644         43.1122         4.74757 
        2.28257         42.8943         4.71634 
        2.28872          42.701         4.68534 
        2.29486         42.4884         4.65462 
        2.30099         42.3853         4.62424 
        2.30712         42.1726         4.59412 
        2.31326         41.9622         4.56421 
         2.3194         41.6429         4.53459 
        2.32553         41.5789         4.50528 
        2.33166         41.3868         4.47625 
         2.3378         41.1471         4.44743 
        2.34394         40.9502         4.41885 
        2.35007         40.7418         4.39057 
        2.35619         40.6742         4.36257 
        2.36233         40.5675         4.33475 
        2.36848         40.2465         4.30711 
        2.37462         40.1274         4.27978 
        2.38075         39.9843          4.2527 
        2.38689         39.8988         4.22584 
        2.39303         39.6996         4.19921 
        2.39916         39.4873         4.17284 
        2.40529         39.2007          4.1467 
        2.41143         39.1188         4.12077 
        2.41757         38.9426         4.09504 
         2.4237         38.8493         4.06959 
        2.42983         38.6668         4.04435 
        2.43598         38.4363         4.01925 
        2.44211          38.282         3.99442 
        2.44823         38.1369         3.96984 
        2.45437         38.0494         3.94541 
        2.46052         37.7796         3.92116 
        2.46665         37.7428         3.89716 
        2.47279          37.552         3.87337 
        2.47892         37.3297         3.84976 
        2.48507         37.2322         3.82633 
         2.4912         37.1225         3.80314 
        2.49733         36.9132         3.78015 
        2.50347         36.7459         3.75731 
        2.50961          36.668         3.73466 
        2.51575         36.4961         3.71221 
        2.52188         36.2831         3.68997 
        2.52802         36.2021         3.66789 
        2.53416         36.1192         3.64598 
        2.54029         35.9183         3.62429 
        2.54641         35.7774         3.60278 
        2.55255         35.6597         3.58143 
        2.55869          35.563         3.56022 
        2.56483         35.3422         3.53921 
        2.57096         35.2126         3.51839 
        2.57709         35.1137         3.49773 
        2.58323         35.0507         3.47722 
        2.58937         34.8089         3.45686 
        2.59551         34.7115          3.4367 
        2.60164          34.612          3.4167 
        2.60778         34.4593         3.39683 
        2.61392         34.2599         3.37713 
        2.62006         34.1588          3.3576 
        2.62619         34.0685         3.33824 
        2.63232         33.9119         3.31903 
        2.63846         33.7567         3.29995 
        2.64459         33.6787         3.28104 
        2.65072         33.5618         3.26228 
        2.65686         33.4138         3.24367 
          2.663         33.3103         3.22517 
        2.66915         33.2379         3.20681 
        2.67527         33.1324         3.18865 
        2.68141         32.9866         3.17061 
        2.68755         32.8961         3.15269 
        2.69368         32.7397         3.13493 
        2.69981         32.6202         3.11733 
        2.70595         32.5248         3.09982 
        2.71209         32.4184         3.08244 
        2.71823         32.2607         3.06523 
        2.72436         32.2489         3.04815 
         2.7305         32.0942         3.03118 
        2.73663         32.0066         3.01436 
        2.74276         31.9175         2.99767 
         2.7489           31.82          2.9811 
        2.75504         31.6966         2.96464 
        2.76118         31.6528         2.94829 
        2.76732         31.4976          2.9321 
        2.77345         31.3778         2.91603 
        2.77959         31.3117         2.90007 
        2.78572         31.2639         2.88424 
        2.79186         31.0999         2.86853 
        2.79798         31.0689         2.85296 
        2.80412         30.9822         2.83747 
        2.81027         30.8957         2.82208 
         2.8164         30.7747         2.80684 
        2.82253         30.7346         2.79171 
        2.82867          30.632         2.77669 
        2.83481         30.5969         2.76177 
        2.84095         30.4412         2.74696 
        2.84708         30.4056         2.73228 
        2.85322         30.3392         2.71769 
        2.85935          30.251         2.70321 
        2.86549         30.2121         2.68885 
        2.87162         30.1181         2.67458 
        2.87776         30.0716         2.66043 
        2.88389         29.9373         2.64637 
        2.89003         29.9118         2.63241 
        2.89617         29.8608         2.61856 
        2.90231         29.7773          2.6048 
        2.90844         29.7743         2.59114 
        2.91458         29.6533         2.57759 
        2.92071         29.6521         2.56415 
        2.92684         29.5643         2.55078 
        2.93298         29.4991         2.53752 
         2.9391         29.4684         2.52438 
        2.94524         29.3937          2.5113 
        2.95138         29.3434         2.49832 
        2.95752          29.336         2.48541 
        2.96367         29.2514         2.47259 
         2.9698         29.2916         2.45989 
        2.97594         29.1959         2.44727 
        2.98207         29.0957         2.43474 
        2.98821         29.0747          2.4223 
        2.99434         29.0011         2.40995 
        3.00048         28.9992         2.39769 
        3.00662         28.9963          2.3855 
        3.01275         28.9587         2.37341 
        3.01888         28.9111         2.36141 
        3.02503         28.9038         2.34947 
        3.03117         28.8821         2.33762 
        3.03729         28.8572         2.32587 
        3.04342         28.8139          2.3142 
        3.04957         28.7669         2.30258 
         3.0557         28.8044         2.29106 
        3.06183         28.7531         2.27964 
        3.06796         28.7544         2.26828 
        3.07411         28.7924         2.25698 
        3.08025         28.7221         2.24577 
        3.08637         28.7656         2.23466 
         3.0925         28.7635         2.22361 
        3.09865         28.7778         2.21261 
         3.1048         28.7453         2.20169 
        3.11093         28.7526         2.19087 
        3.11706         28.7236         2.18012 
         3.1232         28.7602         2.16943 
        3.12933         28.7358         2.15882 
        3.13547         28.7406         2.14828 
        3.14159         28.7481         2.13783 
