# k  (h/Mpc)    P(k)  (Mpc/h)^3    P_linear(k)  (Mpc/h)^3
     0.00783031         8995.16         9009.94 
       0.013688         11148.4         11070.2 
       0.019231         11185.3         11150.5 
      0.0249154         10153.4         10249.4 
      0.0312784         8799.74         8820.03 
      0.0375637         7503.36          7477.9 
      0.0433917         6440.53         6500.52 
      0.0492413         5809.23         5803.14 
      0.0555754         5186.53         5293.58 
      0.0619321         4955.91         4918.81 
       0.067871         4513.58         4592.57 
      0.0738098         4162.29         4232.27 
      0.0800417         3720.54         3807.65 
      0.0862327         3338.23         3369.84 
      0.0921407         2992.37         2981.14 
      0.0982031         2646.46         2647.86 
       0.104506         2457.36         2388.15 
       0.110769          2277.8         2210.73 
       0.116806         2138.76         2093.53 
       0.122832         2048.53         2001.36 
       0.129052         1917.49         1905.96 
       0.135211         1817.05         1795.01 
       0.141259         1719.74         1667.66 
       0.147318          1603.4         1530.45 
       0.153489         1459.19          1394.9 
       0.159709         1362.07         1275.69 
       0.165845         1297.41         1182.33 
       0.171974         1217.33         1113.24 
       0.178125         1165.03         1062.74 
       0.184229         1124.88         1022.97 
        0.19034         1058.09         985.097 
       0.196428         1038.24         943.317 
       0.202534         1000.52         895.139 
       0.208729         947.295         841.397 
       0.214876         894.089         787.217 
       0.220989          860.53         736.904 
       0.227147         815.326         693.102 
        0.23329         780.541         657.523 
       0.239377         763.717         629.489 
       0.245482         714.238         606.437 
       0.251667         709.868         585.528 
       0.257832         687.277         564.679 
       0.263955         662.808         542.557 
       0.270079         638.494         518.823 
        0.27624         629.562         494.099 
       0.282372         602.595         469.993 
        0.28843         587.696         447.885 
       0.294538         559.433         428.136 
       0.300721         554.507         410.925 
        0.30691         529.671         396.085 
       0.313033         520.193         383.009 
       0.319153         502.875         370.687 
       0.325316          489.29         358.362 
        0.33145         474.778         345.836 
       0.337538         469.444         333.161 
       0.343633          454.03         320.509 
       0.349808         439.013         308.118 
       0.355968         434.586         296.561 
       0.362074         425.079         286.071 
       0.368217         414.258         276.533 
       0.374374         398.408         267.814 
       0.380519         394.726         259.713 
       0.386598         385.285         252.047 
       0.392688         382.041         244.505 
        0.39888         371.475         236.905 
       0.405048         364.022          229.41 
       0.411186         356.855           222.1 
       0.417313         349.673         215.077 
       0.423458         344.274         208.403 
       0.429607         336.809         202.125 
       0.435692         327.861         196.322 
       0.441815         325.806         190.833 
       0.447964         319.443         185.587 
       0.454126         308.738         180.525 
       0.460267         305.199         175.626 
       0.466387         301.435         170.849 
        0.47254         294.892         166.149 
       0.478662          293.84         161.608 
       0.484765         284.687         157.245 
       0.490885         281.367         153.049 
       0.497035         277.176         149.019 
       0.503198         271.175         145.174 
       0.509342         269.016         141.514 
       0.515458         265.095         138.014 
       0.521598         260.784         134.614 
       0.527764         256.461           131.3 
       0.533884         253.864         128.105 
           0.54         250.004         125.004 
       0.546137         248.948         121.982 
       0.552299         243.929         119.042 
       0.558452         241.227         116.208 
       0.564573         237.299         113.493 
       0.570708         233.082         110.875 
       0.576825         229.849         108.357 
       0.582926         227.084         105.929 
       0.589034         224.685          103.57 
       0.595184         222.388         101.263 
       0.601379         219.851         99.0073 
       0.607522         215.766         96.8354 
       0.613639         214.446         94.7368 
       0.619772         209.734         92.6958 
       0.625918         208.327          90.712 
       0.632068         205.562         88.7865 
       0.638161         204.329         86.9356 
         0.6443         201.156         85.1258 
       0.650464         199.309         83.3628 
       0.656582         197.468         81.6638 
       0.662703         195.378         80.0128 
       0.668861         192.032         78.3988 
       0.675024         190.023         76.8282 
       0.681124         189.102         75.3164 
       0.687237         186.117         73.8419 
       0.693381         183.439         72.3997 
       0.699536         182.197         70.9935 
       0.705665         181.665         69.6308 
       0.711789         178.179         68.3055 
       0.717957         177.572          67.006 
        0.72409         175.154         65.7481 
       0.730186         172.802         64.5307 
       0.736317         171.501         63.3381 
       0.742472         170.476         62.1716 
       0.748622         168.869          61.036 
        0.75476         167.431         59.9315 
       0.760888         165.154         58.8562 
       0.767043         164.282         57.8034 
       0.773185         162.495         56.7786 
       0.779291         159.941         55.7847 
       0.785407         159.218         54.8133 
       0.791564         157.865         53.8591 
       0.797719         155.449         52.9283 
       0.803834         154.875         52.0256 
       0.809972         153.252         51.1408 
       0.816124         153.037         50.2749 
       0.822261         151.017         49.4315 
       0.828378         149.574         48.6102 
       0.834502         149.189          47.807 
       0.840667         146.885         47.0168 
       0.846816         145.536          46.247 
       0.852925           144.6         45.4993 
       0.859047         143.093         44.7667 
       0.865192         142.198         44.0481 
       0.871341          140.77         43.3448 
       0.877463         139.512         42.6602 
       0.883569         138.523         41.9922 
       0.889708         137.489         41.3353 
       0.895864         136.124         40.6907 
       0.902008         135.184         40.0614 
       0.908149         134.527         39.4459 
       0.914301         133.087         38.8424 
       0.920448         132.043         38.2522 
       0.926574         131.177         37.6764 
       0.932687          130.77         37.1138 
       0.938823         128.988         36.5608 
       0.944975         127.599         36.0178 
       0.951105         127.015         35.4879 
       0.957225          125.59         34.9696 
       0.963368         124.573           34.46 
       0.969511         124.346         33.9606 
       0.975621         123.548         33.4738 
       0.981748         122.569         32.9954 
       0.987916         121.498         32.5233 
        0.99406         120.515         32.0624 
        1.00019         119.913         31.6114 
        1.00632         118.742         31.1694 
        1.01246         118.053         30.7354 
        1.01859          116.89         30.3104 
        1.02471         116.525          29.894 
        1.03085         115.213          29.484 
        1.03698         114.483         29.0827 
        1.04314         113.529         28.6871 
        1.04929         112.856         28.2999 
        1.05541         111.949         27.9215 
        1.06154         111.397          27.549 
        1.06769          111.07         27.1829 
        1.07382         110.351         26.8246 
        1.07993         109.418         26.4737 
        1.08607          108.47         26.1276 
        1.09222         107.956         25.7873 
        1.09836         106.966         25.4536 
        1.10449         106.246         25.1261 
        1.11063         105.645         24.8041 
        1.11677         105.073         24.4879 
         1.1229         103.829         24.1778 
        1.12903         103.085         23.8728 
        1.13518         103.059         23.5729 
        1.14131          102.31         23.2783 
        1.14745         101.398         22.9889 
        1.15359         100.822         22.7045 
        1.15973         100.403         22.4247 
        1.16584         99.4291          22.151 
        1.17197         98.9201         21.8814 
        1.17811         98.2145         21.6155 
        1.18424         97.5041         21.3549 
        1.19038          97.103         21.0978 
        1.19652         96.5913          20.845 
        1.20267         95.7621         20.5965 
        1.20881         95.2881          20.352 
        1.21495         94.5737         20.1119 
        1.22108         93.9586         19.8757 
         1.2272         93.0954         19.6439 
        1.23334         92.8379         19.4153 
        1.23949         91.9785         19.1898 
        1.24562         91.7332         18.9685 
        1.25174         91.0403         18.7511 
        1.25789         90.5834         18.5364 
        1.26402         90.0096         18.3255 
        1.27014         89.2302         18.1184 
        1.27628         88.8803         17.9139 
        1.28244         88.3725         17.7122 
        1.28858         87.8971         17.5138 
        1.29471         87.1671          17.319 
        1.30084         86.7915         17.1273 
        1.30697         86.2534         16.9383 
        1.31312         85.9033         16.7518 
        1.31925         85.3061         16.5688 
        1.32537         84.9644         16.3887 
        1.33151         84.2011         16.2106 
        1.33765         83.6861         16.0353 
        1.34378         83.1368         15.8629 
        1.34992         82.8843          15.693 
        1.35606         82.4096         15.5252 
         1.3622         81.8283         15.3601 
        1.36833         81.4996         15.1979 
        1.37445         80.9512         15.0381 
        1.38059          80.437         14.8801 
        1.38675         79.8901          14.724 
        1.39288         79.4354         14.5707 
        1.39901         79.2582         14.4197 
        1.40515         78.7884         14.2706 
         1.4113         78.1349         14.1236 
        1.41742         78.0503         13.9792 
        1.42355         77.3516         13.8366 
         1.4297         76.9499         13.6956 
        1.43585         76.4026         13.5566 
        1.44198         76.1893         13.4201 
        1.44809         75.7719         13.2857 
        1.45423         75.3608         13.1527 
        1.46036         75.0744         13.0217 
        1.46649         74.6166         12.8925 
        1.47263         74.2742         12.7649 
        1.47877         73.8367         12.6391 
        1.48491         73.3339         12.5148 
        1.49104         72.9665         12.3925 
        1.49718         72.5181         12.2717 
        1.50333         72.1335         12.1524 
        1.50947         71.8469         12.0348 
         1.5156         71.4567          11.919 
        1.52172         71.1926         11.8047 
        1.52787         70.9302         11.6917 
          1.534         70.4399         11.5804 
        1.54013         69.9427         11.4706 
        1.54627         69.6664          11.362 
        1.55241         69.3601         11.2548 
        1.55855         68.8846         11.1491 
        1.56467         68.5203         11.0451 
         1.5708         68.3169         10.9422 
        1.57695         68.1177         10.8404 
        1.58308         67.4804         10.7401 
        1.58922         67.4676          10.641 
        1.59535         67.1774         10.5432 
         1.6015         66.5224         10.4466 
        1.60764         66.3369         10.3512 
        1.61376         65.9407         10.2572 
        1.61989         65.5563         10.1643 
        1.62604         65.2266         10.0724 
        1.63218         65.1137         9.98171 
        1.63831         64.6775         9.89232 
        1.64444          64.332           9.804 
        1.65059         63.8796         9.71655 
        1.65673         63.7727         9.63026 
        1.66285         63.3961         9.54527 
        1.66898         63.1006         9.46128 
        1.67512         62.7566         9.37813 
        1.68127         62.4062         9.29592 
         1.6874         62.2327         9.21487 
        1.69353         61.9873         9.13484 
        1.69967          61.437         9.05557 
        1.70581         61.4764         8.97727 
        1.71193         61.1731          8.9002 
        1.71806         60.6208         8.82387 
        1.72421         60.5778         8.74829 
        1.73035         60.1117         8.67368 
        1.73649         59.7977         8.59996 
        1.74262         59.6092         8.52715 
        1.74876         59.4069         8.45514 
        1.75489          58.985         8.38412 
        1.76101         58.8413         8.31393 
        1.76715         58.5051         8.24445 
        1.77329         58.2611         8.17569 
        1.77943         57.8837         8.10768 
        1.78557         57.7323         8.04054 
        1.79171         57.4011         7.97416 
        1.79785         57.2188         7.90852 
        1.80399         56.9793         7.84363 
        1.81012         56.7957         7.77956 
        1.81625         56.4027         7.71623 
        1.82239         56.1601         7.65352 
        1.82853         55.7889         7.59154 
        1.83466         55.5686          7.5303 
        1.84078         55.2999         7.46981 
        1.84692         54.9763         7.40988 
        1.85306         54.8224         7.35055 
         1.8592         54.4551         7.29195 
        1.86533         54.2908         7.23403 
        1.87147         54.0333         7.17667 
        1.87761         53.9284         7.11991 
        1.88375         53.5717         7.06383 
        1.88988         53.5026         7.00842 
        1.89601         53.1444         6.95357 
        1.90215         52.8718         6.89926 
        1.90829         52.6955         6.84557 
        1.91442         52.3471         6.79243 
        1.92056         52.1527         6.73991 
         1.9267           51.98         6.68789 
        1.93284         51.7008         6.63639 
        1.93897          51.389         6.58554 
        1.94509         51.1129         6.53532 
        1.95123         51.0845          6.4855 
        1.95737         50.8157         6.43617 
        1.96349         50.5668         6.38747 
        1.96964         50.3641         6.33914 
        1.97578         50.0959          6.2913 
        1.98192         49.9774         6.24404 
        1.98805         49.7863         6.19726 
        1.99419         49.5125         6.15096 
        2.00033          49.203         6.10512 
        2.00647         49.0742         6.05975 
         2.0126         48.8119         6.01492 
        2.01874         48.5755         5.97048 
        2.02488         48.4098         5.92645 
        2.03101         48.2623         5.88295 
        2.03714         47.9965         5.83993 
        2.04328          47.768         5.79728 
        2.04941         47.4935          5.7551 
        2.05554         47.3071         5.71337 
        2.06167         47.2556           5.672 
        2.06781         46.9788         5.63104 
        2.07396         46.7459         5.59042 
        2.08009         46.5305         5.55027 
        2.08622         46.2642         5.51056 
        2.09237          46.108         5.47117 
        2.09851         45.9122         5.43215 
        2.10464         45.7663         5.39358 
        2.11077         45.5512         5.35543 
        2.11691         45.3172         5.31756 
        2.12305         45.0556         5.28006 
        2.12918         44.9521         5.24301 
        2.13531         44.6493         5.20632 
        2.14145         44.5671         5.16989 
         2.1476         44.3985         5.13376 
        2.15372         44.1826         5.09817 
        2.15985         43.9538         5.06287 
        2.16599         43.8344         5.02781 
        2.17213         43.6187         4.99312 
        2.17827         43.4324         4.95876 
         2.1844            43.2         4.92476 
        2.19054         43.0428         4.89106 
        2.19666         42.8582         4.85773 
         2.2028         42.6531         4.82468 
        2.20893         42.5486         4.79193 
        2.21508          42.309         4.75944 
        2.22122         42.0907         4.72724 
        2.22736         41.9719          4.6954 
        2.23349         41.7828         4.66387 
        2.23962         41.5825         4.63261 
        2.24577         41.3964         4.60161 
         2.2519         41.2455         4.57094 
        2.25802         41.0893          4.5406 
        2.26417         40.8761         4.51045 
        2.27031         40.7701         4.48054 
        2.27644         40.5751           4.451 
        2.28257         40.3934         4.42172 
        2.28872         40.2201         4.39265 
        2.29486         40.0178         4.36385 
        2.30099         39.9403         4.33537 
        2.30712         39.7523         4.30713 
        2.31326         39.5757         4.27909 
         2.3194         39.2748         4.25132 
        2.32553         39.2384         4.22385 
        2.33166         39.0568         4.19662 
         2.3378         38.8131         4.16961 
        2.34394         38.6228         4.14282 
        2.35007         38.4828          4.1163 
        2.35619         38.3747         4.09005 
        2.36233         38.2848         4.06397 
        2.36848         38.0257         4.03805 
        2.37462          37.917         4.01242 
        2.38075         37.7792         3.98704 
        2.38689         37.7089         3.96186 
        2.39303         37.5054          3.9369 
        2.39916         37.2868         3.91217 
        2.40529         37.0447         3.88767 
        2.41143         37.0123         3.86335 
        2.41757         36.8319         3.83923 
         2.4237         36.7484         3.81536 
        2.42983          36.562          3.7917 
        2.43598         36.3825         3.76818 
        2.44211         36.2089         3.74489 
        2.44823         36.1004         3.72185 
        2.45437         36.0047         3.69895 
        2.46052         35.7866         3.67621 
        2.46665         35.7485         3.65371 
        2.47279         35.5618         3.63141 
        2.47892         35.3509         3.60927 
        2.48507         35.2787          3.5873 
         2.4912         35.1822         3.56556 
        2.49733         34.9858         3.54401 
        2.50347         34.8225         3.52259 
        2.50961         34.7777         3.50136 
        2.51575         34.6162         3.48031 
        2.52188          34.416         3.45946 
        2.52802         34.3413         3.43876 
        2.53416         34.2553         3.41822 
        2.54029         34.0511         3.39788 
        2.54641         33.9683         3.37772 
        2.55255         33.8407          3.3577 
        2.55869         33.7524         3.33782 
        2.56483         33.5673         3.31811 
        2.57096         33.4343          3.2986 
        2.57709         33.3268         3.27923 
        2.58323         33.2701            3.26 
        2.58937         33.0781         3.24092 
        2.59551         32.9978         3.22201 
        2.60164         32.8971         3.20326 
        2.60778         32.7427         3.18463 
        2.61392         32.5741         3.16617 
        2.62006         32.4612         3.14785 
        2.62619         32.3985          3.1297 
        2.63232          32.243         3.11169 
        2.63846         32.1238          3.0938 
        2.64459         32.0317         3.07607 
        2.65072         31.9223         3.05849 
        2.65686         31.7886         3.04104 
          2.663         31.7032         3.02369 
        2.66915         31.6125         3.00648 
        2.67527         31.5251         2.98945 
        2.68141         31.3942         2.97254 
        2.68755         31.3139         2.95574 
        2.69368         31.1605         2.93909 
        2.69981         31.0712         2.92259 
        2.70595         30.9749         2.90618 
        2.71209         30.8631         2.88988 
        2.71823         30.7411         2.87374 
        2.72436         30.7354         2.85773 
         2.7305         30.5777         2.84183 
        2.73663         30.4991         2.82605 
        2.74276         30.4111         2.81041 
         2.7489         30.3497         2.79487 
        2.75504         30.2153         2.77944 
        2.76118         30.1823         2.76411 
        2.76732          30.042         2.74893 
        2.77345          29.933         2.73386 
        2.77959           29.87          2.7189 
        2.78572         29.8139         2.70406 
        2.79186          29.688         2.68933 
        2.79798         29.6574         2.67473 
        2.80412         29.5505         2.66021 
        2.81027         29.5056         2.64579 
         2.8164          29.385          2.6315 
        2.82253         29.3524         2.61731 
        2.82867         29.2644         2.60323 
        2.83481         29.2067         2.58924 
        2.84095          29.089         2.57536 
        2.84708         29.0247         2.56159 
        2.85322         28.9763         2.54791 
        2.85935         28.9166         2.53434 
        2.86549         28.8723         2.52087 
        2.87162         28.8067          2.5075 
        2.87776         28.7434         2.49423 
        2.88389          28.629         2.48104 
        2.89003         28.6098         2.46796 
        2.89617         28.5771         2.45497 
        2.90231         28.4855         2.44207 
        2.90844         28.4746         2.42927 
        2.91458         28.3847         2.41656 
        2.92071         28.3623         2.40396 
        2.92684         28.2984         2.39143 
        2.93298         28.2132           2.379 
         2.9391         28.1966         2.36668 
        2.94524         28.1304         2.35442 
        2.95138         28.0835         2.34224 
        2.95752           28.09         2.33014 
        2.96367         28.0021         2.31813 
         2.9698         28.0368         2.30622 
        2.97594         27.9429         2.29439 
        2.98207         27.8539         2.28264 
        2.98821         27.8468         2.27098 
        2.99434         27.7868          2.2594 
        3.00048         27.8036          2.2479 
        3.00662         27.7883         2.23647 
        3.01275          27.751         2.22514 
        3.01888         27.7151         2.21389 
        3.02503         27.7222         2.20269 
        3.03117         27.6821         2.19158 
        3.03729         27.6532         2.18057 
        3.04342         27.6397         2.16963 
        3.04957         27.5898         2.15873 
         3.0557         27.6239         2.14793 
        3.06183         27.5904         2.13723 
        3.06796         27.5815         2.12658 
        3.07411         27.6104         2.11598 
        3.08025         27.5469         2.10547 
        3.08637          27.592         2.09506 
         3.0925          27.595          2.0847 
        3.09865         27.6137         2.07439 
         3.1048         27.5984         2.06415 
        3.11093         27.5927           2.054 
        3.11706         27.5946         2.04392 
         3.1232         27.6079          2.0339 
        3.12933         27.6097         2.02395 
        3.13547         27.5966         2.01407 
        3.14159         27.5985         2.00427 
