# k  (h/Mpc)    P(k)  (Mpc/h)^3    P_linear(k)  (Mpc/h)^3
     0.00783031         17248.7         17263.6 
       0.013688         21472.1         21204.5 
       0.019231         21442.9         21354.7 
      0.0249154         19310.6         19626.7 
      0.0312784         16752.8         16888.1 
      0.0375637           14321         14317.5 
      0.0433917         12215.8         12445.6 
      0.0492413         11049.6         11110.1 
      0.0555754          9781.9         10134.3 
      0.0619321         9422.24         9416.66 
       0.067871         8504.91         8791.96 
      0.0738098          7846.8         8102.11 
      0.0800417         6989.13         7289.16 
      0.0862327         6304.31         6450.97 
      0.0921407         5701.53         5706.84 
      0.0982031         5052.15          5068.8 
       0.104506         4736.08         4571.62 
       0.110769         4391.74         4231.97 
       0.116806         4139.33         4007.59 
       0.122832         3943.24         3831.13 
       0.129052         3671.36         3648.51 
       0.135211         3484.08         3436.11 
       0.141259         3324.26         3192.32 
       0.147318         3121.82         2929.66 
       0.153489         2847.31         2670.17 
       0.159709         2678.86         2441.98 
       0.165845         2579.07         2263.25 
       0.171974         2438.21            2131 
       0.178125         2324.71         2034.33 
       0.184229         2232.24          1958.2 
        0.19034         2119.78          1885.7 
       0.196428          2074.9         1805.72 
       0.202534         1992.91          1713.5 
       0.208729         1904.52         1610.62 
       0.214876         1824.58         1506.91 
       0.220989         1761.87          1410.6 
       0.227147         1690.32         1326.75 
        0.23329         1621.32         1258.64 
       0.239377         1597.31         1204.98 
       0.245482         1499.83         1160.85 
       0.251667         1495.37         1120.83 
       0.257832          1440.6         1080.91 
       0.263955         1391.84         1038.57 
       0.270079         1344.47         993.135 
        0.27624          1328.9          945.81 
       0.282372         1274.23         899.664 
        0.28843         1268.37         857.345 
       0.294538         1205.95         819.541 
       0.300721         1197.48         786.596 
        0.30691         1154.39         758.189 
       0.313033         1132.56         733.158 
       0.319153         1111.39          709.57 
       0.325316         1077.12         685.978 
        0.33145         1053.68             662 
       0.337538         1035.93         637.738 
       0.343633         1013.41          613.52 
       0.349808         979.746         589.801 
       0.355968         972.497         567.677 
       0.362074         963.452         547.598 
       0.368217          933.41         529.339 
       0.374374         900.002          512.65 
       0.380519         901.001         497.142 
       0.386598         876.021         482.468 
       0.392688         872.969         468.032 
        0.39888         847.402         453.483 
       0.405048         838.398         439.136 
       0.411186         826.937         425.144 
       0.417313         808.086           411.7 
       0.423458         795.268         398.924 
       0.429607         784.842         386.908 
       0.435692         769.217           375.8 
       0.441815         763.133         365.292 
       0.447964         746.792          355.25 
       0.454126         740.873         345.561 
       0.460267         722.514         336.183 
       0.466387         713.694         327.038 
        0.47254         709.229         318.041 
       0.478662         701.321          309.35 
       0.484765         681.418         300.998 
       0.490885         677.189         292.965 
       0.497035         662.691         285.251 
       0.503198         658.817         277.891 
       0.509342         651.948         270.886 
       0.515458         647.961         264.186 
       0.521598         631.785         257.678 
       0.527764         620.707         251.333 
       0.533884         618.853         245.218 
           0.54         611.918         239.281 
       0.546137           606.7         233.496 
       0.552299         598.979          227.87 
       0.558452         593.814         222.445 
       0.564573         586.645         217.248 
       0.570708         579.191         212.235 
       0.576825          563.93         207.416 
       0.582926         565.685         202.768 
       0.589034         560.826         198.254 
       0.595184         555.649         193.838 
       0.601379         547.831         189.519 
       0.607522         539.183         185.362 
       0.613639         539.008         181.345 
       0.619772         526.929         177.438 
       0.625918         524.235          173.64 
       0.632068         517.146         169.955 
       0.638161         514.723         166.411 
         0.6443         506.041         162.947 
       0.650464         503.781         159.572 
       0.656582         499.443          156.32 
       0.662703          497.42          153.16 
       0.668861         489.049          150.07 
       0.675024         484.944         147.064 
       0.681124         481.196          144.17 
       0.687237         477.218         141.348 
       0.693381          471.23         138.587 
       0.699536         462.897         135.895 
       0.705665         461.902         133.287 
       0.711789         459.676          130.75 
       0.717957         455.055         128.262 
        0.72409         452.483         125.855 
       0.730186         445.774         123.524 
       0.736317         442.108         121.241 
       0.742472         440.251         119.008 
       0.748622         435.227         116.835 
        0.75476          428.79          114.72 
       0.760888         424.822         112.662 
       0.767043         424.326         110.647 
       0.773185         420.017         108.685 
       0.779291         414.996         106.783 
       0.785407         412.781         104.923 
       0.791564         407.591         103.097 
       0.797719         405.771         101.315 
       0.803834         401.248         99.5869 
       0.809972         399.216         97.8934 
       0.816124         398.328         96.2358 
       0.822261         392.726         94.6214 
       0.828378         390.809         93.0492 
       0.834502         385.983         91.5117 
       0.840667         382.502         89.9992 
       0.846816          380.62         88.5255 
       0.852925         377.769         87.0944 
       0.859047         375.126         85.6921 
       0.865192         370.849         84.3164 
       0.871341          367.56         82.9702 
       0.877463         366.525         81.6598 
       0.883569         363.049         80.3811 
       0.889708         360.512         79.1236 
       0.895864         358.994         77.8899 
       0.902008         355.166         76.6852 
       0.908149         350.873          75.507 
       0.914301         348.566         74.3518 
       0.920448         346.451         73.2221 
       0.926574         341.066         72.1199 
       0.932687         341.083         71.0429 
       0.938823          337.64         69.9843 
       0.944975         336.441         68.9449 
       0.951105         332.529         67.9305 
       0.957225         330.676         66.9384 
       0.963368         326.861         65.9629 
       0.969511         325.816          65.007 
       0.975621         322.652         64.0752 
       0.981748         321.527         63.1594 
       0.987916         319.582         62.2559 
        0.99406         313.966         61.3735 
        1.00019         312.478         60.5101 
        1.00632         310.931         59.6643 
        1.01246         308.239         58.8334 
        1.01859         308.326         58.0198 
        1.02471         303.397         57.2228 
        1.03085          302.34          56.438 
        1.03698         300.541         55.6697 
        1.04314         297.125         54.9126 
        1.04929         294.274         54.1714 
        1.05541         294.692          53.447 
        1.06154         289.676         52.7341 
        1.06769         288.675         52.0332 
        1.07382         286.549         51.3474 
        1.07993         284.524         50.6756 
        1.08607         283.297         50.0131 
        1.09222         280.853         49.3618 
        1.09836         278.732          48.723 
        1.10449         276.174         48.0962 
        1.11063         272.935         47.4799 
        1.11677         272.861         46.8746 
         1.1229         270.775          46.281 
        1.12903         268.392         45.6972 
        1.13518         266.097          45.123 
        1.14131         264.348         44.5591 
        1.14745         262.903         44.0052 
        1.15359         260.933         43.4607 
        1.15973         259.583         42.9252 
        1.16584         256.754         42.4011 
        1.17197         257.005         41.8852 
        1.17811         253.084         41.3762 
        1.18424         251.707         40.8773 
        1.19038         250.772         40.3852 
        1.19652         248.197         39.9014 
        1.20267         247.222         39.4255 
        1.20881         245.413         38.9576 
        1.21495         243.232          38.498 
        1.22108         241.714         38.0459 
         1.2272          239.98         37.6022 
        1.23334         238.391         37.1646 
        1.23949         236.395         36.7329 
        1.24562         235.567         36.3093 
        1.25174         233.353         35.8931 
        1.25789         231.549         35.4822 
        1.26402         229.508         35.0784 
        1.27014         228.045          34.682 
        1.27628         226.714         34.2906 
        1.28244         226.441         33.9044 
        1.28858         223.799         33.5248 
        1.29471         222.296         33.1519 
        1.30084         220.389          32.785 
        1.30697         219.172         32.4231 
        1.31312         216.996         32.0662 
        1.31925          215.84         31.7158 
        1.32537         214.856         31.3711 
        1.33151         213.227         31.0302 
        1.33765         210.967         30.6946 
        1.34378             210         30.3647 
        1.34992         208.829         30.0394 
        1.35606         207.926         29.7181 
         1.3622         206.101         29.4022 
        1.36833         204.298         29.0916 
        1.37445         203.354         28.7857 
        1.38059         201.221         28.4832 
        1.38675         200.222         28.1844 
        1.39288         199.049         27.8911 
        1.39901         198.237         27.6021 
        1.40515         196.265         27.3166 
         1.4113         195.095         27.0352 
        1.41742          193.41         26.7589 
        1.42355         192.102         26.4859 
         1.4297         190.667          26.216 
        1.43585         189.784         25.9499 
        1.44198         188.784         25.6886 
        1.44809         187.212         25.4313 
        1.45423         186.178         25.1767 
        1.46036         185.033          24.926 
        1.46649         183.225         24.6786 
        1.47263         182.356         24.4344 
        1.47877         180.681         24.1937 
        1.48491         179.183         23.9558 
        1.49104         178.548         23.7216 
        1.49718         176.782         23.4904 
        1.50333         176.151         23.2619 
        1.50947         174.991         23.0369 
         1.5156         173.394         22.8153 
        1.52172         172.301         22.5965 
        1.52787         170.738         22.3802 
          1.534         170.505          22.167 
        1.54013         168.946         21.9568 
        1.54627         167.963          21.749 
        1.55241         166.368         21.5438 
        1.55855         165.035         21.3415 
        1.56467         164.163         21.1424 
         1.5708         163.378         20.9453 
        1.57695         162.164         20.7505 
        1.58308         160.833         20.5585 
        1.58922         159.928         20.3689 
        1.59535         158.477         20.1818 
         1.6015         158.308         19.9967 
        1.60764         156.581         19.8141 
        1.61376         156.094         19.6342 
        1.61989         154.695         19.4565 
        1.62604         153.347         19.2805 
        1.63218         152.975         19.1069 
        1.63831         151.565         18.9358 
        1.64444         150.617         18.7667 
        1.65059         149.624         18.5993 
        1.65673         148.651         18.4341 
        1.66285         147.424         18.2714 
        1.66898         146.573         18.1107 
        1.67512         145.875         17.9515 
        1.68127         144.308         17.7941 
         1.6874         143.633          17.639 
        1.69353         142.645         17.4858 
        1.69967         141.445         17.3341 
        1.70581         140.767         17.1842 
        1.71193         139.833         17.0367 
        1.71806         139.122         16.8906 
        1.72421         137.863         16.7459 
        1.73035         137.291         16.6031 
        1.73649         136.389         16.4619 
        1.74262         135.451         16.3226 
        1.74876         134.546         16.1847 
        1.75489         133.411         16.0488 
        1.76101         132.146         15.9144 
        1.76715         131.869         15.7814 
        1.77329         130.836         15.6498 
        1.77943         130.113         15.5196 
        1.78557         129.279         15.3911 
        1.79171         128.531          15.264 
        1.79785         127.393         15.1384 
        1.80399         126.527         15.0142 
        1.81012         125.869         14.8915 
        1.81625         125.379         14.7703 
        1.82239         124.395         14.6503 
        1.82853         123.548         14.5316 
        1.83466         122.766         14.4144 
        1.84078         122.157         14.2986 
        1.84692         120.693         14.1839 
        1.85306          120.36         14.0703 
         1.8592         119.397         13.9582 
        1.86533         118.857         13.8473 
        1.87147          117.88         13.7375 
        1.87761          116.93         13.6288 
        1.88375         116.173         13.5215 
        1.88988         115.395         13.4154 
        1.89601          114.75         13.3104 
        1.90215         114.143         13.2065 
        1.90829          113.16         13.1037 
        1.91442         112.571          13.002 
        1.92056         111.901         12.9015 
         1.9267         111.192         12.8019 
        1.93284          110.18         12.7033 
        1.93897         109.725          12.606 
        1.94509         109.087         12.5098 
        1.95123          108.35         12.4145 
        1.95737         107.787           12.32 
        1.96349         106.996         12.2268 
        1.96964         106.124         12.1343 
        1.97578         105.599         12.0427 
        1.98192         104.889         11.9523 
        1.98805         104.135         11.8627 
        1.99419         103.456         11.7741 
        2.00033         102.986         11.6863 
        2.00647          102.37         11.5995 
         2.0126          101.48         11.5137 
        2.01874         100.872         11.4286 
        2.02488         100.301         11.3443 
        2.03101         99.5086         11.2611 
        2.03714         98.9714         11.1787 
        2.04328         98.2155         11.0971 
        2.04941         97.6947         11.0163 
        2.05554         96.8837         10.9365 
        2.06167         96.5229         10.8573 
        2.06781         95.8076         10.7789 
        2.07396            95.3         10.7011 
        2.08009         94.7678         10.6243 
        2.08622         94.0508         10.5483 
        2.09237         93.4408         10.4728 
        2.09851         92.9689         10.3982 
        2.10464          92.318         10.3243 
        2.11077         91.7764         10.2513 
        2.11691         91.4082         10.1788 
        2.12305         90.5807          10.107 
        2.12918         89.9943         10.0361 
        2.13531         89.4173         9.96587 
        2.14145         88.8566         9.89613 
         2.1476           88.17         9.82699 
        2.15372         87.7934         9.75885 
        2.15985         87.3172         9.69129 
        2.16599         86.6771         9.62417 
        2.17213         86.1188         9.55776 
        2.17827         85.6222           9.492 
         2.1844         84.9119         9.42691 
        2.19054         84.5235         9.36242 
        2.19666         84.0554         9.29861 
         2.2028         83.5252         9.23535 
        2.20893         83.0639         9.17265 
        2.21508         82.4696         9.11045 
        2.22122         81.8615         9.04882 
        2.22736         81.5061         8.98788 
        2.23349         81.1743         8.92752 
        2.23962          80.538         8.86769 
        2.24577         80.0497         8.80835 
         2.2519          79.549         8.74964 
        2.25802         78.9417         8.69156 
        2.26417         78.7015         8.63385 
        2.27031         77.9828          8.5766 
        2.27644         77.6209         8.52005 
        2.28257         77.0417           8.464 
        2.28872         76.6989         8.40836 
        2.29486          76.295         8.35323 
        2.30099          75.762         8.29871 
        2.30712         75.3428         8.24465 
        2.31326         74.8239         8.19099 
         2.3194         74.3939         8.13783 
        2.32553         74.0629         8.08523 
        2.33166         73.5421         8.03312 
         2.3378         73.0832          7.9814 
        2.34394         72.6298         7.93013 
        2.35007         72.1989         7.87937 
        2.35619         71.8549         7.82912 
        2.36233         71.4102         7.77919 
        2.36848         71.0289         7.72959 
        2.37462         70.6991         7.68053 
        2.38075         70.0218         7.63194 
        2.38689         69.8235         7.58374 
        2.39303         69.2916         7.53595 
        2.39916         68.9464         7.48863 
        2.40529         68.6572         7.44172 
        2.41143         68.2061         7.39518 
        2.41757         67.8356         7.34901 
         2.4237          67.569         7.30332 
        2.42983          67.102         7.25802 
        2.43598         66.6135         7.21299 
        2.44211         66.4274         7.16842 
        2.44823         66.0632         7.12432 
        2.45437         65.4819         7.08047 
        2.46052          65.162         7.03696 
        2.46665         64.9159         6.99389 
        2.47279          64.375         6.95119 
        2.47892         64.1476         6.90882 
        2.48507         63.7581         6.86677 
         2.4912         63.3804         6.82515 
        2.49733         62.9347         6.78389 
        2.50347         62.7039          6.7429 
        2.50961         62.3671         6.70225 
        2.51575          62.023         6.66196 
        2.52188         61.7713         6.62205 
        2.52802         61.4807         6.58242 
        2.53416          61.039         6.54311 
        2.54029         60.7102         6.50418 
        2.54641          60.422         6.46559 
        2.55255         60.0848         6.42727 
        2.55869         59.7198          6.3892 
        2.56483         59.4589         6.35149 
        2.57096         59.1798         6.31413 
        2.57709         58.8761         6.27706 
        2.58323         58.5185         6.24025 
        2.58937         58.2148         6.20372 
        2.59551         57.9447         6.16752 
        2.60164         57.7247         6.13163 
        2.60778         57.5017         6.09598 
        2.61392         57.0914         6.06063 
        2.62006          56.823         6.02557 
        2.62619         56.5582         5.99083 
        2.63232           56.22         5.95635 
        2.63846         55.9319         5.92211 
        2.64459         55.6323         5.88818 
        2.65072          55.457         5.85452 
        2.65686         55.1186         5.82111 
          2.663         54.9308          5.7879 
        2.66915         54.6152         5.75497 
        2.67527         54.3055         5.72237 
        2.68141         54.1792         5.68999 
        2.68755         53.9154         5.65784 
        2.69368         53.7433         5.62597 
        2.69981          53.413         5.59438 
        2.70595          53.152         5.56296 
        2.71209         52.9056         5.53177 
        2.71823         52.7159         5.50088 
        2.72436         52.5154         5.47022 
         2.7305         52.2098         5.43978 
        2.73663         51.9957         5.40958 
        2.74276         51.7695         5.37964 
         2.7489         51.5479          5.3499 
        2.75504         51.3794         5.32036 
        2.76118         51.1115         5.29102 
        2.76732         50.8861         5.26196 
        2.77345         50.7134         5.23312 
        2.77959         50.4997         5.20448 
        2.78572         50.2753         5.17607 
        2.79186         50.0209         5.14789 
        2.79798         49.9468         5.11994 
        2.80412         49.8102         5.09214 
        2.81027         49.4886         5.06453 
         2.8164         49.3126         5.03717 
        2.82253         49.0955         5.01002 
        2.82867         48.9876         4.98306 
        2.83481         48.7599         4.95629 
        2.84095         48.5893         4.92971 
        2.84708         48.4152         4.90337 
        2.85322         48.2146         4.87718 
        2.85935         48.0553          4.8512 
        2.86549          47.831         4.82541 
        2.87162         47.7278         4.79982 
        2.87776         47.5483         4.77442 
        2.88389         47.4482         4.74918 
        2.89003         47.2798         4.72414 
        2.89617         47.1429         4.69927 
        2.90231         46.9608         4.67458 
        2.90844         46.8433         4.65007 
        2.91458         46.6774         4.62575 
        2.92071         46.5667         4.60162 
        2.92684         46.3602         4.57765 
        2.93298          46.147         4.55385 
         2.9391         46.0706         4.53026 
        2.94524         45.9537         4.50679 
        2.95138         45.9155         4.48349 
        2.95752         45.7424         4.46033 
        2.96367         45.6603         4.43732 
         2.9698         45.5255         4.41453 
        2.97594         45.4625         4.39188 
        2.98207         45.3642         4.36939 
        2.98821         45.2237         4.34707 
        2.99434         45.1172         4.32491 
        3.00048         45.0248         4.30289 
        3.00662         44.9656         4.28102 
        3.01275         44.8667         4.25933 
        3.01888         44.7467         4.23779 
        3.02503          44.666         4.21636 
        3.03117         44.5656         4.19509 
        3.03729         44.5125         4.17402 
        3.04342         44.4233         4.15307 
        3.04957         44.4383         4.13222 
         3.0557           44.32         4.11154 
        3.06183         44.2132         4.09105 
        3.06796         44.1603         4.07066 
        3.07411         44.0711         4.05038 
        3.08025         44.0808         4.03027 
        3.08637          43.992         4.01033 
         3.0925         44.0135         3.99049 
        3.09865           43.99         3.97076 
         3.1048         43.9003         3.95116 
        3.11093         43.8765         3.93173 
        3.11706         43.8338         3.91244 
         3.1232          43.859         3.89327 
        3.12933         43.8414         3.87421 
        3.13547         43.7572          3.8553 
        3.14159         43.7321         3.83655 
