# k  (h/Mpc)    Pcb(k)  (Mpc/h)^3    Pcb_linear(k)  (Mpc/h)^3
     0.00783031         5638.41          5670.4 
       0.013688         6971.26         6971.44 
       0.019231         7011.53         7022.07 
      0.0249154         6391.43         6454.74 
      0.0312784          5535.1         5554.57 
      0.0375637         4713.57         4709.36 
      0.0433917         4059.42         4093.84 
      0.0492413         3655.83         3654.66 
      0.0555754         3278.22         3333.76 
      0.0619321         3117.36         3097.75 
       0.067871          2853.1          2892.3 
      0.0738098         2631.09         2665.39 
      0.0800417         2356.59         2397.99 
      0.0862327         2108.69         2122.26 
      0.0921407            1882         1877.47 
      0.0982031         1664.52         1667.58 
       0.104506         1536.54         1504.02 
       0.110769         1424.43         1392.29 
       0.116806         1336.51         1318.48 
       0.122832         1282.78         1260.43 
       0.129052         1204.96         1200.35 
       0.135211         1140.24         1130.48 
       0.141259         1074.69         1050.28 
       0.147318         998.899         963.865 
       0.153489         908.594         878.494 
       0.159709         843.249         803.423 
       0.165845         799.385         744.621 
       0.171974         747.087         701.109 
       0.178125         716.578         669.308 
       0.184229         692.639         644.263 
        0.19034         652.376         620.409 
       0.196428         638.627         594.096 
       0.202534         615.135         563.755 
       0.208729         580.025         529.909 
       0.214876         544.447         495.786 
       0.220989         521.933         464.101 
       0.227147         491.308         436.513 
        0.23329         469.744         414.106 
       0.239377         457.671          396.45 
       0.245482         429.382         381.932 
       0.251667         425.227         368.763 
       0.257832         412.679         355.633 
       0.263955         396.984         341.701 
       0.270079         382.175         326.753 
        0.27624         374.578         311.183 
       0.282372         358.541         296.001 
        0.28843         345.897         282.077 
       0.294538         330.842         269.639 
       0.300721         325.785           258.8 
        0.30691         310.773         249.454 
       0.313033         304.382         241.219 
       0.319153         292.248         233.458 
       0.325316         285.714         225.696 
        0.33145         276.168         217.808 
       0.337538         272.337         209.825 
       0.343633         262.938         201.857 
       0.349808         254.663         194.053 
       0.355968         250.226         186.774 
       0.362074         242.989         180.167 
       0.368217         237.008          174.16 
       0.374374         229.516         168.669 
       0.380519          225.47         163.567 
       0.386598         219.906         158.739 
       0.392688         216.643         153.989 
        0.39888         211.249         149.202 
       0.405048         206.486         144.483 
       0.411186         201.951         139.879 
       0.417313         197.302         135.456 
       0.423458         193.731         131.252 
       0.429607         189.058         127.299 
       0.435692         183.001         123.644 
       0.441815         181.877         120.187 
       0.447964          178.78         116.883 
       0.454126         171.166         113.695 
       0.460267         169.499         110.609 
       0.466387          167.02           107.6 
        0.47254         163.719         104.641 
       0.478662         162.176         101.781 
       0.484765         157.402          99.033 
       0.490885         154.954         96.3901 
       0.497035         153.185         93.8522 
       0.503198         148.919         91.4304 
       0.509342         146.538         89.1259 
       0.515458         144.417         86.9213 
       0.521598         142.607         84.7801 
       0.527764         140.366         82.6927 
       0.533884          138.24         80.6805 
           0.54         135.841         78.7274 
       0.546137         134.775         76.8241 
       0.552299         132.636         74.9729 
       0.558452         129.759          73.188 
       0.564573          127.51         71.4782 
       0.570708         125.928         69.8288 
       0.576825         124.051         68.2433 
       0.582926         121.873         66.7139 
       0.589034         119.918         65.2286 
       0.595184         118.548         63.7759 
       0.601379         117.164         62.3549 
       0.607522         114.486         60.9871 
       0.613639         114.105         59.6654 
       0.619772         111.562         58.3799 
       0.625918         110.575         57.1306 
       0.632068         109.264         55.9179 
       0.638161         108.009         54.7521 
         0.6443         106.568         53.6124 
       0.650464         105.397          52.502 
       0.656582         103.873          51.432 
       0.662703         102.101         50.3922 
       0.668861          100.92         49.3757 
       0.675024         99.8342         48.3865 
       0.681124         98.6751         47.4344 
       0.687237         96.9916         46.5057 
       0.693381         95.8999         45.5974 
       0.699536          94.832         44.7118 
       0.705665         95.1583         43.8536 
       0.711789         92.5851         43.0189 
       0.717957         92.0153         42.2005 
        0.72409         90.7384         41.4083 
       0.730186         89.2895         40.6416 
       0.736317         89.1185         39.8904 
       0.742472         88.0732         39.1558 
       0.748622         87.1798         38.4406 
        0.75476         86.3076          37.745 
       0.760888         85.0815         37.0678 
       0.767043         84.2432         36.4047 
       0.773185         83.2507         35.7593 
       0.779291         82.7197         35.1333 
       0.785407         81.8422         34.5215 
       0.791564         80.8885         33.9206 
       0.797719         79.7499         33.3343 
       0.803834         79.4399         32.7658 
       0.809972         78.0978         32.2086 
       0.816124         77.5107         31.6632 
       0.822261         76.9248         31.1321 
       0.828378         76.2699         30.6148 
       0.834502         75.4682         30.1089 
       0.840667         74.8678         29.6113 
       0.846816         73.8841         29.1264 
       0.852925         73.1961         28.6556 
       0.859047          72.356         28.1942 
       0.865192         71.9969         27.7416 
       0.871341         71.5725         27.2986 
       0.877463         70.2555         26.8675 
       0.883569         69.7753         26.4468 
       0.889708         69.4336          26.033 
       0.895864          68.807         25.6271 
       0.902008         68.1291         25.2308 
       0.908149         67.6886         24.8431 
       0.914301         67.1344          24.463 
       0.920448         66.4585         24.0913 
       0.926574         65.8808         23.7287 
       0.932687         65.5346         23.3744 
       0.938823         64.5348          23.026 
       0.944975         64.2743         22.6841 
       0.951105         63.6314         22.3503 
       0.957225         62.9089         22.0239 
       0.963368          62.693          21.703 
       0.969511         62.2428         21.3884 
       0.975621         61.7816         21.0819 
       0.981748         61.0388         20.7806 
       0.987916         60.8157         20.4833 
        0.99406         60.2782          20.193 
        1.00019         59.5958         19.9089 
        1.00632         59.2754         19.6306 
        1.01246         58.7632         19.3572 
        1.01859         58.0944         19.0895 
        1.02471         58.2163         18.8273 
        1.03085         57.5029         18.5691 
        1.03698          56.995         18.3163 
        1.04314         56.4469         18.0672 
        1.04929         56.1505         17.8234 
        1.05541         55.5561          17.585 
        1.06154         55.4962         17.3505 
        1.06769         54.9609         17.1199 
        1.07382         54.6517         16.8942 
        1.07993         54.4221         16.6732 
        1.08607         53.8172         16.4552 
        1.09222         53.6302         16.2409 
        1.09836         53.1349         16.0307 
        1.10449         52.6894         15.8245 
        1.11063         52.2026         15.6217 
        1.11677          51.838         15.4226 
         1.1229         51.6849         15.2273 
        1.12903         50.8759         15.0352 
        1.13518         50.9196         14.8463 
        1.14131         50.7178         14.6607 
        1.14745         50.0905         14.4785 
        1.15359         50.0028         14.2993 
        1.15973         49.3997         14.1231 
        1.16584         49.0794         13.9507 
        1.17197         48.9054          13.781 
        1.17811         48.6162         13.6135 
        1.18424         48.0166         13.4494 
        1.19038         47.9624         13.2874 
        1.19652         47.7158         13.1283 
        1.20267         47.3697         12.9717 
        1.20881         47.1216         12.8177 
        1.21495          46.711         12.6665 
        1.22108         46.3945         12.5178 
         1.2272         45.9431         12.3718 
        1.23334          45.807         12.2278 
        1.23949         45.5944         12.0858 
        1.24562         45.2637         11.9464 
        1.25174         45.0916         11.8095 
        1.25789         44.7744         11.6743 
        1.26402         44.3593         11.5414 
        1.27014         44.0911          11.411 
        1.27628         43.8834         11.2822 
        1.28244         43.6157         11.1552 
        1.28858         43.4459         11.0303 
        1.29471         43.1328         10.9076 
        1.30084          43.024         10.7869 
        1.30697         42.6551         10.6678 
        1.31312         42.2397         10.5504 
        1.31925         42.2353         10.4351 
        1.32537         41.9996         10.3216 
        1.33151         41.7088         10.2095 
        1.33765         41.6154         10.0991 
        1.34378         41.3059         9.99053 
        1.34992         40.8164          9.8835 
        1.35606         40.6995         9.77781 
         1.3622         40.4729         9.67386 
        1.36833         40.3023         9.57167 
        1.37445         40.2651         9.47102 
        1.38059         39.9574         9.37151 
        1.38675         39.6498         9.27319 
        1.39288         39.5124         9.17668 
        1.39901         39.1861          9.0816 
        1.40515          39.126         8.98765 
         1.4113         38.9401         8.89508 
        1.41742         38.5993         8.80417 
        1.42355         38.5077         8.71436 
         1.4297         38.1863         8.62554 
        1.43585         38.1906           8.538 
        1.44198         37.8724         8.45201 
        1.44809         37.7189         8.36737 
        1.45423         37.5906         8.28359 
        1.46036         37.4874          8.2011 
        1.46649         37.1769         8.11972 
        1.47263         37.0141         8.03938 
        1.47877         36.9209         7.96016 
        1.48491         36.6401          7.8819 
        1.49104            36.5         7.80485 
        1.49718         36.2353         7.72877 
        1.50333         36.2142          7.6536 
        1.50947         36.0333         7.57958 
         1.5156         35.8233         7.50664 
        1.52172         35.6025         7.43467 
        1.52787          35.635         7.36351 
          1.534         35.3756         7.29336 
        1.54013         35.1534         7.22419 
        1.54627         35.0639         7.15581 
        1.55241         34.8991          7.0883 
        1.55855         34.6873         7.02176 
        1.56467         34.4912         6.95626 
         1.5708         34.5252         6.89141 
        1.57695         34.2189         6.82729 
        1.58308          34.285         6.76415 
        1.58922         34.0593         6.70175 
        1.59535         33.8674         6.64018 
         1.6015         33.7138         6.57929 
        1.60764         33.6438          6.5192 
        1.61376         33.4499         6.46002 
        1.61989         33.2176         6.40154 
        1.62604          33.286         6.34365 
        1.63218         33.0082         6.28652 
        1.63831         32.9647         6.23022 
        1.64444         32.8481          6.1746 
        1.65059         32.6591         6.11952 
        1.65673         32.5401         6.06518 
        1.66285         32.4625         6.01165 
        1.66898         32.2911         5.95875 
        1.67512         32.2366         5.90639 
        1.68127         32.0553         5.85461 
         1.6874          31.963         5.80356 
        1.69353         31.8292         5.75316 
        1.69967         31.7007         5.70323 
        1.70581         31.6892         5.65392 
        1.71193         31.5268         5.60538 
        1.71806         31.4338         5.55731 
        1.72421         31.2395         5.50971 
        1.73035         31.1971         5.46272 
        1.73649         31.1357         5.41629 
        1.74262         30.9989         5.37044 
        1.74876         30.9268         5.32509 
        1.75489         30.7728         5.28035 
        1.76101         30.7229         5.23615 
        1.76715         30.6388         5.19239 
        1.77329         30.5492         5.14908 
        1.77943         30.3916         5.10625 
        1.78557          30.312         5.06397 
        1.79171         30.2406         5.02216 
        1.79785         30.1686         4.98082 
        1.80399         30.0933         4.93995 
        1.81012          30.055          4.8996 
        1.81625         29.8558         4.85972 
        1.82239          29.858         4.82022 
        1.82853         29.7002         4.78118 
        1.83466         29.5516         4.74262 
        1.84078         29.4936         4.70452 
        1.84692         29.4754         4.66678 
        1.85306         29.3786         4.62941 
         1.8592         29.2637          4.5925 
        1.86533         29.1665         4.55602 
        1.87147         29.1186          4.5199 
        1.87761         29.1493         4.48415 
        1.88375         29.0139         4.44883 
        1.88988         28.9584         4.41393 
        1.89601         28.8114         4.37939 
        1.90215         28.7636         4.34519 
        1.90829         28.7239         4.31137 
        1.91442         28.5868         4.27791 
        1.92056         28.5225         4.24483 
         1.9267         28.4954         4.21207 
        1.93284         28.3327         4.17963 
        1.93897         28.3455          4.1476 
        1.94509         28.2836         4.11598 
        1.95123          28.136          4.0846 
        1.95737          28.119         4.05353 
        1.96349         28.0884         4.02286 
        1.96964          27.973         3.99242 
        1.97578          27.971         3.96229 
        1.98192         27.8262         3.93253 
        1.98805         27.8554         3.90307 
        1.99419         27.7015         3.87391 
        2.00033         27.6192         3.84503 
        2.00647         27.5892         3.81646 
         2.0126         27.4694         3.78823 
        2.01874         27.5017         3.76024 
        2.02488         27.4745         3.73251 
        2.03101         27.3697         3.70511 
        2.03714         27.2734         3.67801 
        2.04328         27.1844         3.65116 
        2.04941         27.2059         3.62459 
        2.05554         27.1355         3.59831 
        2.06167         27.0489         3.57226 
        2.06781         27.0085         3.54646 
        2.07396          26.939         3.52087 
        2.08009         26.9285         3.49559 
        2.08622         26.9044         3.47058 
        2.09237         26.8099         3.44577 
        2.09851         26.6869          3.4212 
        2.10464         26.6421          3.3969 
        2.11077         26.5259         3.37288 
        2.11691         26.5359         3.34903 
        2.12305         26.4497         3.32541 
        2.12918         26.4553         3.30208 
        2.13531         26.3833         3.27897 
        2.14145         26.3121         3.25602 
         2.1476         26.2538         3.23327 
        2.15372         26.2223         3.21085 
        2.15985         26.1435         3.18862 
        2.16599         26.0642         3.16654 
        2.17213         26.0482         3.14469 
        2.17827         25.9401         3.12306 
         2.1844         25.9095         3.10164 
        2.19054         25.8525         3.08042 
        2.19666         25.8732         3.05943 
         2.2028         25.8212         3.03861 
        2.20893         25.7387         3.01798 
        2.21508         25.6779         2.99752 
        2.22122         25.5785         2.97724 
        2.22736         25.5612         2.95719 
        2.23349         25.5031         2.93733 
        2.23962         25.4041         2.91765 
        2.24577         25.3425         2.89812 
         2.2519         25.3891         2.87881 
        2.25802         25.3356          2.8597 
        2.26417         25.2224         2.84071 
        2.27031         25.2074         2.82187 
        2.27644         25.1293         2.80327 
        2.28257         25.1112         2.78483 
        2.28872         25.0379         2.76652 
        2.29486         24.9465         2.74838 
        2.30099         24.8961         2.73044 
        2.30712          24.974         2.71266 
        2.31326         24.8587           2.695 
         2.3194         24.8064         2.67751 
        2.32553          24.702          2.6602 
        2.33166         24.6248         2.64306 
         2.3378         24.6005         2.62604 
        2.34394         24.5221         2.60917 
        2.35007         24.4846         2.59247 
        2.35619         24.4447         2.57594 
        2.36233         24.4241         2.55951 
        2.36848         24.3805         2.54319 
        2.37462         24.3315         2.52705 
        2.38075         24.3059         2.51106 
        2.38689          24.274          2.4952 
        2.39303         24.1527         2.47948 
        2.39916         24.0891         2.46391 
        2.40529         24.0868         2.44848 
        2.41143          24.052         2.43316 
        2.41757         23.9519         2.41797 
         2.4237         23.9665         2.40294 
        2.42983         23.8267         2.38804 
        2.43598         23.8202         2.37322 
        2.44211         23.7667         2.35856 
        2.44823         23.6742         2.34405 
        2.45437         23.6917         2.32962 
        2.46052         23.6251          2.3153 
        2.46665         23.6175         2.30113 
        2.47279         23.5287         2.28708 
        2.47892         23.4828         2.27314 
        2.48507         23.4299         2.25931 
         2.4912         23.4059         2.24561 
        2.49733            23.3         2.23204 
        2.50347         23.3591         2.21855 
        2.50961         23.2389         2.20518 
        2.51575         23.1629         2.19192 
        2.52188          23.142         2.17879 
        2.52802         23.1212         2.16575 
        2.53416         23.0544         2.15282 
        2.54029         22.9782         2.14001 
        2.54641         22.9634         2.12731 
        2.55255         22.9132          2.1147 
        2.55869         22.8404         2.10218 
        2.56483         22.8415         2.08977 
        2.57096         22.7368         2.07748 
        2.57709         22.7651         2.06528 
        2.58323         22.6907         2.05317 
        2.58937         22.6216         2.04115 
        2.59551         22.5702         2.02924 
        2.60164          22.568         2.01743 
        2.60778         22.5073          2.0057 
        2.61392         22.4412         1.99407 
        2.62006         22.4007         1.98254 
        2.62619         22.3958         1.97111 
        2.63232         22.3024         1.95976 
        2.63846         22.2919          1.9485 
        2.64459         22.1871         1.93733 
        2.65072         22.2297         1.92626 
        2.65686         22.1384         1.91527 
          2.663         22.0965         1.90434 
        2.66915         22.0658          1.8935 
        2.67527         22.0644         1.88278 
        2.68141         22.0235         1.87213 
        2.68755         22.0195         1.86155 
        2.69368         21.9001         1.85106 
        2.69981         21.8796         1.84067 
        2.70595         21.8467         1.83033 
        2.71209         21.8394         1.82007 
        2.71823         21.7724          1.8099 
        2.72436         21.7281         1.79982 
         2.7305         21.6957          1.7898 
        2.73663         21.6936         1.77987 
        2.74276         21.6541         1.77002 
         2.7489         21.5883         1.76023 
        2.75504         21.5792         1.75051 
        2.76118         21.5499         1.74086 
        2.76732         21.5045          1.7313 
        2.77345         21.4806         1.72181 
        2.77959         21.4089         1.71239 
        2.78572         21.4204         1.70304 
        2.79186          21.401         1.69376 
        2.79798         21.3217         1.68457 
        2.80412         21.3539         1.67542 
        2.81027         21.3096         1.66634 
         2.8164          21.241         1.65734 
        2.82253         21.2061          1.6484 
        2.82867         21.2174         1.63953 
        2.83481         21.1931         1.63072 
        2.84095         21.1904         1.62198 
        2.84708         21.1748         1.61331 
        2.85322          21.146          1.6047 
        2.85935         21.0928         1.59615 
        2.86549         21.0481         1.58766 
        2.87162         21.0765         1.57924 
        2.87776         21.0323         1.57089 
        2.88389         21.0077         1.56258 
        2.89003         21.0059         1.55434 
        2.89617          21.001         1.54616 
        2.90231         20.9785         1.53804 
        2.90844         20.9431         1.52997 
        2.91458         20.9627         1.52197 
        2.92071          20.963         1.51403 
        2.92684         20.9044         1.50614 
        2.93298         20.8842         1.49831 
         2.9391         20.9312         1.49055 
        2.94524         20.8775         1.48283 
        2.95138         20.8835         1.47516 
        2.95752         20.8966         1.46754 
        2.96367         20.8588         1.45998 
         2.9698         20.8893         1.45248 
        2.97594         20.8692         1.44502 
        2.98207         20.8533         1.43762 
        2.98821         20.8677         1.43028 
        2.99434         20.8238         1.42299 
        3.00048         20.8749         1.41575 
        3.00662         20.8525         1.40855 
        3.01275         20.8896         1.40141 
        3.01888         20.8592         1.39433 
        3.02503         20.9058         1.38727 
        3.03117         20.8793         1.38028 
        3.03729         20.8843         1.37334 
        3.04342         20.8995         1.36645 
        3.04957         20.8683         1.35959 
         3.0557         20.9128         1.35279 
        3.06183         20.9234         1.34604 
        3.06796         20.9018         1.33934 
        3.07411         20.9538         1.33266 
        3.08025         20.9573         1.32605 
        3.08637         20.9919         1.31949 
         3.0925         21.0363         1.31296 
        3.09865         21.0615         1.30647 
         3.1048         21.0626         1.30002 
        3.11093         21.0953         1.29363 
        3.11706         21.1315         1.28728 
         3.1232         21.1203         1.28097 
        3.12933         21.1803          1.2747 
        3.13547         21.1713         1.26848 
        3.14159         21.2532         1.26231 
