# k  (h/Mpc)    P(k)  (Mpc/h)^3    P_linear(k)  (Mpc/h)^3
     0.00783031         9961.93         9978.41 
       0.013688         12354.7         12259.5 
       0.019231         12388.1         12348.2 
      0.0249154         11233.5         11350.1 
      0.0312784         9737.52         9767.07 
      0.0375637         8305.78         8280.76 
      0.0433917         7123.32          7198.4 
      0.0492413         6427.58         6426.12 
      0.0555754         5732.19         5861.84 
      0.0619321         5483.64         5446.83 
       0.067871         4988.11         5085.55 
      0.0738098         4600.01         4686.57 
      0.0800417         4109.74         4216.37 
      0.0862327         3690.03         3731.55 
      0.0921407         3311.54         3301.13 
      0.0982031         2929.04         2932.07 
       0.104506         2723.56         2644.49 
       0.110769         2524.54         2448.02 
       0.116806         2371.27         2318.24 
       0.122832         2269.76         2216.17 
       0.129052          2122.8         2110.53 
       0.135211         2012.25         1987.68 
       0.141259         1906.48         1846.65 
       0.147318         1779.05         1694.72 
       0.153489         1619.37         1544.61 
       0.159709         1513.57         1412.62 
       0.165845         1443.59         1309.23 
       0.171974         1355.94         1232.72 
       0.178125          1296.9         1176.81 
       0.184229         1251.64         1132.77 
        0.19034         1177.72         1090.83 
       0.196428         1155.83         1044.56 
       0.202534         1113.65         991.215 
       0.208729         1055.63         931.705 
       0.214876         998.068          871.71 
       0.220989         961.323         815.997 
       0.227147         912.397         767.493 
        0.23329         873.698         728.096 
       0.239377         855.674         697.053 
       0.245482          800.19         671.526 
       0.251667         795.841         648.373 
       0.257832         769.861         625.286 
       0.263955          742.86          600.79 
       0.270079         715.745         574.508 
        0.27624         706.466         547.131 
       0.282372         676.192         520.437 
        0.28843         661.477         495.957 
       0.294538         629.035         474.088 
       0.300721         624.197          455.03 
        0.30691          596.66         438.597 
       0.313033         586.145         424.118 
       0.319153         567.771         410.473 
       0.325316         551.959         396.825 
        0.33145         536.172         382.954 
       0.337538           530.1         368.919 
       0.343633         513.147          354.91 
       0.349808         495.961         341.188 
       0.355968         491.626         328.391 
       0.362074         481.823         316.775 
       0.368217         469.308         306.213 
       0.374374         450.791         296.558 
       0.380519         447.542         287.587 
       0.386598         436.777         279.099 
       0.392688         433.775         270.748 
        0.39888         421.398         262.331 
       0.405048         413.348         254.032 
       0.411186         405.645         245.938 
       0.417313         397.416         238.161 
       0.423458         391.388          230.77 
       0.429607         383.263         223.819 
       0.435692         373.561         217.393 
       0.441815         371.162         211.315 
       0.447964          363.67         205.506 
       0.454126         352.801         199.901 
       0.460267          348.31         194.476 
       0.466387         344.049         189.186 
        0.47254         336.737         183.981 
       0.478662         335.745         178.954 
       0.484765          325.16         174.122 
       0.490885         321.709         169.475 
       0.497035         316.492         165.013 
       0.503198         310.438         160.755 
       0.509342         308.217         156.703 
       0.515458         303.915         152.827 
       0.521598         298.502         149.062 
       0.527764         293.387         145.392 
       0.533884         290.962         141.854 
           0.54         286.563          138.42 
       0.546137         285.497         135.074 
       0.552299         279.621         131.819 
       0.558452         277.109         128.681 
       0.564573         272.658         125.674 
       0.570708         267.754         122.775 
       0.576825         263.657         119.987 
       0.582926         261.008         117.298 
       0.589034         258.515         114.686 
       0.595184          255.95         112.132 
       0.601379         252.917         109.634 
       0.607522         248.482         107.229 
       0.613639         246.981         104.905 
       0.619772         241.379         102.645 
       0.625918         240.139         100.448 
       0.632068          236.71         98.3159 
       0.638161         235.457         96.2663 
         0.6443         231.675         94.2623 
       0.650464         229.553           92.31 
       0.656582         227.798         90.4287 
       0.662703         225.796         88.6005 
       0.668861         221.706         86.8132 
       0.675024         219.378         85.0741 
       0.681124         218.358            83.4 
       0.687237         215.285         81.7672 
       0.693381         212.085         80.1703 
       0.699536         210.504         78.6132 
       0.705665         209.475         77.1042 
       0.711789         206.186         75.6366 
       0.717957         205.378         74.1977 
        0.72409         202.694         72.8048 
       0.730186         200.267         71.4568 
       0.736317         198.386         70.1361 
       0.742472         197.292         68.8444 
       0.748622         195.502         67.5869 
        0.75476         193.817         66.3639 
       0.760888         191.199         65.1732 
       0.767043         190.521         64.0073 
       0.773185         188.348         62.8726 
       0.779291         185.117          61.772 
       0.785407         184.529         60.6963 
       0.791564         182.882         59.6397 
       0.797719         180.203          58.609 
       0.803834         179.508         57.6094 
       0.809972         177.845         56.6297 
       0.816124         177.746         55.6709 
       0.822261           175.2          54.737 
       0.828378         173.594         53.8275 
       0.834502         173.223          52.938 
       0.840667           170.4         52.0631 
       0.846816         168.983         51.2106 
       0.852925         168.044         50.3827 
       0.859047         166.388         49.5715 
       0.865192         165.154         48.7757 
       0.871341          163.51         47.9969 
       0.877463         162.094         47.2389 
       0.883569         161.163         46.4992 
       0.889708         159.817         45.7717 
       0.895864         158.047          45.058 
       0.902008         157.156         44.3612 
       0.908149         156.419         43.6796 
       0.914301         154.675         43.0113 
       0.920448         153.419         42.3578 
       0.926574         152.467         41.7202 
       0.932687         152.063         41.0972 
       0.938823          150.08         40.4848 
       0.944975         148.433         39.8835 
       0.951105         147.809         39.2967 
       0.957225         146.252         38.7228 
       0.963368          144.82         38.1585 
       0.969511         144.586         37.6055 
       0.975621         143.462         37.0665 
       0.981748         142.713         36.5367 
       0.987916         141.297          36.014 
        0.99406         140.092         35.5036 
        1.00019          139.68         35.0042 
        1.00632         138.165         34.5148 
        1.01246          137.43         34.0342 
        1.01859         136.347         33.5636 
        1.02471         135.471         33.1025 
        1.03085         133.886         32.6485 
        1.03698         133.247         32.2041 
        1.04314         132.128         31.7661 
        1.04929         131.309         31.3373 
        1.05541         130.407         30.9182 
        1.06154         129.663         30.5059 
        1.06769         129.451         30.1004 
        1.07382         128.409         29.7037 
        1.07993         127.247          29.315 
        1.08607          126.25         28.9318 
        1.09222         125.627          28.555 
        1.09836         124.475         28.1855 
        1.10449         123.496         27.8229 
        1.11063         122.702         27.4663 
        1.11677         122.261         27.1162 
         1.1229         120.778         26.7728 
        1.12903         120.074         26.4351 
        1.13518         119.881          26.103 
        1.14131         118.922         25.7767 
        1.14745          118.02         25.4563 
        1.15359         117.307         25.1413 
        1.15973          116.87         24.8315 
        1.16584         115.582         24.5284 
        1.17197          114.99         24.2299 
        1.17811         114.257         23.9355 
        1.18424         113.465         23.6469 
        1.19038         113.093         23.3622 
        1.19652         112.362         23.0823 
        1.20267         111.524          22.807 
        1.20881         110.799         22.5363 
        1.21495         110.049         22.2705 
        1.22108         109.359          22.009 
         1.2272         108.421         21.7523 
        1.23334         107.953         21.4991 
        1.23949          106.95         21.2494 
        1.24562         106.603         21.0044 
        1.25174         105.609         20.7636 
        1.25789         105.229         20.5259 
        1.26402         104.524         20.2923 
        1.27014         103.652          20.063 
        1.27628         103.244         19.8366 
        1.28244         102.722         19.6132 
        1.28858         102.197         19.3936 
        1.29471         101.153         19.1778 
        1.30084         100.839         18.9656 
        1.30697         100.149         18.7563 
        1.31312         99.7892         18.5498 
        1.31925          98.893         18.3471 
        1.32537         98.5763         18.1477 
        1.33151         97.6067         17.9505 
        1.33765         97.1278         17.7564 
        1.34378         96.5907         17.5655 
        1.34992         96.2098         17.3773 
        1.35606         95.5656         17.1915 
         1.3622         94.8688         17.0087 
        1.36833         94.4626          16.829 
        1.37445         93.7931         16.6521 
        1.38059         93.3493         16.4771 
        1.38675         92.5968         16.3043 
        1.39288         92.1473         16.1346 
        1.39901         91.8838         15.9674 
        1.40515         91.2557         15.8022 
         1.4113         90.4679         15.6395 
        1.41742         90.3671         15.4796 
        1.42355         89.5835         15.3217 
         1.4297         89.1557         15.1655 
        1.43585         88.4607         15.0116 
        1.44198         88.1133         14.8604 
        1.44809         87.5894         14.7116 
        1.45423         87.0834         14.5643 
        1.46036         86.7624         14.4193 
        1.46649         86.2567         14.2762 
        1.47263         85.8706         14.1349 
        1.47877         85.4075         13.9957 
        1.48491         84.7071         13.8581 
        1.49104         84.2811         13.7226 
        1.49718         83.7505         13.5888 
        1.50333         83.2844         13.4567 
        1.50947         82.9777         13.3265 
         1.5156         82.4636         13.1983 
        1.52172         82.0769         13.0717 
        1.52787         81.8463         12.9466 
          1.534         81.1897         12.8233 
        1.54013         80.5878         12.7017 
        1.54627         80.3194         12.5814 
        1.55241         79.9679         12.4627 
        1.55855         79.4435         12.3457 
        1.56467         79.0325         12.2306 
         1.5708         78.6168         12.1166 
        1.57695         78.5245         12.0038 
        1.58308         77.6027         11.8928 
        1.58922         77.6016         11.7831 
        1.59535         77.2462         11.6748 
         1.6015         76.5695         11.5678 
        1.60764         76.2838         11.4621 
        1.61376          75.891         11.3581 
        1.61989         75.3588         11.2553 
        1.62604         74.9849         11.1535 
        1.63218         74.7778          11.053 
        1.63831         74.2012         10.9541 
        1.64444         73.8288         10.8562 
        1.65059         73.3963         10.7594 
        1.65673         73.0558         10.6639 
        1.66285         72.7679         10.5698 
        1.66898         72.3071         10.4767 
        1.67512         71.9757         10.3847 
        1.68127         71.5492         10.2936 
         1.6874         71.2373         10.2039 
        1.69353         70.9405         10.1153 
        1.69967          70.291         10.0275 
        1.70581         70.3204         9.94079 
        1.71193         70.0066         9.85545 
        1.71806         69.3222         9.77093 
        1.72421          69.224         9.68723 
        1.73035         68.6343         9.60461 
        1.73649         68.3765         9.52298 
        1.74262         68.0529         9.44236 
        1.74876         67.8646         9.36262 
        1.75489         67.2432         9.28397 
        1.76101         67.0906         9.20625 
        1.76715         66.7012         9.12932 
        1.77329          66.405         9.05317 
        1.77943          66.048         8.97786 
        1.78557         65.7844         8.90353 
        1.79171         65.3516         8.83002 
        1.79785          65.088         8.75733 
        1.80399         64.8785         8.68548 
        1.81012         64.5526         8.61453 
        1.81625         64.1468         8.54441 
        1.82239         63.8699         8.47496 
        1.82853         63.5416         8.40633 
        1.83466         63.2048         8.33852 
        1.84078         62.9407         8.27153 
        1.84692         62.4729         8.20518 
        1.85306         62.2284         8.13947 
         1.8592         61.7795         8.07459 
        1.86533         61.6269         8.01045 
        1.87147          61.204         7.94693 
        1.87761         61.0509         7.88408 
        1.88375         60.7141         7.82198 
        1.88988         60.5892         7.76062 
        1.89601         60.1982         7.69989 
        1.90215         59.8716         7.63975 
        1.90829         59.6084         7.58029 
        1.91442          59.232         7.52146 
        1.92056         58.9422          7.4633 
         1.9267         58.7782          7.4057 
        1.93284         58.3736         7.34867 
        1.93897         58.0022         7.29235 
        1.94509          57.702         7.23675 
        1.95123         57.6248         7.18158 
        1.95737         57.3515         7.12695 
        1.96349         56.9844         7.07303 
        1.96964         56.7348         7.01952 
        1.97578          56.449         6.96653 
        1.98192         56.2723          6.9142 
        1.98805         56.1078         6.86241 
        1.99419            55.7         6.81114 
        2.00033         55.3787         6.76037 
        2.00647         55.2389         6.71014 
         2.0126         54.7574          6.6605 
        2.01874         54.6074         6.61129 
        2.02488         54.3471         6.56253 
        2.03101         54.2098         6.51436 
        2.03714         53.8109         6.46672 
        2.04328         53.5851          6.4195 
        2.04941         53.2431         6.37279 
        2.05554         53.0014         6.32658 
        2.06167          52.882         6.28077 
        2.06781         52.6242         6.23541 
        2.07396         52.3364         6.19043 
        2.08009         52.0692         6.14597 
        2.08622         51.8137           6.102 
        2.09237         51.5663         6.05838 
        2.09851         51.3654         6.01518 
        2.10464         51.1005         5.97246 
        2.11077         50.8296         5.93022 
        2.11691         50.5958         5.88829 
        2.12305         50.3423         5.84676 
        2.12918         50.1158         5.80574 
        2.13531         49.7839          5.7651 
        2.14145         49.6694         5.72476 
         2.1476         49.5045         5.68476 
        2.15372          49.236         5.64535 
        2.15985         48.9488         5.60626 
        2.16599         48.7328         5.56744 
        2.17213         48.5393         5.52902 
        2.17827          48.284         5.49098 
         2.1844          48.021         5.45333 
        2.19054         47.8507         5.41602 
        2.19666         47.6254         5.37911 
         2.2028         47.4368         5.34251 
        2.20893         47.2455         5.30624 
        2.21508         46.9209         5.27026 
        2.22122         46.6721         5.23461 
        2.22736         46.5944         5.19936 
        2.23349         46.3212         5.16444 
        2.23962            46.1         5.12983 
        2.24577         45.8695          5.0955 
         2.2519         45.6308         5.06154 
        2.25802          45.471         5.02794 
        2.26417         45.2551         4.99455 
        2.27031         45.0661         4.96144 
        2.27644          44.912         4.92872 
        2.28257         44.6447          4.8963 
        2.28872         44.4404         4.86411 
        2.29486         44.2263         4.83222 
        2.30099          44.102         4.80068 
        2.30712         43.8548         4.76941 
        2.31326         43.6308         4.73836 
         2.3194         43.3232         4.70761 
        2.32553         43.1713         4.67719 
        2.33166         42.9962         4.64704 
         2.3378         42.7678         4.61712 
        2.34394          42.565         4.58746 
        2.35007         42.3024          4.5581 
        2.35619         42.2726         4.52903 
        2.36233          42.132         4.50014 
        2.36848         41.7792         4.47145 
        2.37462         41.6657         4.44307 
        2.38075         41.4943         4.41497 
        2.38689         41.3636         4.38708 
        2.39303         41.1891         4.35944 
        2.39916         40.9973         4.33206 
        2.40529         40.6819         4.30492 
        2.41143         40.5471           4.278 
        2.41757         40.3662         4.25129 
         2.4237         40.2698         4.22486 
        2.42983          40.073         4.19866 
        2.43598         39.8343         4.17261 
        2.44211         39.6928         4.14682 
        2.44823         39.4911         4.12131 
        2.45437         39.4131         4.09595 
        2.46052           39.12         4.07078 
        2.46665         39.0672         4.04586 
        2.47279         38.8877         4.02116 
        2.47892         38.6736         3.99665 
        2.48507         38.5221         3.97232 
         2.4912         38.4154         3.94824 
        2.49733         38.1944         3.92438 
        2.50347         38.0268         3.90067 
        2.50961         37.9131         3.87715 
        2.51575         37.7428         3.85385 
        2.52188         37.5182         3.83076 
        2.52802         37.4331         3.80783 
        2.53416         37.3374         3.78509 
        2.54029         37.1514         3.76257 
        2.54641         36.9586         3.74025 
        2.55255         36.8606         3.71808 
        2.55869         36.7368         3.69606 
        2.56483         36.4958         3.67424 
        2.57096         36.3685         3.65263 
        2.57709         36.2625         3.63119 
        2.58323         36.1927         3.60989 
        2.58937          35.916         3.58876 
        2.59551         35.7972         3.56782 
        2.60164         35.7203         3.54706 
        2.60778         35.5473         3.52644 
        2.61392         35.3375         3.50599 
        2.62006         35.2497          3.4857 
        2.62619         35.1433         3.46561 
        2.63232         34.9834         3.44566 
        2.63846         34.7905         3.42585 
        2.64459          34.735         3.40622 
        2.65072         34.6002         3.38675 
        2.65686          34.429         3.36743 
          2.663         34.3221         3.34822 
        2.66915         34.2565         3.32916 
        2.67527         34.1354          3.3103 
        2.68141         33.9814         3.29158 
        2.68755         33.8972         3.27298 
        2.69368         33.7352         3.25454 
        2.69981         33.5951         3.23627 
        2.70595         33.4977         3.21809 
        2.71209         33.4002         3.20005 
        2.71823         33.2051         3.18218 
        2.72436         33.1775         3.16444 
         2.7305         33.0379         3.14683 
        2.73663         32.9321         3.12936 
        2.74276          32.843         3.11204 
         2.7489         32.7292         3.09484 
        2.75504         32.6118         3.07775 
        2.76118         32.5418         3.06078 
        2.76732         32.3812         3.04397 
        2.77345         32.2804         3.02728 
        2.77959         32.1966         3.01072 
        2.78572         32.1433         2.99428 
        2.79186         31.9688         2.97798 
        2.79798           31.92         2.96181 
        2.80412         31.8514         2.94573 
        2.81027         31.7357         2.92975 
         2.8164         31.6108         2.91393 
        2.82253         31.5585         2.89822 
        2.82867          31.449         2.88263 
        2.83481         31.4405         2.86714 
        2.84095         31.2457         2.85177 
        2.84708         31.2518         2.83653 
        2.85322         31.1479         2.82138 
        2.85935          31.041         2.80635 
        2.86549         31.0092         2.79143 
        2.87162         30.8925         2.77663 
        2.87776         30.8552         2.76193 
        2.88389         30.7385         2.74733 
        2.89003         30.6853         2.73285 
        2.89617         30.6109         2.71846 
        2.90231         30.5427         2.70418 
        2.90844         30.5196            2.69 
        2.91458         30.3983         2.67593 
        2.92071         30.3888         2.66197 
        2.92684         30.3088          2.6481 
        2.93298         30.2366         2.63434 
         2.9391          30.187         2.62069 
        2.94524         30.1196         2.60711 
        2.95138         30.0803         2.59363 
        2.95752         30.0439         2.58023 
        2.96367         29.9644         2.56693 
         2.9698         29.9954         2.55374 
        2.97594         29.9007         2.54064 
        2.98207         29.8134         2.52763 
        2.98821         29.7743         2.51472 
        2.99434         29.7153          2.5019 
        3.00048         29.6668         2.48916 
        3.00662         29.6701         2.47651 
        3.01275         29.6342         2.46396 
        3.01888         29.6012          2.4515 
        3.02503         29.5612          2.4391 
        3.03117          29.546          2.4268 
        3.03729         29.5317         2.41461 
        3.04342         29.4627         2.40249 
        3.04957         29.4337         2.39043 
         3.0557         29.4758         2.37847 
        3.06183         29.3934         2.36661 
        3.06796         29.3959         2.35482 
        3.07411         29.4565         2.34308 
        3.08025         29.3851         2.33145 
        3.08637         29.4086         2.31992 
         3.0925         29.3862         2.30844 
        3.09865         29.4097         2.29703 
         3.1048         29.3676         2.28569 
        3.11093         29.3798         2.27445 
        3.11706         29.3296         2.26329 
         3.1232         29.3977          2.2522 
        3.12933         29.3495         2.24118 
        3.13547         29.3786         2.23024 
        3.14159         29.3745         2.21939 
