# k  (h/Mpc)    Pcb(k)  (Mpc/h)^3    Pcb_linear(k)  (Mpc/h)^3
     0.00783031         18629.6         18798.6 
       0.013688         23243.1         23097.3 
       0.019231         23215.2         23256.9 
      0.0249154           20894         21372.5 
      0.0312784         18134.7         18388.4 
      0.0375637         15511.6         15588.2 
      0.0433917         13222.1         13549.6 
      0.0492413         11965.9         12095.2 
      0.0555754         10581.6         11032.5 
      0.0619321         10203.6           10251 
       0.067871         9199.79         9570.82 
      0.0738098         8489.29         8819.75 
      0.0800417         7558.33         7934.71 
      0.0862327         6823.04         7022.24 
      0.0921407         6178.44         6212.17 
      0.0982031         5477.37         5517.61 
       0.104506         5140.57         4976.38 
       0.110769         4767.56         4606.65 
       0.116806         4496.72         4362.39 
       0.122832         4280.48          4170.3 
       0.129052         3983.25          3971.5 
       0.135211            3780         3740.29 
       0.141259         3610.66         3474.92 
       0.147318         3394.42         3189.01 
       0.153489         3097.44         2906.54 
       0.159709         2916.38         2658.16 
       0.165845         2812.26          2463.6 
       0.171974         2660.86         2319.63 
       0.178125         2536.41         2214.41 
       0.184229         2432.76         2131.55 
        0.19034         2315.71         2052.62 
       0.196428         2264.77         1965.56 
       0.202534         2173.71         1865.18 
       0.208729         2080.13         1753.19 
       0.214876         1997.04          1640.3 
       0.220989         1928.82         1535.46 
       0.227147         1853.23         1444.19 
        0.23329          1778.2         1370.05 
       0.239377         1753.32         1311.64 
       0.245482         1648.21         1263.61 
       0.251667          1643.3         1220.04 
       0.257832         1582.92         1176.59 
       0.263955          1529.3          1130.5 
       0.270079         1478.15         1081.04 
        0.27624         1460.29         1029.53 
       0.282372         1401.17         979.301 
        0.28843         1397.59         933.236 
       0.294538         1329.91         892.084 
       0.300721         1319.58         856.221 
        0.30691         1274.44         825.303 
       0.313033          1249.6         798.057 
       0.319153         1228.81         772.378 
       0.325316         1190.61         746.698 
        0.33145         1165.66         720.601 
       0.337538         1144.64         694.189 
       0.343633         1121.96         667.827 
       0.349808         1085.57          642.01 
       0.355968         1076.95         617.926 
       0.362074         1068.11          596.07 
       0.368217         1034.02         576.195 
       0.374374         999.006         558.029 
       0.380519         1000.49         541.147 
       0.386598         972.053         525.175 
       0.392688          968.32         509.461 
        0.39888         940.689         493.623 
       0.405048         931.981         478.009 
       0.411186         919.186         462.776 
       0.417313         898.176         448.144 
       0.423458          883.85         434.235 
       0.429607          873.16         421.158 
       0.435692         856.661         409.064 
       0.441815         849.509         397.627 
       0.447964         831.584         386.696 
       0.454126         826.675         376.149 
       0.460267         805.358         365.941 
       0.466387         794.971         355.986 
        0.47254         792.801         346.194 
       0.478662         781.973         336.733 
       0.484765         761.003         327.642 
       0.490885         756.404         318.898 
       0.497035         740.047         310.501 
       0.503198         736.104         302.489 
       0.509342         727.797         294.865 
       0.515458         724.191         287.571 
       0.521598         706.248         280.487 
       0.527764          694.03         273.581 
       0.533884         691.842         266.924 
           0.54         685.311         260.462 
       0.546137         677.746         254.165 
       0.552299         670.542         248.041 
       0.558452         663.926         242.136 
       0.564573         656.359         236.479 
       0.570708         648.197         231.022 
       0.576825           631.7         225.776 
       0.582926         634.095         220.717 
       0.589034         628.074         215.803 
       0.595184         622.359         210.996 
       0.601379         614.096         206.295 
       0.607522         604.154          201.77 
       0.613639         603.916         197.397 
       0.619772         591.211         193.144 
       0.625918         587.542         189.011 
       0.632068         580.025         184.999 
       0.638161         577.113         181.142 
         0.6443         567.764         177.371 
       0.650464          565.71         173.698 
       0.656582         560.181         170.158 
       0.662703         558.132         166.718 
       0.668861         549.021         163.354 
       0.675024         544.143         160.082 
       0.681124         540.136         156.932 
       0.687237         536.091         153.859 
       0.693381         529.431         150.855 
       0.699536         519.376         147.924 
       0.705665         518.745         145.085 
       0.711789         516.224         142.324 
       0.717957         511.091         139.616 
        0.72409         508.348         136.995 
       0.730186         500.633         134.458 
       0.736317         496.932         131.973 
       0.742472         494.526         129.543 
       0.748622         488.911         127.177 
        0.75476         481.345         124.875 
       0.760888         477.481         122.635 
       0.767043         476.451         120.441 
       0.773185          471.82         118.306 
       0.779291         466.717         116.235 
       0.785407         463.301         114.211 
       0.791564         458.197         112.223 
       0.797719         456.546         110.283 
       0.803834         450.855         108.402 
       0.809972         448.514         106.559 
       0.816124         447.369         104.755 
       0.822261         441.105         102.997 
       0.828378         439.088         101.286 
       0.834502         433.598         99.6122 
       0.840667         429.558         97.9659 
       0.846816         427.608         96.3617 
       0.852925         424.275         94.8039 
       0.859047         421.677         93.2775 
       0.865192         416.584           91.78 
       0.871341         412.978         90.3147 
       0.877463         411.884         88.8882 
       0.883569         407.641         87.4964 
       0.889708         405.261         86.1275 
       0.895864         403.947         84.7846 
       0.902008         399.596         83.4734 
       0.908149         394.011         82.1909 
       0.914301         391.917         80.9334 
       0.920448         389.994         79.7036 
       0.926574         383.371         78.5039 
       0.932687         382.819         77.3316 
       0.938823         379.607         76.1793 
       0.944975         378.166         75.0479 
       0.951105         373.885         73.9437 
       0.957225         371.482         72.8638 
       0.963368         367.278          71.802 
       0.969511         366.127         70.7614 
       0.975621         363.118         69.7471 
       0.981748         361.097         68.7503 
       0.987916         359.081         67.7668 
        0.99406          352.86         66.8063 
        1.00019         351.033         65.8665 
        1.00632         349.201         64.9457 
        1.01246         346.263         64.0413 
        1.01859         345.927         63.1557 
        1.02471         340.675         62.2881 
        1.03085         339.766         61.4339 
        1.03698         337.298         60.5976 
        1.04314         333.968         59.7735 
        1.04929         330.213         58.9667 
        1.05541         330.929         58.1781 
        1.06154         325.327         57.4021 
        1.06769         323.929         56.6392 
        1.07382         321.324         55.8927 
        1.07993         319.396         55.1614 
        1.08607         317.912         54.4403 
        1.09222         314.846         53.7313 
        1.09836         312.489         53.0359 
        1.10449         310.188         52.3537 
        1.11063         305.977         51.6828 
        1.11677         306.348         51.0239 
         1.1229         303.675         50.3778 
        1.12903         300.959         49.7423 
        1.13518         298.185         49.1173 
        1.14131         296.395         48.5035 
        1.14745         294.447         47.9005 
        1.15359          292.45         47.3078 
        1.15973         291.074         46.7249 
        1.16584         287.803         46.1545 
        1.17197         287.739         45.5929 
        1.17811         283.744         45.0389 
        1.18424         281.859         44.4958 
        1.19038         280.764         43.9601 
        1.19652         277.925         43.4335 
        1.20267         276.784         42.9155 
        1.20881         274.688         42.4061 
        1.21495         272.213         41.9058 
        1.22108         270.352         41.4138 
         1.2272         268.503         40.9308 
        1.23334         266.878         40.4544 
        1.23949         264.256         39.9845 
        1.24562         263.213         39.5235 
        1.25174         261.092         39.0704 
        1.25789         258.737         38.6231 
        1.26402         256.859         38.1836 
        1.27014         254.992         37.7521 
        1.27628         253.174          37.326 
        1.28244         253.132         36.9057 
        1.28858         250.199         36.4925 
        1.29471         248.808         36.0865 
        1.30084         246.065         35.6871 
        1.30697          245.09         35.2932 
        1.31312         242.453         34.9047 
        1.31925         241.061         34.5234 
        1.32537         240.093         34.1481 
        1.33151          238.11          33.777 
        1.33765         235.431         33.4117 
        1.34378         234.465         33.0526 
        1.34992         233.226         32.6985 
        1.35606         231.879         32.3488 
         1.3622         229.851         32.0049 
        1.36833         228.098         31.6668 
        1.37445         226.608         31.3338 
        1.38059         224.579         31.0046 
        1.38675         223.257         30.6794 
        1.39288         221.936         30.3601 
        1.39901         220.774         30.0455 
        1.40515         219.017         29.7347 
         1.4113         217.559         29.4284 
        1.41742         215.682         29.1276 
        1.42355         214.164         28.8305 
         1.4297         212.753         28.5367 
        1.43585         211.375          28.247 
        1.44198          210.56         27.9626 
        1.44809         208.326         27.6825 
        1.45423         207.136         27.4054 
        1.46036         205.932         27.1325 
        1.46649         204.112         26.8632 
        1.47263           203.1         26.5974 
        1.47877         201.158         26.3353 
        1.48491         199.408         26.0764 
        1.49104         198.402         25.8215 
        1.49718         196.798         25.5698 
        1.50333         196.093         25.3211 
        1.50947         194.637         25.0762 
         1.5156         192.827         24.8349 
        1.52172         191.709         24.5968 
        1.52787          189.99         24.3614 
          1.534         189.586         24.1293 
        1.54013         187.762         23.9005 
        1.54627         186.762         23.6742 
        1.55241         185.068         23.4509 
        1.55855         183.333         23.2307 
        1.56467         182.653          23.014 
         1.5708         181.559         22.7995 
        1.57695         180.229         22.5874 
        1.58308         178.585         22.3784 
        1.58922         177.307          22.172 
        1.59535         176.005         21.9683 
         1.6015         175.564         21.7669 
        1.60764         173.839         21.5681 
        1.61376         173.334         21.3723 
        1.61989         171.752         21.1788 
        1.62604          170.01         20.9873 
        1.63218         169.709         20.7983 
        1.63831         168.147          20.612 
        1.64444          166.96          20.428 
        1.65059         166.005         20.2458 
        1.65673         164.844          20.066 
        1.66285         163.401         19.8889 
        1.66898         162.564         19.7139 
        1.67512         161.636         19.5406 
        1.68127         159.777         19.3693 
         1.6874         159.127         19.2005 
        1.69353         158.082         19.0337 
        1.69967         156.704         18.8685 
        1.70581         155.887         18.7054 
        1.71193         154.833         18.5448 
        1.71806         153.959         18.3858 
        1.72421         152.602         18.2283 
        1.73035         151.879         18.0728 
        1.73649         150.901         17.9192 
        1.74262         149.818         17.7675 
        1.74876         148.663         17.6175 
        1.75489         147.632         17.4695 
        1.76101         146.135         17.3232 
        1.76715         145.659         17.1785 
        1.77329         144.499         17.0352 
        1.77943          143.86         16.8935 
        1.78557         142.762         16.7536 
        1.79171         141.954         16.6153 
        1.79785         140.598         16.4785 
        1.80399         139.726         16.3433 
        1.81012         138.934         16.2098 
        1.81625         138.261         16.0778 
        1.82239         137.113         15.9472 
        1.82853         136.459          15.818 
        1.83466         135.379         15.6904 
        1.84078         134.832         15.5644 
        1.84692         133.088         15.4395 
        1.85306         132.619         15.3159 
         1.8592         131.673         15.1938 
        1.86533         131.064         15.0731 
        1.87147         130.007         14.9536 
        1.87761         128.943         14.8353 
        1.88375          128.05         14.7185 
        1.88988         127.023          14.603 
        1.89601         126.558         14.4887 
        1.90215         125.742         14.3756 
        1.90829         124.542         14.2637 
        1.91442         123.911          14.153 
        1.92056         123.275         14.0436 
         1.9267         122.265         13.9352 
        1.93284         121.314         13.8279 
        1.93897         120.818         13.7219 
        1.94509         119.995         13.6173 
        1.95123          119.18         13.5135 
        1.95737           118.4         13.4107 
        1.96349         117.685         13.3092 
        1.96964         116.646         13.2085 
        1.97578         115.998         13.1088 
        1.98192          115.21         13.0103 
        1.98805         114.402         12.9129 
        1.99419         113.702         12.8164 
        2.00033          113.11         12.7209 
        2.00647         112.373         12.6263 
         2.0126         111.563         12.5329 
        2.01874         110.887         12.4403 
        2.02488         110.231         12.3486 
        2.03101         109.222          12.258 
        2.03714         108.637         12.1683 
        2.04328         107.808         12.0795 
        2.04941         107.239         11.9916 
        2.05554          106.29         11.9046 
        2.06167          105.84         11.8184 
        2.06781         105.036         11.7331 
        2.07396         104.436         11.6484 
        2.08009         103.785         11.5648 
        2.08622          103.11          11.482 
        2.09237         102.379            11.4 
        2.09851         101.933         11.3187 
        2.10464         101.249         11.2383 
        2.11077         100.564         11.1588 
        2.11691         100.118         11.0799 
        2.12305         99.2769         11.0018 
        2.12918         98.6545         10.9246 
        2.13531         97.9842         10.8481 
        2.14145         97.3401         10.7722 
         2.1476         96.6045         10.6969 
        2.15372         96.2289         10.6228 
        2.15985         95.6999         10.5492 
        2.16599         94.9138         10.4762 
        2.17213         94.3203         10.4039 
        2.17827         93.7932         10.3323 
         2.1844         93.0347         10.2614 
        2.19054         92.5725         10.1912 
        2.19666          91.884         10.1218 
         2.2028         91.3943         10.0529 
        2.20893         90.9654         9.98467 
        2.21508         90.1427         9.91697 
        2.22122         89.5339         9.84988 
        2.22736         89.1761         9.78355 
        2.23349         88.6905         9.71785 
        2.23962         88.0351         9.65271 
        2.24577         87.4892         9.58812 
         2.2519          86.851         9.52422 
        2.25802         86.3419         9.46099 
        2.26417         86.0397         9.39817 
        2.27031         85.3347         9.33586 
        2.27644         84.8494          9.2743 
        2.28257         84.2777          9.2133 
        2.28872         83.6933         9.15273 
        2.29486         83.2706         9.09272 
        2.30099         82.7288         9.03337 
        2.30712         82.3135         8.97453 
        2.31326          81.662         8.91611 
         2.3194          81.184         8.85825 
        2.32553         80.8902         8.80099 
        2.33166         80.1966         8.74427 
         2.3378         79.8416         8.68798 
        2.34394         79.2921         8.63216 
        2.35007         78.8257         8.57691 
        2.35619         78.3474         8.52221 
        2.36233         77.9795         8.46786 
        2.36848         77.4477         8.41387 
        2.37462         77.1438         8.36047 
        2.38075         76.4174         8.30758 
        2.38689         76.1714         8.25511 
        2.39303         75.5992         8.20309 
        2.39916         75.1539         8.15158 
        2.40529         74.8919         8.10052 
        2.41143         74.4613         8.04985 
        2.41757         73.9258          7.9996 
         2.4237         73.5968         7.94987 
        2.42983         73.1061         7.90056 
        2.43598         72.6351         7.85154 
        2.44211         72.3345         7.80302 
        2.44823          71.889         7.75502 
        2.45437         71.4784         7.70729 
        2.46052         70.9903         7.65993 
        2.46665         70.8056         7.61304 
        2.47279         70.1682         7.56657 
        2.47892         69.8809         7.52045 
        2.48507         69.4957         7.47467 
         2.4912         69.0709         7.42936 
        2.49733         68.5665         7.38446 
        2.50347          68.247         7.33984 
        2.50961         67.9283         7.29559 
        2.51575         67.5159         7.25173 
        2.52188         67.2498         7.20829 
        2.52802         66.9138         7.16516 
        2.53416         66.4024         7.12236 
        2.54029         66.0078         7.07999 
        2.54641         65.7619         7.03798 
        2.55255         65.3357         6.99627 
        2.55869         65.0445         6.95483 
        2.56483         64.6818         6.91378 
        2.57096           64.42         6.87312 
        2.57709         64.0579         6.83276 
        2.58323          63.699         6.79269 
        2.58937         63.4054         6.75293 
        2.59551         63.0659         6.71353 
        2.60164         62.8072         6.67446 
        2.60778         62.5114         6.63566 
        2.61392          62.068         6.59718 
        2.62006         61.7458         6.55901 
        2.62619         61.4696         6.52119 
        2.63232         61.1178         6.48366 
        2.63846         60.8003         6.44639 
        2.64459         60.4682         6.40946 
        2.65072         60.2654         6.37281 
        2.65686         59.8612         6.33645 
          2.663         59.6454         6.30031 
        2.66915         59.2909         6.26445 
        2.67527         59.0565         6.22897 
        2.68141         58.7968         6.19373 
        2.68755         58.5236         6.15873 
        2.69368         58.2777         6.12403 
        2.69981         57.9832         6.08965 
        2.70595         57.6883         6.05545 
        2.71209         57.4515          6.0215 
        2.71823         57.1928         5.98787 
        2.72436         56.9832          5.9545 
         2.7305         56.6201         5.92137 
        2.73663          56.391         5.88849 
        2.74276         56.1567          5.8559 
         2.7489         55.8867         5.82353 
        2.75504         55.7426         5.79137 
        2.76118         55.4956         5.75944 
        2.76732         55.1764          5.7278 
        2.77345          54.976         5.69641 
        2.77959         54.7969         5.66524 
        2.78572         54.5788         5.63432 
        2.79186         54.2712         5.60363 
        2.79798         54.1342         5.57321 
        2.80412         53.9672         5.54295 
        2.81027         53.6723         5.51289 
         2.8164         53.4636         5.48312 
        2.82253         53.2311         5.45356 
        2.82867         53.1186         5.42421 
        2.83481         52.7612         5.39507 
        2.84095         52.6123         5.36615 
        2.84708         52.3926         5.33747 
        2.85322         52.2006         5.30896 
        2.85935         52.0592         5.28068 
        2.86549         51.8256         5.25261 
        2.87162         51.6937         5.22475 
        2.87776         51.4564          5.1971 
        2.88389         51.3835         5.16963 
        2.89003         51.1141         5.14238 
        2.89617         50.9896          5.1153 
        2.90231         50.8312         5.08843 
        2.90844          50.723         5.06175 
        2.91458         50.4644         5.03527 
        2.92071          50.387         5.00901 
        2.92684          50.186         4.98291 
        2.93298         49.9668         4.95701 
         2.9391         49.8635         4.93133 
        2.94524         49.6645         4.90579 
        2.95138         49.6301         4.88042 
        2.95752           49.46         4.85521 
        2.96367         49.2895         4.83017 
         2.9698         49.1746         4.80536 
        2.97594         49.1213          4.7807 
        2.98207         49.0111         4.75622 
        2.98821         48.7934         4.73193 
        2.99434         48.7183         4.70781 
        3.00048         48.6667         4.68384 
        3.00662         48.5665         4.66003 
        3.01275         48.4428         4.63642 
        3.01888         48.3816         4.61297 
        3.02503         48.2785         4.58965 
        3.03117         48.1276         4.56649 
        3.03729         48.1027         4.54356 
        3.04342         47.9678         4.52075 
        3.04957         47.9321         4.49805 
         3.0557         47.8609         4.47555 
        3.06183         47.7638         4.45324 
        3.06796         47.6994         4.43105 
        3.07411         47.5777         4.40897 
        3.08025          47.569         4.38708 
        3.08637         47.4897         4.36537 
         3.0925         47.4921         4.34379 
        3.09865          47.404          4.3223 
         3.1048         47.3226         4.30097 
        3.11093          47.351         4.27983 
        3.11706         47.3432         4.25882 
         3.1232         47.2849         4.23795 
        3.12933         47.2665         4.21721 
        3.13547         47.1725         4.19663 
        3.14159         47.1275         4.17621 
