# k  (h/Mpc)    P(k)  (Mpc/h)^3    P_linear(k)  (Mpc/h)^3
     0.00783031         17691.6         17705.6 
       0.013688         22027.1         21747.1 
       0.019231           21992           21901 
      0.0249154         19797.7         20128.6 
      0.0312784         17175.8           17320 
      0.0375637         14684.3         14683.6 
      0.0433917         12522.1         12763.8 
      0.0492413         11328.1         11394.2 
      0.0555754         10024.4         10393.4 
      0.0619321         9659.15         9657.39 
       0.067871         8715.23         9016.71 
      0.0738098         8041.14         8309.22 
      0.0800417         7161.12         7475.49 
      0.0862327          6461.1         6615.87 
      0.0921407         5845.79         5852.71 
      0.0982031         5180.76         5198.37 
       0.104506         4858.54         4688.47 
       0.110769          4505.5         4340.14 
       0.116806         4247.54         4110.03 
       0.122832         4045.25         3929.06 
       0.129052         3765.62         3741.76 
       0.135211         3573.53         3523.94 
       0.141259          3410.9         3273.91 
       0.147318         3204.36         3004.54 
       0.153489         2923.05         2738.42 
       0.159709         2750.85          2504.4 
       0.165845         2649.82          2321.1 
       0.171974         2505.82         2185.46 
       0.178125         2388.96         2086.33 
       0.184229         2293.06         2008.26 
        0.19034         2179.26          1933.9 
       0.196428         2132.53         1851.87 
       0.202534         2047.76         1757.29 
       0.208729         1957.84         1651.79 
       0.214876         1877.03         1545.42 
       0.220989         1812.66         1446.65 
       0.227147         1739.95         1360.66 
        0.23329         1669.11         1290.81 
       0.239377         1644.87         1235.78 
       0.245482         1545.07         1190.52 
       0.251667         1540.49         1149.47 
       0.257832         1483.98         1108.54 
       0.263955         1433.75         1065.11 
       0.270079         1385.23         1018.52 
        0.27624         1368.97         969.983 
       0.282372         1312.94         922.659 
        0.28843         1307.86         879.258 
       0.294538         1243.83         840.488 
       0.300721         1234.79           806.7 
        0.30691          1191.1         777.567 
       0.313033         1168.35         751.897 
       0.319153         1147.33         727.706 
       0.325316         1111.85         703.511 
        0.33145         1087.97          678.92 
       0.337538          1069.2         654.038 
       0.343633         1046.66         629.201 
       0.349808         1012.15         604.875 
       0.355968         1004.49         582.186 
       0.362074         995.536         561.594 
       0.368217         964.227         542.869 
       0.374374         930.339         525.753 
       0.380519         931.517         509.848 
       0.386598         905.466         494.799 
       0.392688         902.213         479.994 
        0.39888         876.009         465.073 
       0.405048          867.11          450.36 
       0.411186         855.264          436.01 
       0.417313         835.743         422.223 
       0.423458         822.442          409.12 
       0.429607          811.96         396.797 
       0.435692         796.081         385.404 
       0.441815         789.662         374.628 
       0.447964         772.827          364.33 
       0.454126         767.283         354.393 
       0.460267         747.948         344.775 
       0.466387         738.664         335.396 
        0.47254          734.94          326.17 
       0.478662         726.114         317.256 
       0.484765         705.883         308.691 
       0.490885         701.543         300.453 
       0.497035         686.467         292.541 
       0.503198         682.602         284.993 
       0.509342         675.287          277.81 
       0.515458         671.436         270.938 
       0.521598         654.679         264.264 
       0.527764         643.261         257.757 
       0.533884         641.311         251.485 
           0.54         634.488         245.397 
       0.546137         628.555         239.464 
       0.552299         621.013         233.694 
       0.558452         615.391         228.131 
       0.564573         608.115           222.8 
       0.570708         600.457          217.66 
       0.576825         584.779         212.717 
       0.582926         586.765          207.95 
       0.589034         581.556         203.321 
       0.595184         576.208         198.792 
       0.601379          568.23         194.363 
       0.607522         559.186         190.099 
       0.613639         559.017         185.979 
       0.619772         546.743         181.973 
       0.625918         543.741         178.078 
       0.632068         536.526         174.298 
       0.638161         533.962         170.665 
         0.6443         525.058         167.112 
       0.650464         522.889         163.651 
       0.656582         518.169         160.316 
       0.662703         516.138         157.075 
       0.668861          507.54         153.906 
       0.675024          503.22         150.823 
       0.681124         499.381         147.855 
       0.687237         495.373          144.96 
       0.693381         489.175         142.129 
       0.699536          480.29         139.368 
       0.705665          479.43         136.693 
       0.711789         477.135         134.092 
       0.717957         472.335         131.541 
        0.72409         469.746         129.071 
       0.730186         462.685         126.681 
       0.736317         459.006          124.34 
       0.742472         457.013          122.05 
       0.748622         451.795         119.821 
        0.75476         444.982         117.652 
       0.760888         441.036         115.542 
       0.767043         440.394         113.475 
       0.773185         436.009         111.463 
       0.779291         430.962         109.512 
       0.785407         428.369         107.605 
       0.791564         423.194         105.732 
       0.797719         421.449         103.904 
       0.803834         416.537         102.132 
       0.809972         414.439         100.395 
       0.816124         413.445         98.6954 
       0.822261         407.655         97.0398 
       0.828378         405.721         95.4274 
       0.834502         400.646         93.8506 
       0.840667         397.035         92.2995 
       0.846816         395.133         90.7881 
       0.852925          392.13         89.3204 
       0.859047         389.493         87.8823 
       0.865192         384.979         86.4714 
       0.871341         381.563         85.0908 
       0.877463         380.556         83.7468 
       0.883569         376.816         82.4356 
       0.889708          374.33         81.1458 
       0.895864         372.913         79.8806 
       0.902008         368.882         78.6452 
       0.908149         364.184         77.4369 
       0.914301         361.963         76.2521 
       0.920448         359.914         75.0935 
       0.926574         354.107         73.9632 
       0.932687         353.962         72.8587 
       0.938823         350.591          71.773 
       0.944975         349.361          70.707 
       0.951105          345.27         69.6667 
       0.957225         343.253         68.6493 
       0.963368         339.331         67.6488 
       0.969511         338.269         66.6684 
       0.975621         335.159         65.7129 
       0.981748         333.741         64.7737 
       0.987916         331.786          63.847 
        0.99406         325.961         62.9421 
        1.00019         324.336         62.0567 
        1.00632         322.733         61.1892 
        1.01246         319.954         60.3371 
        1.01859         319.924         59.5027 
        1.02471          314.88         58.6853 
        1.03085         313.915         57.8805 
        1.03698         311.892         57.0926 
        1.04314          308.52         56.3161 
        1.04929         305.344          55.556 
        1.05541         305.868          54.813 
        1.06154         300.665         54.0819 
        1.06769         299.527         53.3631 
        1.07382         297.257         52.6598 
        1.07993         295.272         51.9708 
        1.08607          293.97         51.2914 
        1.09222          291.32         50.6234 
        1.09836         289.145         49.9682 
        1.10449         286.665         49.3255 
        1.11063         283.114         48.6934 
        1.11677         283.178         48.0726 
         1.1229         280.917         47.4638 
        1.12903         278.431         46.8651 
        1.13518         275.967         46.2763 
        1.14131         274.225          45.698 
        1.14745         272.617         45.1299 
        1.15359         270.653         44.5714 
        1.15973         269.286         44.0223 
        1.16584         266.322         43.4848 
        1.17197         266.495         42.9557 
        1.17811         262.521         42.4337 
        1.18424         260.991          41.922 
        1.19038          260.01         41.4173 
        1.19652         257.335         40.9212 
        1.20267         256.315         40.4332 
        1.20881         254.432         39.9533 
        1.21495         252.145         39.4819 
        1.22108         250.518         39.0183 
         1.2272         248.774         38.5632 
        1.23334         247.161         38.1144 
        1.23949         244.961         37.6717 
        1.24562         244.095         37.2373 
        1.25174         241.895         36.8105 
        1.25789         239.937          36.389 
        1.26402         237.925          35.975 
        1.27014         236.337         35.5684 
        1.27628         234.869          35.167 
        1.28244         234.653          34.771 
        1.28858         231.939         34.3816 
        1.29471         230.482         33.9992 
        1.30084         228.275         33.6229 
        1.30697          227.15         33.2518 
        1.31312         224.836         32.8858 
        1.31925         223.569         32.5264 
        1.32537         222.613         32.1729 
        1.33151         220.902         31.8233 
        1.33765         218.484         31.4791 
        1.34378         217.514         31.1408 
        1.34992         216.344         30.8071 
        1.35606         215.291         30.4777 
         1.3622         213.387         30.1537 
        1.36833         211.589         29.8351 
        1.37445         210.497         29.5214 
        1.38059         208.401         29.2112 
        1.38675         207.299         28.9048 
        1.39288         206.094          28.604 
        1.39901         205.163         28.3076 
        1.40515         203.264         28.0147 
         1.4113         202.022         27.7262 
        1.41742         200.269         27.4428 
        1.42355         198.901         27.1629 
         1.4297         197.458          26.886 
        1.43585         196.407         26.6131 
        1.44198         195.487         26.3451 
        1.44809           193.7         26.0813 
        1.45423         192.629         25.8201 
        1.46036         191.452          25.563 
        1.46649         189.633         25.3094 
        1.47263         188.747         25.0589 
        1.47877         186.971          24.812 
        1.48491         185.402         24.5681 
        1.49104         184.642         24.3279 
        1.49718         182.935         24.0908 
        1.50333         182.285         23.8564 
        1.50947         181.027         23.6257 
         1.5156         179.352         23.3984 
        1.52172         178.258          23.174 
        1.52787          176.64         22.9522 
          1.534         176.372         22.7336 
        1.54013          174.71          22.518 
        1.54627         173.742         22.3048 
        1.55241         172.106         22.0944 
        1.55855         170.628          21.887 
        1.56467         169.813         21.6828 
         1.5708         168.945         21.4807 
        1.57695         167.714         21.2808 
        1.58308         166.256          21.084 
        1.58922         165.228         20.8895 
        1.59535         163.843         20.6976 
         1.6015         163.576         20.5078 
        1.60764         161.866         20.3205 
        1.61376         161.387          20.136 
        1.61989         159.909         19.9537 
        1.62604         158.447         19.7733 
        1.63218         158.094         19.5952 
        1.63831         156.634         19.4197 
        1.64444         155.611         19.2463 
        1.65059         154.638         19.0747 
        1.65673         153.618         18.9053 
        1.66285          152.29         18.7384 
        1.66898         151.468         18.5735 
        1.67512         150.692         18.4103 
        1.68127         149.014         18.2489 
         1.6874         148.387         18.0898 
        1.69353         147.349         17.9327 
        1.69967         146.097         17.7771 
        1.70581         145.363         17.6234 
        1.71193           144.4         17.4721 
        1.71806         143.653         17.3222 
        1.72421         142.347         17.1739 
        1.73035         141.725         17.0274 
        1.73649           140.8         16.8827 
        1.74262         139.835         16.7398 
        1.74876         138.838         16.5984 
        1.75489         137.738          16.459 
        1.76101         136.376         16.3212 
        1.76715         136.066         16.1848 
        1.77329         134.963         16.0498 
        1.77943         134.297         15.9163 
        1.78557         133.378         15.7845 
        1.79171         132.607         15.6542 
        1.79785         131.394         15.5253 
        1.80399         130.533         15.3979 
        1.81012         129.838         15.2721 
        1.81625         129.308         15.1478 
        1.82239         128.251         15.0247 
        1.82853         127.487          14.903 
        1.83466         126.588         14.7828 
        1.84078         125.993         14.6641 
        1.84692         124.448         14.5464 
        1.85306         124.087         14.4299 
         1.8592          123.11         14.3149 
        1.86533         122.582         14.2012 
        1.87147         121.562         14.0886 
        1.87761         120.563         13.9772 
        1.88375         119.763         13.8671 
        1.88988         118.906         13.7583 
        1.89601         118.319         13.6506 
        1.90215         117.665          13.544 
        1.90829          116.59         13.4386 
        1.91442             116         13.3343 
        1.92056         115.353         13.2312 
         1.9267         114.525         13.1291 
        1.93284         113.523          13.028 
        1.93897         113.072         12.9281 
        1.94509         112.383         12.8296 
        1.95123          111.64         12.7318 
        1.95737         110.994         12.6349 
        1.96349         110.246         12.5393 
        1.96964         109.312         12.4444 
        1.97578         108.737         12.3505 
        1.98192         108.012         12.2577 
        1.98805         107.226         12.1659 
        1.99419         106.541          12.075 
        2.00033         106.062          11.985 
        2.00647         105.385          11.896 
         2.0126         104.546          11.808 
        2.01874         103.882         11.7207 
        2.02488         103.302         11.6343 
        2.03101         102.434         11.5489 
        2.03714          101.89         11.4644 
        2.04328         101.098         11.3807 
        2.04941         100.572         11.2979 
        2.05554         99.7042          11.216 
        2.06167         99.3262         11.1348 
        2.06781          98.589         11.0543 
        2.07396         98.0566         10.9746 
        2.08009         97.5029         10.8958 
        2.08622         96.7903         10.8178 
        2.09237         96.1416         10.7405 
        2.09851         95.6791         10.6639 
        2.10464         95.0186         10.5882 
        2.11077          94.426         10.5133 
        2.11691         94.0413          10.439 
        2.12305         93.2195         10.3653 
        2.12918         92.6047         10.2926 
        2.13531         92.0051         10.2206 
        2.14145         91.4146         10.1491 
         2.1476         90.7172         10.0781 
        2.15372         90.3456         10.0083 
        2.15985         89.8512         9.93898 
        2.16599         89.1609         9.87015 
        2.17213         88.5976         9.80204 
        2.17827         88.0704          9.7346 
         2.1844         87.3586         9.66785 
        2.19054         86.9327          9.6017 
        2.19666         86.3914         9.53627 
         2.2028         85.8985         9.47139 
        2.20893         85.4365         9.40708 
        2.21508         84.7684          9.3433 
        2.22122         84.1612         9.28009 
        2.22736         83.8124          9.2176 
        2.23349         83.4271          9.1557 
        2.23962         82.7933         9.09433 
        2.24577         82.2778         9.03348 
         2.2519         81.7461         8.97327 
        2.25802         81.1606          8.9137 
        2.26417         80.9181         8.85451 
        2.27031         80.1894         8.79581 
        2.27644         79.8033          8.7378 
        2.28257         79.2052         8.68033 
        2.28872         78.7946         8.62327 
        2.29486         78.3874         8.56673 
        2.30099         77.8378         8.51081 
        2.30712         77.4221         8.45537 
        2.31326         76.8572         8.40033 
         2.3194         76.4381         8.34582 
        2.32553         76.1344         8.29188 
        2.33166         75.5263         8.23844 
         2.3378         75.1179          8.1854 
        2.34394         74.6265         8.13281 
        2.35007         74.1706         8.08075 
        2.35619         73.8018         8.02922 
        2.36233         73.3671         7.97801 
        2.36848         72.9529         7.92715 
        2.37462          72.638         7.87683 
        2.38075         71.9205           7.827 
        2.38689         71.7197         7.77756 
        2.39303         71.1801         7.72856 
        2.39916         70.7961         7.68003 
        2.40529          70.525         7.63192 
        2.41143         70.0857         7.58418 
        2.41757         69.6393         7.53684 
         2.4237           69.37         7.48998 
        2.42983         68.8824         7.44353 
        2.43598         68.4072         7.39734 
        2.44211         68.2017         7.35163 
        2.44823         67.8132         7.30641 
        2.45437         67.2614         7.26144 
        2.46052         66.9021         7.21681 
        2.46665         66.6834         7.17264 
        2.47279         66.1032         7.12885 
        2.47892         65.8683          7.0854 
        2.48507         65.4688         7.04227 
         2.4912         65.0705         6.99958 
        2.49733         64.6087         6.95728 
        2.50347         64.3416         6.91524 
        2.50961         64.0222         6.87355 
        2.51575         63.6588         6.83223 
        2.52188         63.4093          6.7913 
        2.52802         63.1133         6.75066 
        2.53416         62.6325         6.71034 
        2.54029          62.293         6.67042 
        2.54641         62.0119         6.63084 
        2.55255         61.6419         6.59154 
        2.55869         61.3119          6.5525 
        2.56483         61.0068         6.51382 
        2.57096         60.7438         6.47551 
        2.57709         60.4277         6.43749 
        2.58323         60.0517         6.39974 
        2.58937         59.7643         6.36227 
        2.59551         59.4744         6.32515 
        2.60164         59.2399         6.28834 
        2.60778         58.9996         6.25179 
        2.61392         58.5685         6.21553 
        2.62006         58.2839         6.17957 
        2.62619         58.0201         6.14394 
        2.63232         57.6796         6.10859 
        2.63846          57.374         6.07346 
        2.64459         57.0559         6.03867 
        2.65072         56.8792         6.00415 
        2.65686         56.5287         5.96989 
          2.663         56.3232         5.93583 
        2.66915         55.9884         5.90206 
        2.67527         55.7138         5.86862 
        2.68141         55.5398         5.83542 
        2.68755         55.2908         5.80245 
        2.69368         55.0749         5.76976 
        2.69981         54.7694         5.73736 
        2.70595         54.4927         5.70514 
        2.71209           54.25         5.67315 
        2.71823         54.0431         5.64147 
        2.72436         53.8443         5.61003 
         2.7305         53.5165         5.57881 
        2.73663         53.3045         5.54784 
        2.74276          53.063         5.51714 
         2.7489         52.8255         5.48663 
        2.75504          52.678         5.45634 
        2.76118         52.4047         5.42625 
        2.76732         52.1545         5.39644 
        2.77345         51.9684         5.36687 
        2.77959         51.7786          5.3375 
        2.78572         51.5376         5.30837 
        2.79186         51.2773         5.27946 
        2.79798         51.2026         5.25079 
        2.80412         51.0426         5.22229 
        2.81027         50.7414         5.19397 
         2.8164         50.5444         5.16591 
        2.82253         50.3229         5.13807 
        2.82867         50.2147         5.11042 
        2.83481         49.9471         5.08296 
        2.84095         49.7734         5.05571 
        2.84708         49.6009         5.02869 
        2.85322         49.3966         5.00183 
        2.85935         49.2468         4.97518 
        2.86549         49.0149         4.94874 
        2.87162         48.9053         4.92249 
        2.87776         48.7062         4.89644 
        2.88389         48.6156         4.87056 
        2.89003         48.4135         4.84488 
        2.89617         48.2902         4.81937 
        2.90231         48.0952         4.79405 
        2.90844         47.9947         4.76892 
        2.91458         47.8127         4.74397 
        2.92071         47.7047         4.71923 
        2.92684         47.4948         4.69464 
        2.93298         47.2639         4.67024 
         2.9391         47.1901         4.64604 
        2.94524         47.0497         4.62198 
        2.95138         47.0251         4.59808 
        2.95752         46.8484         4.57432 
        2.96367         46.7377         4.55073 
         2.9698         46.6071         4.52736 
        2.97594         46.5595         4.50413 
        2.98207         46.4483         4.48106 
        2.98821         46.2858         4.45817 
        2.99434         46.1882         4.43545 
        3.00048         46.1085         4.41287 
        3.00662          46.042         4.39043 
        3.01275         45.9275         4.36819 
        3.01888         45.8268          4.3461 
        3.02503         45.7342         4.32412 
        3.03117         45.6246         4.30231 
        3.03729         45.5827          4.2807 
        3.04342         45.4629         4.25922 
        3.04957         45.4821         4.23783 
         3.0557         45.3729         4.21663 
        3.06183         45.2677         4.19561 
        3.06796         45.2117          4.1747 
        3.07411         45.1001          4.1539 
        3.08025         45.1149         4.13327 
        3.08637         45.0165         4.11282 
         3.0925         45.0429         4.09248 
        3.09865          44.991         4.07224 
         3.1048         44.9036         4.05215 
        3.11093         44.9015         4.03222 
        3.11706         44.8758         4.01244 
         3.1232         44.8796         3.99277 
        3.12933         44.8478         3.97323 
        3.13547         44.7525         3.95384 
        3.14159         44.7421          3.9346 
