# k  (h/Mpc)    Pcb(k)  (Mpc/h)^3    Pcb_linear(k)  (Mpc/h)^3
     0.00783031         13026.3         13127.6 
       0.013688         16199.1         16132.4 
       0.019231           16222         16245.6 
      0.0249154         14669.9         14930.5 
      0.0312784         12724.1         12846.6 
      0.0375637         10865.1         10890.9 
      0.0433917         9296.85         9466.83 
      0.0492413         8398.41         8450.86 
      0.0555754         7466.16         7708.52 
      0.0619321         7165.16         7162.61 
       0.067871          6495.5         6687.41 
      0.0738098         5991.12         6162.67 
      0.0800417         5345.28         5544.31 
      0.0862327         4809.09         4906.76 
      0.0921407          4330.4         4340.75 
      0.0982031         3832.41         3855.45 
       0.104506         3577.08         3477.28 
       0.110769         3315.94         3218.94 
       0.116806         3118.68         3048.27 
       0.122832         2979.12         2914.05 
       0.129052         2780.17         2775.14 
       0.135211         2637.39         2613.59 
       0.141259         2506.34         2428.16 
       0.147318         2345.06         2228.37 
       0.153489         2136.08            2031 
       0.159709         2003.15         1857.44 
       0.165845         1918.04         1721.49 
       0.171974         1807.08         1620.89 
       0.178125         1725.53         1547.37 
       0.184229         1662.42         1489.46 
        0.19034         1568.32         1434.32 
       0.196428          1538.5         1373.48 
       0.202534         1480.91         1303.34 
       0.208729         1408.56         1225.08 
       0.214876         1339.18          1146.2 
       0.220989         1291.84         1072.94 
       0.227147          1232.1         1009.16 
        0.23329         1180.67         957.359 
       0.239377         1159.38         916.541 
       0.245482         1085.29         882.977 
       0.251667         1081.05         852.532 
       0.257832         1043.32         822.176 
       0.263955         1007.75         789.968 
       0.270079         971.752         755.408 
        0.27624         960.803         719.412 
       0.282372         919.893         684.313 
        0.28843         907.443         652.124 
       0.294538         861.697         623.368 
       0.300721         856.507         598.308 
        0.30691         821.082         576.703 
       0.313033         806.616         557.664 
       0.319153         785.822         539.721 
       0.325316         762.539         521.776 
        0.33145          743.21          503.54 
       0.337538         733.587         485.085 
       0.343633         712.833         466.663 
       0.349808         688.412         448.623 
       0.355968         683.815         431.794 
       0.362074         673.775         416.521 
       0.368217         654.907         402.633 
       0.374374         628.543         389.939 
       0.380519         627.082         378.142 
       0.386598         611.173         366.982 
       0.392688         608.835         356.001 
        0.39888         590.512         344.934 
       0.405048         581.254         334.022 
       0.411186         572.185         323.378 
       0.417313          559.83         313.154 
       0.423458         551.398         303.435 
       0.429607         541.723         294.296 
       0.435692         529.334         285.845 
       0.441815         525.703         277.854 
       0.447964         514.474         270.215 
       0.454126         504.653         262.845 
       0.460267         495.671         255.712 
       0.466387         489.829         248.756 
        0.47254         481.455         241.913 
       0.478662         479.491         235.302 
       0.484765         464.288         228.949 
       0.490885         460.632         222.839 
       0.497035         451.642         216.972 
       0.503198         446.414         211.373 
       0.509342         443.001         206.045 
       0.515458         438.221         200.949 
       0.521598         428.481         195.999 
       0.527764         420.732         191.173 
       0.533884         418.983         186.521 
           0.54         412.838         182.006 
       0.546137         411.315         177.606 
       0.552299          403.46         173.326 
       0.558452         401.025           169.2 
       0.564573         395.004         165.247 
       0.570708         388.796         161.433 
       0.576825         380.173         157.768 
       0.582926         378.856         154.232 
       0.589034         375.895         150.799 
       0.595184         372.459          147.44 
       0.601379         367.249         144.155 
       0.607522         361.518         140.993 
       0.613639         360.268         137.937 
       0.619772          351.46         134.965 
       0.625918         350.535         132.077 
       0.632068         345.204         129.273 
       0.638161         343.582         126.578 
         0.6443          337.69         123.943 
       0.650464         334.943         121.376 
       0.656582         332.953         118.903 
       0.662703         331.179         116.499 
       0.668861         325.046         114.149 
       0.675024         321.895         111.862 
       0.681124         319.838         109.661 
       0.687237         316.563         107.514 
       0.693381         312.079         105.414 
       0.699536         308.453         103.367 
       0.705665         306.475         101.383 
       0.711789         303.965          99.453 
       0.717957         301.855          97.561 
        0.72409         298.696         95.7295 
       0.730186         295.492          93.957 
       0.736317         292.336         92.2204 
       0.742472          290.88          90.522 
       0.748622         288.079         88.8686 
        0.75476         285.019         87.2604 
       0.760888         281.521         85.6949 
       0.767043          281.42         84.1619 
       0.773185         277.885         82.6698 
       0.779291         273.304         81.2227 
       0.785407         272.886         79.8083 
       0.791564         269.554          78.419 
       0.797719          266.86         77.0638 
       0.803834         265.227         75.7494 
       0.809972         263.349         74.4612 
       0.816124         263.377         73.2004 
       0.822261         259.396         71.9725 
       0.828378         257.411         70.7766 
       0.834502         255.816         69.6071 
       0.840667         252.371         68.4567 
       0.846816          250.69         67.3357 
       0.852925         249.268         66.2471 
       0.859047         247.234         65.1805 
       0.865192          244.67         64.1341 
       0.871341         242.639         63.1102 
       0.877463         240.673         62.1134 
       0.883569         239.662         61.1408 
       0.889708         237.283         60.1843 
       0.895864         234.754         59.2459 
       0.902008         233.468         58.3296 
       0.908149         232.016         57.4334 
       0.914301         229.278         56.5547 
       0.920448         227.508         55.6954 
       0.926574         225.562          54.857 
       0.932687         225.664         54.0379 
       0.938823         222.727         53.2326 
       0.944975         220.993          52.442 
       0.951105         219.599         51.6705 
       0.957225          218.13         50.9158 
       0.963368         215.463         50.1738 
       0.969511         214.637         49.4467 
       0.975621         212.111          48.738 
       0.981748          212.36         48.0414 
       0.987916         210.114         47.3541 
        0.99406         207.522          46.683 
        1.00019         207.418         46.0262 
        1.00632         205.436         45.3828 
        1.01246           203.9         44.7509 
        1.01859         203.597          44.132 
        1.02471         200.851         43.5257 
        1.03085         198.685         42.9288 
        1.03698         198.262         42.3445 
        1.04314         195.999         41.7686 
        1.04929         195.024         41.2048 
        1.05541          194.45         40.6538 
        1.06154         192.158         40.1115 
        1.06769          191.95         39.5784 
        1.07382         190.498         39.0568 
        1.07993         188.682         38.5458 
        1.08607          187.76         38.0418 
        1.09222         186.719         37.5464 
        1.09836          185.02         37.0605 
        1.10449         182.882         36.5838 
        1.11063         181.225         36.1149 
        1.11677         181.055         35.6545 
         1.1229         179.479          35.203 
        1.12903         178.229          34.759 
        1.13518          177.21         34.3222 
        1.14131         175.797         33.8933 
        1.14745         175.103          33.472 
        1.15359         173.791         33.0578 
        1.15973         173.002         32.6505 
        1.16584         170.941         32.2519 
        1.17197         170.389         31.8594 
        1.17811         168.913         31.4723 
        1.18424         167.953         31.0928 
        1.19038         167.497         30.7185 
        1.19652         165.879         30.3505 
        1.20267         165.205         29.9885 
        1.20881         163.947         29.6326 
        1.21495         162.824          29.283 
        1.22108         161.796         28.9391 
         1.2272         160.433         28.6016 
        1.23334         159.496         28.2688 
        1.23949         158.556         27.9404 
        1.24562         157.517         27.6182 
        1.25174         155.767         27.3016 
        1.25789         155.058         26.9891 
        1.26402         153.951          26.682 
        1.27014         152.616         26.3805 
        1.27628         152.163         26.0827 
        1.28244         151.682          25.789 
        1.28858         150.331         25.5002 
        1.29471         148.685         25.2166 
        1.30084         148.516         24.9375 
        1.30697         147.163         24.6622 
        1.31312         146.335         24.3908 
        1.31925         145.507         24.1243 
        1.32537          144.52          23.862 
        1.33151          143.19         23.6027 
        1.33765         142.599         23.3475 
        1.34378         141.869         23.0965 
        1.34992         141.022         22.8491 
        1.35606         140.375         22.6048 
         1.3622         139.163         22.3644 
        1.36833         137.994         22.1282 
        1.37445         137.253         21.8955 
        1.38059         136.262         21.6654 
        1.38675         135.731         21.4382 
        1.39288         134.888          21.215 
        1.39901         134.452         20.9952 
        1.40515           133.3          20.778 
         1.4113         132.096          20.564 
        1.41742         131.302         20.3538 
        1.42355         130.494         20.1462 
         1.4297         129.791         19.9409 
        1.43585         128.954         19.7385 
        1.44198         128.155         19.5397 
        1.44809         127.479          19.344 
        1.45423          126.65         19.1503 
        1.46036         126.017         18.9597 
        1.46649         124.997         18.7715 
        1.47263         124.445         18.5858 
        1.47877         123.682         18.4026 
        1.48491         122.556         18.2217 
        1.49104         122.094         18.0436 
        1.49718         120.915         17.8677 
        1.50333         120.427         17.6939 
        1.50947         119.984         17.5228 
         1.5156          119.07         17.3542 
        1.52172         118.169         17.1878 
        1.52787          117.65         17.0233 
          1.534          116.96         16.8611 
        1.54013         115.979         16.7012 
        1.54627         115.527         16.5431 
        1.55241         114.611          16.387 
        1.55855         113.752         16.2332 
        1.56467         113.463         16.0818 
         1.5708         112.695         15.9318 
        1.57695         112.044         15.7836 
        1.58308         111.408         15.6376 
        1.58922         110.966         15.4934 
        1.59535         110.054          15.351 
         1.6015         109.541         15.2103 
        1.60764         108.765         15.0713 
        1.61376         108.343         14.9345 
        1.61989         107.365         14.7993 
        1.62604         106.965         14.6655 
        1.63218         106.441         14.5334 
        1.63831         105.596         14.4033 
        1.64444         105.075         14.2747 
        1.65059          104.46         14.1474 
        1.65673         103.622         14.0217 
        1.66285         103.239          13.898 
        1.66898         102.682         13.7757 
        1.67512         102.159         13.6546 
        1.68127         101.396         13.5349 
         1.6874         100.556         13.4169 
        1.69353         100.225         13.3004 
        1.69967         99.5439          13.185 
        1.70581         99.2394          13.071 
        1.71193         98.6625         12.9588 
        1.71806         97.8153         12.8476 
        1.72421           97.31         12.7376 
        1.73035         96.7602         12.6289 
        1.73649         96.0989         12.5216 
        1.74262         95.5691         12.4156 
        1.74876         95.2075         12.3108 
        1.75489         94.2325         12.2073 
        1.76101         93.8175         12.1051 
        1.76715         93.3376          12.004 
        1.77329         92.9919         11.9039 
        1.77943         92.0736         11.8048 
        1.78557         91.7875         11.7071 
        1.79171         91.0539         11.6104 
        1.79785         90.7339         11.5149 
        1.80399          90.072         11.4204 
        1.81012         89.5532         11.3271 
        1.81625         89.0973         11.2349 
        1.82239         88.7066         11.1436 
        1.82853         88.1381         11.0533 
        1.83466         87.5683         10.9642 
        1.84078         87.2522         10.8761 
        1.84692         86.5452         10.7889 
        1.85306         86.0059         10.7025 
         1.8592         85.7086         10.6171 
        1.86533         85.1006         10.5328 
        1.87147         84.5691         10.4493 
        1.87761         84.1558         10.3666 
        1.88375          83.541          10.285 
        1.88988         83.1666         10.2043 
        1.89601          82.613         10.1245 
        1.90215         82.1469         10.0454 
        1.90829          81.691          9.9672 
        1.91442         81.2785         9.88984 
        1.92056         80.6868         9.81337 
         1.9267         80.4366         9.73763 
        1.93284         79.8609         9.66265 
        1.93897          79.293          9.5886 
        1.94509         79.0451         9.51548 
        1.95123         78.5146         9.44295 
        1.95737           78.15         9.37111 
        1.96349         77.5543         9.30022 
        1.96964         77.1398         9.22985 
        1.97578         76.6748         9.16018 
        1.98192         76.5171         9.09137 
        1.98805          75.907         9.02327 
        1.99419         75.5135         8.95586 
        2.00033         75.0732          8.8891 
        2.00647         74.7115         8.82305 
         2.0126         74.1484         8.75778 
        2.01874         73.5728         8.69308 
        2.02488         73.2175         8.62897 
        2.03101         72.8798         8.56563 
        2.03714         72.4851         8.50298 
        2.04328         71.9939          8.4409 
        2.04941         71.6587         8.37948 
        2.05554         71.2881         8.31873 
        2.06167         70.8548         8.25849 
        2.06781         70.3751         8.19884 
        2.07396         69.9949          8.1397 
        2.08009         69.7109         8.08124 
        2.08622         69.1672         8.02343 
        2.09237         68.7564         7.96607 
        2.09851         68.5576         7.90926 
        2.10464         68.0073          7.8531 
        2.11077         67.7003         7.79756 
        2.11691         67.4566         7.74242 
        2.12305         66.9056         7.68782 
        2.12918         66.5467         7.63388 
        2.13531         66.1974         7.58045 
        2.14145         65.9085         7.52741 
         2.1476         65.4552         7.47481 
        2.15372         65.1469         7.42298 
        2.15985         64.7116         7.37159 
        2.16599         64.4051         7.32054 
        2.17213         64.0002         7.27003 
        2.17827         63.5495         7.22001 
         2.1844         63.2628          7.1705 
        2.19054         63.0631         7.12144 
        2.19666         62.6716         7.07291 
         2.2028         62.4792         7.02479 
        2.20893         62.0003          6.9771 
        2.21508         61.6617         6.92979 
        2.22122         61.3037         6.88291 
        2.22736         61.0588         6.83656 
        2.23349         60.5794         6.79065 
        2.23962          60.317         6.74513 
        2.24577          60.012             6.7 
         2.2519         59.7331         6.65534 
        2.25802         59.3139         6.61116 
        2.26417         58.9346         6.56726 
        2.27031         58.6766         6.52372 
        2.27644         58.4109          6.4807 
        2.28257         58.0864         6.43808 
        2.28872         57.7575         6.39575 
        2.29486         57.3232         6.35382 
        2.30099          57.084         6.31235 
        2.30712         56.8414         6.27123 
        2.31326         56.6163         6.23041 
         2.3194         56.2814         6.18997 
        2.32553          55.893         6.14997 
        2.33166         55.5919         6.11033 
         2.3378         55.3019         6.07099 
        2.34394         55.0477         6.03199 
        2.35007         54.6655         5.99338 
        2.35619         54.4653         5.95516 
        2.36233         54.1686         5.91718 
        2.36848         53.8525         5.87945 
        2.37462         53.5356         5.84214 
        2.38075         53.4336         5.80518 
        2.38689         53.0455         5.76851 
        2.39303         52.7861         5.73217 
        2.39916         52.4971         5.69617 
        2.40529          52.258         5.66049 
        2.41143         51.9676         5.62508 
        2.41757         51.6768         5.58997 
         2.4237         51.5071         5.55522 
        2.42983         51.2044         5.52076 
        2.43598          50.887         5.48651 
        2.44211         50.6807          5.4526 
        2.44823         50.2827         5.41906 
        2.45437         50.0752         5.38571 
        2.46052         49.8566         5.35261 
        2.46665         49.6865         5.31985 
        2.47279         49.3334         5.28737 
        2.47892         49.1683         5.25515 
        2.48507         48.8447         5.22316 
         2.4912         48.6602          5.1915 
        2.49733         48.5472         5.16012 
        2.50347         48.1235         5.12894 
        2.50961         47.9551         5.09802 
        2.51575         47.6912         5.06737 
        2.52188         47.4829         5.03702 
        2.52802         47.2493         5.00688 
        2.53416         47.0627         4.97697 
        2.54029         46.8527         4.94736 
        2.54641         46.5807         4.91801 
        2.55255         46.5103         4.88886 
        2.55869         46.2068          4.8599 
        2.56483         45.9772         4.83122 
        2.57096         45.6458          4.8028 
        2.57709         45.4868         4.77461 
        2.58323         45.2494         4.74661 
        2.58937         45.1486         4.71882 
        2.59551         44.8395         4.69129 
        2.60164         44.6891         4.66398 
        2.60778         44.4558         4.63687 
        2.61392         44.2389         4.60998 
        2.62006          44.004         4.58331 
        2.62619         43.9342         4.55689 
        2.63232         43.6346         4.53066 
        2.63846         43.5112         4.50461 
        2.64459         43.2856         4.47881 
        2.65072         43.1147          4.4532 
        2.65686          42.886         4.42779 
          2.663         42.7413         4.40253 
        2.66915         42.6172         4.37748 
        2.67527         42.3582         4.35268 
        2.68141         42.1869         4.32806 
        2.68755         42.0879          4.3036 
        2.69368         41.8434         4.27936 
        2.69981         41.6744         4.25533 
        2.70595         41.5118         4.23143 
        2.71209         41.4358         4.20771 
        2.71823         41.2289         4.18421 
        2.72436         41.0447         4.16089 
         2.7305           40.88         4.13774 
        2.73663         40.6726         4.11477 
        2.74276         40.4595         4.09199 
         2.7489         40.3253         4.06937 
        2.75504         40.2137          4.0469 
        2.76118         40.1077         4.02459 
        2.76732         39.9381         4.00248 
        2.77345         39.7889         3.98054 
        2.77959         39.7152         3.95876 
        2.78572         39.5543         3.93715 
        2.79186         39.3719         3.91571 
        2.79798         39.2453         3.89445 
        2.80412         39.1023         3.87331 
        2.81027         38.9672         3.85231 
         2.8164         38.8636          3.8315 
        2.82253          38.718         3.81085 
        2.82867         38.6061         3.79034 
        2.83481         38.4712         3.76998 
        2.84095         38.3165         3.74976 
        2.84708          38.161         3.72972 
        2.85322         38.1156          3.7098 
        2.85935         37.9926         3.69004 
        2.86549         37.8507         3.67043 
        2.87162         37.6946         3.65096 
        2.87776         37.6046         3.63164 
        2.88389         37.5582         3.61244 
        2.89003         37.4061          3.5934 
        2.89617         37.3223         3.57448 
        2.90231         37.1795          3.5557 
        2.90844         37.1404         3.53706 
        2.91458         36.9903         3.51855 
        2.92071         36.9153          3.5002 
        2.92684         36.7692         3.48197 
        2.93298         36.7015         3.46387 
         2.9391         36.6495         3.44592 
        2.94524         36.5621         3.42807 
        2.95138         36.4589         3.41035 
        2.95752         36.3714         3.39273 
        2.96367         36.3703         3.37523 
         2.9698         36.1845          3.3579 
        2.97594         36.1693         3.34066 
        2.98207         36.1068         3.32356 
        2.98821         36.0074         3.30658 
        2.99434         35.9671         3.28973 
        3.00048         35.9378         3.27298 
        3.00662         35.8319         3.25634 
        3.01275         35.8033         3.23984 
        3.01888         35.7621         3.22346 
        3.02503         35.7311         3.20716 
        3.03117         35.6076         3.19098 
        3.03729         35.5558         3.17495 
        3.04342         35.4731         3.15902 
        3.04957         35.4685         3.14316 
         3.0557         35.4159         3.12743 
        3.06183         35.4371         3.11184 
        3.06796          35.366         3.09634 
        3.07411          35.324         3.08091 
        3.08025         35.3227         3.06561 
        3.08637         35.2847         3.05044 
         3.0925         35.2678         3.03536 
        3.09865         35.2756         3.02034 
         3.1048         35.1966         3.00544 
        3.11093         35.2248         2.99066 
        3.11706         35.1941         2.97599 
         3.1232         35.1916          2.9614 
        3.12933         35.1879         2.94691 
        3.13547         35.2016         2.93252 
        3.14159         35.1583         2.91826 
