# k  (h/Mpc)    Pcb(k)  (Mpc/h)^3    Pcb_linear(k)  (Mpc/h)^3
     0.00783031         10032.9         10103.1 
       0.013688         12450.8         12417.3 
       0.019231         12488.2         12505.4 
      0.0249154         11326.3         11493.7 
      0.0312784         9819.21         9889.95 
      0.0375637         8376.14         8384.56 
      0.0433917         7184.02         7288.38 
      0.0492413         6482.61         6506.31 
      0.0555754         5781.42         5934.86 
      0.0619321         5530.88          5514.6 
       0.067871         5031.16         5148.79 
      0.0738098         4639.77          4744.8 
      0.0800417         4145.32         4268.74 
      0.0862327         3722.01         3777.88 
      0.0921407         3340.27          3342.1 
      0.0982031         2954.48         2968.46 
       0.104506         2747.23          2677.3 
       0.110769         2546.49         2478.39 
       0.116806          2391.9            2347 
       0.122832         2289.51         2243.66 
       0.129052         2141.29         2136.71 
       0.135211         2029.78         2012.32 
       0.141259         1923.09         1869.55 
       0.147318         1794.55         1715.73 
       0.153489         1633.49         1563.77 
       0.159709         1526.77         1430.13 
       0.165845         1456.18         1325.46 
       0.171974         1367.77         1248.01 
       0.178125         1308.22          1191.4 
       0.184229         1262.56         1146.82 
        0.19034            1188         1104.36 
       0.196428         1165.92         1057.52 
       0.202534         1123.38         1003.51 
       0.208729         1064.84         943.258 
       0.214876         1006.78         882.519 
       0.220989         969.721         826.116 
       0.227147         920.369          777.01 
        0.23329         881.332         737.122 
       0.239377         863.151         705.695 
       0.245482         807.183         679.852 
       0.251667         802.797         656.411 
       0.257832          776.59         633.038 
       0.263955         749.353         608.239 
       0.270079         722.002          581.63 
        0.27624         712.642         553.915 
       0.282372         682.104          526.89 
        0.28843         667.261         502.106 
       0.294538         634.536         479.966 
       0.300721         629.656         460.671 
        0.30691         601.878         444.036 
       0.313033         591.272         429.377 
       0.319153         572.738         415.561 
       0.325316         556.787         401.745 
        0.33145         540.862         387.704 
       0.337538         534.738         373.494 
       0.343633         517.637          359.31 
       0.349808           500.3          345.42 
       0.355968         495.928         332.462 
       0.362074         486.038         320.703 
       0.368217         473.415          310.01 
       0.374374         454.736         300.236 
       0.380519         451.459         291.153 
       0.386598         440.599          282.56 
       0.392688         437.571         274.105 
        0.39888         425.086         265.584 
       0.405048         416.965         257.183 
       0.411186         409.195         248.987 
       0.417313         400.894         241.115 
       0.423458         394.814         233.632 
       0.429607         386.618         226.595 
       0.435692         376.831         220.089 
       0.441815         374.411         213.935 
       0.447964         366.853         208.054 
       0.454126         355.889          202.38 
       0.460267         351.359         196.888 
       0.466387          347.06         191.531 
        0.47254         339.685         186.263 
       0.478662         338.685         181.173 
       0.484765         328.006         176.281 
       0.490885         324.525         171.577 
       0.497035         319.263         167.059 
       0.503198         313.156         162.748 
       0.509342         310.915         158.646 
       0.515458         306.576         154.722 
       0.521598         301.116         150.911 
       0.527764         295.956         147.195 
       0.533884         293.509         143.613 
           0.54         289.072         140.137 
       0.546137         287.997         136.749 
       0.552299         282.069         133.453 
       0.558452         279.535         130.276 
       0.564573         275.046         127.233 
       0.570708         270.098         124.297 
       0.576825         265.965         121.475 
       0.582926         263.294         118.752 
       0.589034         260.778         116.108 
       0.595184         258.191         113.523 
       0.601379         255.131         110.993 
       0.607522         250.658         108.558 
       0.613639         249.143         106.206 
       0.619772         243.493         103.918 
       0.625918         242.242         101.694 
       0.632068         238.783         99.5351 
       0.638161         237.519           97.46 
         0.6443         233.704         95.4312 
       0.650464         231.563         93.4547 
       0.656582         229.793         91.5501 
       0.662703         227.773         89.6992 
       0.668861         223.647         87.8898 
       0.675024         221.299         86.1291 
       0.681124          220.27         84.4342 
       0.687237          217.17         82.7812 
       0.693381         213.942         81.1644 
       0.699536         212.348          79.588 
       0.705665          211.31         78.0604 
       0.711789         207.991         76.5746 
       0.717957         207.176         75.1178 
        0.72409         204.469         73.7076 
       0.730186         202.021         72.3429 
       0.736317         200.124         71.0058 
       0.742472         199.019         69.6981 
       0.748622         197.214          68.425 
        0.75476         195.515         67.1868 
       0.760888         192.873         65.9814 
       0.767043         192.189         64.8011 
       0.773185         189.997         63.6522 
       0.779291         186.739          62.538 
       0.785407         186.145          61.449 
       0.791564         184.483         60.3793 
       0.797719         181.782         59.3358 
       0.803834          181.08         58.3238 
       0.809972         179.402          57.332 
       0.816124         179.302         56.3612 
       0.822261         176.735         55.4158 
       0.828378         175.114          54.495 
       0.834502          174.74         53.5945 
       0.840667         171.892         52.7087 
       0.846816         170.462         51.8456 
       0.852925         169.515         51.0075 
       0.859047         167.846         50.1862 
       0.865192         166.601         49.3805 
       0.871341         164.942         48.5921 
       0.877463         163.514         47.8247 
       0.883569         162.574         47.0758 
       0.889708         161.216         46.3393 
       0.895864         159.431         45.6168 
       0.902008         158.532         44.9113 
       0.908149         157.789         44.2213 
       0.914301         156.029         43.5447 
       0.920448         154.763         42.8831 
       0.926574         153.802         42.2376 
       0.932687         153.394         41.6069 
       0.938823         151.394         40.9868 
       0.944975         149.733         40.3781 
       0.951105         149.103         39.7841 
       0.957225         147.533          39.203 
       0.963368         146.088         38.6317 
       0.969511         145.853         38.0719 
       0.975621         144.718         37.5262 
       0.981748         143.962         36.9898 
       0.987916         142.534         36.4607 
        0.99406         141.319         35.9439 
        1.00019         140.904         35.4383 
        1.00632         139.375         34.9429 
        1.01246         138.634         34.4563 
        1.01859         137.541         33.9798 
        1.02471         136.657          33.513 
        1.03085         135.059         33.0534 
        1.03698         134.414         32.6034 
        1.04314         133.286           32.16 
        1.04929         132.459         31.7259 
        1.05541          131.55         31.3017 
        1.06154         130.798         30.8842 
        1.06769         130.585         30.4737 
        1.07382         129.534         30.0721 
        1.07993         128.361         29.6786 
        1.08607         127.356         29.2906 
        1.09222         126.727         28.9092 
        1.09836         125.565          28.535 
        1.10449         124.578          28.168 
        1.11063         123.776          27.807 
        1.11677         123.332         27.4525 
         1.1229         121.836         27.1048 
        1.12903         121.125         26.7629 
        1.13518         120.931         26.4267 
        1.14131         119.963         26.0964 
        1.14745         119.054          25.772 
        1.15359         118.334         25.4531 
        1.15973         117.894         25.1395 
        1.16584         116.594         24.8326 
        1.17197         115.998         24.5304 
        1.17811         115.258         24.2323 
        1.18424         114.459         23.9401 
        1.19038         114.083         23.6519 
        1.19652         113.346         23.3686 
        1.20267           112.5         23.0899 
        1.20881         111.769         22.8158 
        1.21495         111.012         22.5467 
        1.22108         110.317         22.2819 
         1.2272         109.371          22.022 
        1.23334         108.898         21.7658 
        1.23949         107.887         21.5129 
        1.24562         107.536         21.2649 
        1.25174         106.534         21.0211 
        1.25789          106.15         20.7804 
        1.26402         105.439          20.544 
        1.27014          104.56         20.3118 
        1.27628         104.148         20.0826 
        1.28244         103.622         19.8564 
        1.28858         103.092         19.6341 
        1.29471         102.038         19.4157 
        1.30084         101.722         19.2008 
        1.30697         101.027         18.9889 
        1.31312         100.663         18.7799 
        1.31925          99.759         18.5747 
        1.32537         99.4396         18.3727 
        1.33151         98.4615         18.1731 
        1.33765         97.9784         17.9766 
        1.34378         97.4366         17.7834 
        1.34992         97.0524         17.5928 
        1.35606         96.4025         17.4047 
         1.3622         95.6996         17.2197 
        1.36833         95.2898         17.0378 
        1.37445         94.6145         16.8586 
        1.38059         94.1668         16.6815 
        1.38675         93.4077         16.5065 
        1.39288         92.9543         16.3347 
        1.39901         92.6885         16.1654 
        1.40515         92.0549         15.9982 
         1.4113         91.2602         15.8334 
        1.41742         91.1585         15.6716 
        1.42355         90.3681         15.5117 
         1.4297         89.9365         15.3536 
        1.43585         89.2354         15.1978 
        1.44198          88.885         15.0447 
        1.44809         88.3564         14.8941 
        1.45423         87.8461          14.745 
        1.46036         87.5222         14.5981 
        1.46649         87.0121         14.4533 
        1.47263         86.6226         14.3103 
        1.47877         86.1555         14.1693 
        1.48491         85.4489         14.0299 
        1.49104         85.0192         13.8928 
        1.49718          84.484         13.7574 
        1.50333         84.0138         13.6236 
        1.50947         83.7044         13.4918 
         1.5156         83.1858          13.362 
        1.52172         82.7957         13.2339 
        1.52787         82.5631         13.1072 
          1.534         81.9008         12.9823 
        1.54013         81.2936         12.8592 
        1.54627         81.0229         12.7375 
        1.55241         80.6683         12.6173 
        1.55855         80.1392         12.4989 
        1.56467         79.7246         12.3823 
         1.5708         79.3053         12.2668 
        1.57695         79.2122         12.1527 
        1.58308         78.2823         12.0403 
        1.58922         78.2812         11.9293 
        1.59535         77.9228         11.8196 
         1.6015         77.2401         11.7113 
        1.60764         76.9519         11.6043 
        1.61376         76.5556          11.499 
        1.61989         76.0188         11.3949 
        1.62604         75.6416         11.2918 
        1.63218         75.4327         11.1901 
        1.63831         74.8511         11.0899 
        1.64444         74.4754         10.9909 
        1.65059         74.0391         10.8929 
        1.65673         73.6956         10.7961 
        1.66285         73.4052         10.7009 
        1.66898         72.9404         10.6067 
        1.67512         72.6061         10.5135 
        1.68127         72.1758         10.4213 
         1.6874         71.8612         10.3305 
        1.69353         71.5618         10.2407 
        1.69967         70.9066         10.1519 
        1.70581         70.9362         10.0641 
        1.71193         70.6198          9.9777 
        1.71806         69.9294         9.89213 
        1.72421         69.8303         9.80739 
        1.73035         69.2354         9.72375 
        1.73649         68.9754          9.6411 
        1.74262         68.6489         9.55949 
        1.74876          68.459         9.47876 
        1.75489         67.8321         9.39914 
        1.76101         67.6782         9.32045 
        1.76715         67.2854         9.24256 
        1.77329         66.9865         9.16547 
        1.77943         66.6264         9.08923 
        1.78557         66.3605         9.01397 
        1.79171          65.924         8.93955 
        1.79785          65.658         8.86596 
        1.80399         65.4467         8.79322 
        1.81012         65.1179         8.72139 
        1.81625         64.7086          8.6504 
        1.82239         64.4293         8.58009 
        1.82853         64.0981          8.5106 
        1.83466         63.7583         8.44196 
        1.84078          63.492         8.37414 
        1.84692         63.0201         8.30696 
        1.85306         62.7733         8.24044 
         1.8592         62.3206         8.17475 
        1.86533         62.1667         8.10982 
        1.87147           61.74         8.04551 
        1.87761         61.5856         7.98188 
        1.88375         61.2458         7.91901 
        1.88988         61.1198         7.85689 
        1.89601         60.7254          7.7954 
        1.90215         60.3959         7.73452 
        1.90829         60.1305         7.67432 
        1.91442         59.7507         7.61476 
        1.92056         59.4585         7.55588 
         1.9267          59.293         7.49757 
        1.93284         58.8848         7.43983 
        1.93897         58.5102         7.38281 
        1.94509         58.2073         7.32652 
        1.95123         58.1295         7.27067 
        1.95737         57.8538         7.21536 
        1.96349         57.4835         7.16078 
        1.96964         57.2317         7.10659 
        1.97578         56.9433         7.05295 
        1.98192         56.7651         6.99997 
        1.98805         56.5992         6.94754 
        1.99419         56.1878         6.89563 
        2.00033         55.8637         6.84423 
        2.00647         55.7226         6.79338 
         2.0126          55.237         6.74312 
        2.01874         55.0856          6.6933 
        2.02488          54.823         6.64394 
        2.03101         54.6846         6.59517 
        2.03714         54.2821         6.54694 
        2.04328         54.0544         6.49914 
        2.04941         53.7095         6.45185 
        2.05554         53.4656         6.40507 
        2.06167         53.3451         6.35869 
        2.06781         53.0851         6.31276 
        2.07396         52.7947         6.26723 
        2.08009         52.5252         6.22222 
        2.08622         52.2675          6.1777 
        2.09237         52.0179         6.13354 
        2.09851         51.8153          6.0898 
        2.10464         51.5481         6.04656 
        2.11077         51.2748         6.00379 
        2.11691         51.0389         5.96134 
        2.12305         50.7832          5.9193 
        2.12918         50.5547         5.87777 
        2.13531         50.2199         5.83663 
        2.14145         50.1044         5.79579 
         2.1476          49.938         5.75529 
        2.15372         49.6672         5.71538 
        2.15985         49.3775         5.67581 
        2.16599         49.1596         5.63651 
        2.17213         48.9645         5.59762 
        2.17827         48.7068          5.5591 
         2.1844         48.4416         5.52098 
        2.19054         48.2698         5.48321 
        2.19666         48.0425         5.44584 
         2.2028         47.8523         5.40879 
        2.20893         47.6593         5.37207 
        2.21508         47.3318         5.33565 
        2.22122         47.0809         5.29955 
        2.22736         47.0024         5.26386 
        2.23349         46.7269         5.22851 
        2.23962         46.5038         5.19347 
        2.24577         46.2712         5.15872 
         2.2519         46.0304         5.12433 
        2.25802         45.8693         5.09032 
        2.26417         45.6514         5.05652 
        2.27031         45.4608         5.02299 
        2.27644         45.3053         4.98987 
        2.28257         45.0357         4.95705 
        2.28872         44.8296         4.92446 
        2.29486         44.6137         4.89217 
        2.30099         44.4883         4.86024 
        2.30712         44.2389         4.82858 
        2.31326         44.0129         4.79715 
         2.3194         43.7026         4.76602 
        2.32553         43.5494         4.73522 
        2.33166         43.3728          4.7047 
         2.3378         43.1423         4.67441 
        2.34394         42.9378         4.64438 
        2.35007         42.6729         4.61465 
        2.35619         42.6428         4.58522 
        2.36233          42.501         4.55598 
        2.36848         42.1451         4.52693 
        2.37462         42.0307          4.4982 
        2.38075         41.8577         4.46974 
        2.38689         41.7259         4.44151 
        2.39303         41.5498         4.41353 
        2.39916         41.3563         4.38581 
        2.40529         41.0382         4.35834 
        2.41143         40.9022         4.33108 
        2.41757         40.7198         4.30404 
         2.4237         40.6225         4.27728 
        2.42983         40.4239         4.25075 
        2.43598         40.1831         4.22438 
        2.44211         40.0404         4.19828 
        2.44823         39.8369         4.17245 
        2.45437         39.7582         4.14677 
        2.46052         39.4626         4.12129 
        2.46665         39.4094         4.09606 
        2.47279         39.2282         4.07105 
        2.47892         39.0123         4.04624 
        2.48507         38.8594         4.02161 
         2.4912         38.7519         3.99724 
        2.49733         38.5289         3.97308 
        2.50347         38.3598         3.94907 
        2.50961         38.2451         3.92526 
        2.51575         38.0734         3.90166 
        2.52188         37.8467         3.87829 
        2.52802          37.761         3.85508 
        2.53416         37.6644         3.83206 
        2.54029         37.4768         3.80926 
        2.54641         37.2823         3.78666 
        2.55255         37.1834         3.76422 
        2.55869         37.0585         3.74192 
        2.56483         36.8154         3.71984 
        2.57096          36.687         3.69796 
        2.57709         36.5801         3.67624 
        2.58323         36.5096         3.65469 
        2.58937         36.2305         3.63329 
        2.59551         36.1107         3.61209 
        2.60164         36.0331         3.59107 
        2.60778         35.8587         3.57019 
        2.61392          35.647         3.54949 
        2.62006         35.5584         3.52896 
        2.62619         35.4511         3.50861 
        2.63232         35.2898         3.48842 
        2.63846         35.0952         3.46836 
        2.64459         35.0392         3.44849 
        2.65072         34.9033         3.42878 
        2.65686         34.7305         3.40921 
          2.663         34.6227         3.38977 
        2.66915         34.5565         3.37048 
        2.67527         34.4343         3.35138 
        2.68141          34.279         3.33242 
        2.68755         34.1941         3.31359 
        2.69368         34.0306         3.29492 
        2.69981         33.8893         3.27643 
        2.70595         33.7911         3.25803 
        2.71209         33.6927         3.23976 
        2.71823         33.4959         3.22167 
        2.72436         33.4681         3.20371 
         2.7305         33.3272         3.18589 
        2.73663         33.2206          3.1682 
        2.74276         33.1306         3.15066 
         2.7489         33.0158         3.13324 
        2.75504         32.8975         3.11594 
        2.76118         32.8268         3.09876 
        2.76732         32.6648         3.08174 
        2.77345         32.5631         3.06485 
        2.77959         32.4786         3.04808 
        2.78572         32.4248         3.03144 
        2.79186         32.2488         3.01493 
        2.79798         32.1996         2.99857 
        2.80412         32.1304         2.98229 
        2.81027         32.0137         2.96611 
         2.8164         31.8876         2.95009 
        2.82253         31.8349         2.93419 
        2.82867         31.7244          2.9184 
        2.83481         31.7159         2.90272 
        2.84095         31.5193         2.88716 
        2.84708         31.5255         2.87173 
        2.85322         31.4207         2.85639 
        2.85935         31.3129         2.84117 
        2.86549         31.2808         2.82607 
        2.87162         31.1631         2.81109 
        2.87776         31.1255         2.79621 
        2.88389         31.0077         2.78143 
        2.89003         30.9541         2.76676 
        2.89617          30.879          2.7522 
        2.90231         30.8102         2.73774 
        2.90844         30.7869         2.72339 
        2.91458         30.6645         2.70914 
        2.92071         30.6549         2.69501 
        2.92684         30.5742         2.68097 
        2.93298         30.5014         2.66703 
         2.9391         30.4514         2.65321 
        2.94524         30.3833         2.63947 
        2.95138         30.3437         2.62582 
        2.95752          30.307         2.61226 
        2.96367         30.2268         2.59879 
         2.9698         30.2581         2.58544 
        2.97594         30.1626         2.57217 
        2.98207         30.0745           2.559 
        2.98821          30.035         2.54593 
        2.99434         29.9756         2.53295 
        3.00048         29.9266         2.52005 
        3.00662         29.9299         2.50724 
        3.01275         29.8937         2.49454 
        3.01888         29.8605         2.48193 
        3.02503         29.8201         2.46938 
        3.03117         29.8047         2.45692 
        3.03729         29.7904         2.44458 
        3.04342         29.7208         2.43231 
        3.04957         29.6915          2.4201 
         3.0557         29.7339         2.40799 
        3.06183         29.6508         2.39599 
        3.06796         29.6534         2.38405 
        3.07411         29.7145         2.37217 
        3.08025         29.6425         2.36039 
        3.08637         29.6662         2.34871 
         3.0925         29.6435          2.3371 
        3.09865         29.6673         2.32554 
         3.1048         29.6248         2.31406 
        3.11093         29.6371         2.30268 
        3.11706         29.5864         2.29138 
         3.1232         29.6551         2.28015 
        3.12933         29.6065         2.26899 
        3.13547         29.6359         2.25792 
        3.14159          29.631         2.24694 
