# k  (h/Mpc)    Pcb(k)  (Mpc/h)^3    Pcb_linear(k)  (Mpc/h)^3
     0.00783031         8100.76         8152.96 
       0.013688         10037.9         10021.7 
       0.019231         10079.4         10093.4 
      0.0249154         9160.62         9277.25 
      0.0312784         7938.51         7983.02 
      0.0375637         6767.05         6768.05 
      0.0433917         5813.76          5883.3 
      0.0492413         5241.92         5252.06 
      0.0555754          4685.5         4790.82 
      0.0619321         4471.77         4451.61 
       0.067871         4077.87         4156.33 
      0.0738098         3760.48         3830.23 
      0.0800417         3363.15         3445.94 
      0.0862327         3015.42         3049.71 
      0.0921407         2699.85         2697.93 
      0.0982031         2387.61         2396.31 
       0.104506         2213.74         2161.27 
       0.110769         2052.02         2000.71 
       0.116806          1926.2         1894.64 
       0.122832         1846.09         1811.22 
       0.129052         1729.53         1724.89 
       0.135211         1638.37         1624.48 
       0.141259         1548.96         1509.22 
       0.147318         1442.93         1385.05 
       0.153489         1312.92         1262.38 
       0.159709         1223.79          1154.5 
       0.165845         1164.18            1070 
       0.171974         1091.13         1007.48 
       0.178125         1044.91         961.777 
       0.184229         1009.29         925.787 
        0.19034         949.307         891.511 
       0.196428         931.164         853.699 
       0.202534         897.391         810.099 
       0.208729         848.678         761.462 
       0.214876         799.688          712.43 
       0.220989         768.986         666.898 
       0.227147         727.301         627.256 
        0.23329         696.081         595.056 
       0.239377         680.368         569.686 
       0.245482         636.521         548.824 
       0.251667         632.125         529.901 
       0.257832         612.514         511.033 
       0.263955         590.325         491.013 
       0.270079         568.569         469.533 
        0.27624         559.893         447.159 
       0.282372         535.931         425.343 
        0.28843         521.076         405.335 
       0.294538         496.609         387.462 
       0.300721         491.533         371.886 
        0.30691         469.262         358.457 
       0.313033         460.641         346.623 
       0.319153          444.42          335.47 
       0.325316         432.865         324.317 
        0.33145          419.57         312.982 
       0.337538         414.774         301.511 
       0.343633         400.873          290.06 
       0.349808         387.804         278.848 
       0.355968         383.246         268.387 
       0.362074         374.091         258.894 
       0.368217         364.735         250.262 
       0.374374         351.359         242.372 
       0.380519         347.338         235.039 
       0.386598         339.004         228.102 
       0.392688          335.58         221.277 
        0.39888         326.596         214.398 
       0.405048         319.778         207.616 
       0.411186         313.184             201 
       0.417313         306.834         194.645 
       0.423458         301.947         188.604 
       0.429607         295.158         182.924 
       0.435692         286.891         177.671 
       0.441815         285.129         172.704 
       0.447964         279.771         167.956 
       0.454126         269.462         163.375 
       0.460267         266.631         158.942 
       0.466387         263.304         154.618 
        0.47254         257.586         150.365 
       0.478662         256.369         146.256 
       0.484765         248.517         142.307 
       0.490885         245.351         138.509 
       0.497035         242.007         134.862 
       0.503198         236.209         131.382 
       0.509342         233.991         128.071 
       0.515458         230.507         124.903 
       0.521598         227.094         121.826 
       0.527764         223.442         118.826 
       0.533884         220.769         115.935 
           0.54          217.36         113.128 
       0.546137         216.289         110.393 
       0.552299         212.103         107.733 
       0.558452         209.221         105.168 
       0.564573         205.757         102.711 
       0.570708         202.282         100.341 
       0.576825          199.61          98.063 
       0.582926         196.841         95.8654 
       0.589034         194.539          93.731 
       0.595184          192.49         91.6435 
       0.601379         190.328         89.6016 
       0.607522         186.573         87.6361 
       0.613639         185.501         85.7368 
       0.619772         181.507         83.8897 
       0.625918         180.028         82.0944 
       0.632068         177.827         80.3518 
       0.638161         176.548         78.6767 
         0.6443         173.951         77.0389 
       0.650464         172.319         75.4433 
       0.656582         170.383         73.9058 
       0.662703         168.264         72.4116 
       0.668861         165.622         70.9509 
       0.675024         163.906         69.5296 
       0.681124         162.975         68.1613 
       0.687237         160.183         66.8269 
       0.693381         157.964         65.5218 
       0.699536         156.919         64.2491 
       0.705665         156.809         63.0159 
       0.711789         153.263         61.8165 
       0.717957         152.746         60.6405 
        0.72409         150.609         59.5021 
       0.730186         148.393         58.4004 
       0.736317          147.58          57.321 
       0.742472         146.581         56.2653 
       0.748622         145.136         55.2376 
        0.75476         143.872          54.238 
       0.760888         141.906         53.2649 
       0.767043         140.923         52.3121 
       0.773185         139.411         51.3847 
       0.779291         137.533         50.4852 
       0.785407         136.697         49.6061 
       0.791564         135.509         48.7425 
       0.797719         133.418         47.9001 
       0.803834         132.934         47.0832 
       0.809972          131.31         46.2825 
       0.816124         130.973         45.4988 
       0.822261         129.459         44.7356 
       0.828378         128.211         43.9923 
       0.834502          127.65         43.2653 
       0.840667         125.929         42.5503 
       0.846816         124.642         41.8535 
       0.852925         123.695         41.1769 
       0.859047         122.366         40.5139 
       0.865192         121.723         39.8635 
       0.871341         120.541         39.2271 
       0.877463          119.31         38.6075 
       0.883569         118.377          38.003 
       0.889708         117.583         37.4084 
       0.895864         116.556         36.8252 
       0.902008         115.594         36.2556 
       0.908149         115.004         35.6986 
       0.914301         113.785         35.1524 
       0.920448         112.939         34.6183 
       0.926574         112.115         34.0972 
       0.932687         111.773          33.588 
       0.938823         110.158         33.0875 
       0.944975         109.102         32.5961 
       0.951105         108.468         32.1166 
       0.957225         107.228         31.6475 
       0.963368         106.537         31.1863 
       0.969511          106.25         30.7343 
       0.975621         105.639         30.2938 
       0.981748         104.594         29.8609 
       0.987916         103.834         29.4337 
        0.99406          102.99         29.0165 
        1.00019         102.239         28.6083 
        1.00632         101.408         28.2084 
        1.01246         100.709         27.8156 
        1.01859          99.569         27.4309 
        1.02471         99.5805         27.0541 
        1.03085         98.4669         26.6831 
        1.03698         97.7267         26.3198 
        1.04314         96.8813         25.9619 
        1.04929         96.3168         25.6115 
        1.05541         95.4658          25.269 
        1.06154         95.1024         24.9319 
        1.06769         94.6161         24.6006 
        1.07382         94.1485         24.2763 
        1.07993         93.4465         23.9587 
        1.08607         92.5638         23.6455 
        1.09222         92.1532         23.3376 
        1.09836          91.315         23.0355 
        1.10449         90.7172         22.7392 
        1.11063         90.2148         22.4478 
        1.11677         89.5879         22.1616 
         1.1229          88.698          21.881 
        1.12903         87.8451          21.605 
        1.13518         87.9219         21.3335 
        1.14131         87.3571         21.0669 
        1.14745         86.4517          20.805 
        1.15359         86.0553         20.5476 
        1.15973         85.5718         20.2944 
        1.16584         84.8562         20.0467 
        1.17197         84.4027         19.8027 
        1.17811         83.8249         19.5621 
        1.18424         83.1232         19.3262 
        1.19038         82.7365         19.0935 
        1.19652         82.3936         18.8648 
        1.20267         81.6664         18.6398 
        1.20881         81.3477         18.4186 
        1.21495         80.6733         18.2013 
        1.22108         80.1407         17.9876 
         1.2272         79.3616         17.7778 
        1.23334         79.2011         17.5709 
        1.23949         78.5956         17.3668 
        1.24562         78.3275         17.1665 
        1.25174         77.8683         16.9698 
        1.25789          77.405         16.7755 
        1.26402         76.8429         16.5846 
        1.27014         76.1543         16.3972 
        1.27628         75.8584         16.2121 
        1.28244         75.4309         16.0295 
        1.28858          74.997         15.8501 
        1.29471         74.5066         15.6737 
        1.30084         74.1371         15.5003 
        1.30697         73.6536         15.3292 
        1.31312         73.2905         15.1605 
        1.31925         73.0096         14.9948 
        1.32537         72.5858         14.8318 
        1.33151         72.0097         14.6706 
        1.33765         71.5593          14.512 
        1.34378           71.02          14.356 
        1.34992          70.762         14.2022 
        1.35606         70.4271         14.0503 
         1.3622         69.9687          13.901 
        1.36833         69.6722         13.7541 
        1.37445         69.3055         13.6095 
        1.38059         68.7382         13.4665 
        1.38675          68.377         13.3252 
        1.39288         67.9395         13.1865 
        1.39901         67.7805         13.0499 
        1.40515          67.461         12.9149 
         1.4113         66.9502         12.7819 
        1.41742         66.7625         12.6512 
        1.42355         66.2243         12.5222 
         1.4297         65.8561         12.3946 
        1.43585          65.461         12.2688 
        1.44198         65.2744         12.1452 
        1.44809         64.9745         12.0236 
        1.45423         64.6656         11.9032 
        1.46036         64.3886         11.7847 
        1.46649         63.9855         11.6677 
        1.47263         63.6568         11.5523 
        1.47877         63.3217         11.4384 
        1.48491         62.9355          11.326 
        1.49104         62.6206         11.2153 
        1.49718         62.1985         11.1059 
        1.50333         61.9698         10.9979 
        1.50947         61.6735         10.8916 
         1.5156         61.3418         10.7868 
        1.52172         61.1784         10.6833 
        1.52787         60.9239         10.5811 
          1.534         60.5777         10.4803 
        1.54013         60.1931         10.3809 
        1.54627         59.9149         10.2826 
        1.55241         59.6187         10.1856 
        1.55855         59.2105           10.09 
        1.56467         58.8971         9.99587 
         1.5708         58.8395         9.90268 
        1.57695         58.5661         9.81055 
        1.58308         58.1831         9.71981 
        1.58922         58.1745         9.63016 
        1.59535          57.874         9.54167 
         1.6015         57.3523         9.45418 
        1.60764         57.1673         9.36783 
        1.61376         56.8695          9.2828 
        1.61989         56.5094         9.19876 
        1.62604         56.3195         9.11558 
        1.63218         56.1988         9.03348 
        1.63831         55.8702         8.95258 
        1.64444         55.5579         8.87265 
        1.65059         55.2198         8.79351 
        1.65673         55.0959         8.71542 
        1.66285         54.7798          8.6385 
        1.66898          54.537         8.56249 
        1.67512         54.2758         8.48724 
        1.68127         53.9704         8.41284 
         1.6874         53.8966         8.33949 
        1.69353         53.6108         8.26706 
        1.69967         53.2405         8.19532 
        1.70581         53.2912         8.12446 
        1.71193         52.9585         8.05472 
        1.71806         52.5702         7.98564 
        1.72421         52.5126         7.91723 
        1.73035         52.1568         7.84971 
        1.73649         51.8472         7.78299 
        1.74262         51.7298         7.71711 
        1.74876         51.5588         7.65194 
        1.75489           51.27         7.58766 
        1.76101          51.133         7.52414 
        1.76715         50.8712         7.46126 
        1.77329         50.6763         7.39903 
        1.77943         50.3601         7.33748 
        1.78557         50.2362         7.27672 
        1.79171         50.0031         7.21665 
        1.79785         49.8578         7.15724 
        1.80399         49.6231         7.09852 
        1.81012         49.5318         7.04053 
        1.81625         49.0579         6.98322 
        1.82239         49.0012         6.92647 
        1.82853         48.6271         6.87037 
        1.83466         48.4839         6.81495 
        1.84078         48.2543         6.76021 
        1.84692         48.0219         6.70598 
        1.85306         47.8954         6.65227 
         1.8592         47.6847         6.59925 
        1.86533         47.4365         6.54683 
        1.87147         47.3378         6.49492 
        1.87761         47.2502         6.44355 
        1.88375         46.8992          6.3928 
        1.88988          46.889         6.34265 
        1.89601         46.5583         6.29301 
        1.90215         46.3429         6.24386 
        1.90829         46.2553         6.19527 
        1.91442         45.9606         6.14718 
        1.92056         45.8429         6.09965 
         1.9267         45.6185         6.05257 
        1.93284         45.4217         6.00597 
        1.93897         45.2338         5.95994 
        1.94509         45.0183         5.91449 
        1.95123         44.9458         5.86941 
        1.95737          44.707         5.82476 
        1.96349         44.5636         5.78069 
        1.96964         44.3642         5.73695 
        1.97578         44.1744         5.69365 
        1.98192         44.0624         5.65088 
        1.98805         43.9042         5.60855 
        1.99419         43.6802         5.56665 
        2.00033         43.4485         5.52516 
        2.00647         43.3601          5.4841 
         2.0126         43.2096         5.44353 
        2.01874         42.9724         5.40332 
        2.02488         42.8857         5.36347 
        2.03101         42.7024          5.3241 
        2.03714         42.5325         5.28516 
        2.04328         42.2897         5.24657 
        2.04941         42.1297          5.2084 
        2.05554         41.9405         5.17063 
        2.06167         41.9491         5.13319 
        2.06781         41.6617         5.09612 
        2.07396         41.4867         5.05936 
        2.08009         41.3723         5.02302 
        2.08622          41.152         4.98709 
        2.09237         40.9862         4.95143 
        2.09851         40.8321         4.91612 
        2.10464         40.7442         4.88122 
        2.11077         40.5455         4.84669 
        2.11691         40.3831         4.81242 
        2.12305         40.1334         4.77848 
        2.12918         40.1345         4.74496 
        2.13531         39.8589         4.71175 
        2.14145         39.8256         4.67878 
         2.1476         39.5811         4.64608 
        2.15372         39.4494         4.61387 
        2.15985         39.2804         4.58193 
        2.16599         39.2224         4.55019 
        2.17213         39.0269          4.5188 
        2.17827         38.8361         4.48771 
         2.1844         38.6546         4.45693 
        2.19054         38.5482         4.42644 
        2.19666         38.4224         4.39628 
         2.2028          38.219         4.36637 
        2.20893         38.1629         4.33672 
        2.21508         38.0006         4.30732 
        2.22122          37.803         4.27818 
        2.22736         37.6816         4.24937 
        2.23349         37.5192         4.22083 
        2.23962          37.378         4.19254 
        2.24577         37.2414         4.16449 
         2.2519         37.1264         4.13673 
        2.25802         36.9806         4.10927 
        2.26417         36.8219         4.08198 
        2.27031         36.7446         4.05492 
        2.27644         36.5846         4.02818 
        2.28257         36.4028         4.00169 
        2.28872          36.282         3.97538 
        2.29486         36.1017         3.94931 
        2.30099          36.076         3.92354 
        2.30712         35.9012         3.89798 
        2.31326         35.8118         3.87261 
         2.3194         35.5857         3.84747 
        2.32553           35.47         3.82261 
        2.33166         35.3679         3.79797 
         2.3378          35.152         3.77352 
        2.34394         34.9664         3.74928 
        2.35007          34.913         3.72528 
        2.35619         34.8064         3.70152 
        2.36233         34.7101         3.67791 
        2.36848         34.5252         3.65447 
        2.37462         34.4334         3.63127 
        2.38075         34.3123          3.6083 
        2.38689         34.2156         3.58551 
        2.39303         34.0463         3.56292 
        2.39916         33.8652         3.54054 
        2.40529         33.6818         3.51836 
        2.41143         33.7036         3.49636 
        2.41757         33.4915         3.47453 
         2.4237         33.4631         3.45293 
        2.42983         33.2555         3.43151 
        2.43598          33.173         3.41022 
        2.44211         33.0327         3.38915 
        2.44823         32.9127          3.3683 
        2.45437         32.8234         3.34757 
        2.46052         32.7095           3.327 
        2.46665         32.6114         3.30663 
        2.47279         32.4728         3.28645 
        2.47892         32.2976         3.26642 
        2.48507         32.2426         3.24653 
         2.4912         32.1648         3.22686 
        2.49733         32.0151         3.20735 
        2.50347         31.8895         3.18797 
        2.50961          31.869         3.16875 
        2.51575         31.7031          3.1497 
        2.52188          31.552         3.13084 
        2.52802         31.4911          3.1121 
        2.53416         31.3822         3.09351 
        2.54029         31.1996         3.07511 
        2.54641         31.1828         3.05686 
        2.55255         31.0616         3.03875 
        2.55869         30.9845         3.02075 
        2.56483         30.8503         3.00292 
        2.57096          30.727         2.98526 
        2.57709         30.6045         2.96773 
        2.58323         30.5375         2.95033 
        2.58937         30.4366         2.93305 
        2.59551         30.3442         2.91594 
        2.60164         30.2763         2.89897 
        2.60778         30.1347         2.88212 
        2.61392         30.0109         2.86541 
        2.62006         29.9118         2.84883 
        2.62619         29.8651          2.8324 
        2.63232         29.7336          2.8161 
        2.63846         29.6374         2.79991 
        2.64459         29.5604         2.78387 
        2.65072         29.4413         2.76796 
        2.65686         29.3449         2.75216 
          2.663         29.2677         2.73646 
        2.66915         29.1619         2.72089 
        2.67527           29.11         2.70548 
        2.68141         29.0051         2.69017 
        2.68755         28.9426         2.67497 
        2.69368         28.8166          2.6599 
        2.69981          28.731         2.64497 
        2.70595         28.6847         2.63011 
        2.71209         28.5787         2.61537 
        2.71823          28.469         2.60076 
        2.72436         28.4859         2.58627 
         2.7305         28.3233         2.57188 
        2.73663         28.2497          2.5576 
        2.74276         28.1617         2.54344 
         2.7489         28.1479         2.52938 
        2.75504         28.0243         2.51541 
        2.76118         27.9823         2.50154 
        2.76732         27.8816          2.4878 
        2.77345         27.8096         2.47417 
        2.77959         27.7563         2.46063 
        2.78572         27.7031          2.4472 
        2.79186         27.6348         2.43387 
        2.79798         27.5603         2.42066 
        2.80412         27.4338         2.40752 
        2.81027         27.4653         2.39446 
         2.8164          27.342         2.38153 
        2.82253         27.3085         2.36869 
        2.82867         27.2432         2.35594 
        2.83481         27.1889         2.34329 
        2.84095         27.0889         2.33072 
        2.84708         27.0698         2.31827 
        2.85322         26.9899         2.30589 
        2.85935         26.9748          2.2936 
        2.86549         26.9423         2.28141 
        2.87162         26.8794         2.26931 
        2.87776         26.8278          2.2573 
        2.88389         26.7448         2.24537 
        2.89003         26.6902         2.23353 
        2.89617         26.6821         2.22177 
        2.90231         26.6338          2.2101 
        2.90844         26.5673         2.19851 
        2.91458         26.5652         2.18701 
        2.92071         26.5066         2.17561 
        2.92684         26.5051         2.16427 
        2.93298           26.36         2.15302 
         2.9391         26.3533         2.14186 
        2.94524         26.3233         2.13077 
        2.95138         26.2812         2.11975 
        2.95752         26.2973          2.1088 
        2.96367         26.2128         2.09793 
         2.9698         26.2348         2.08715 
        2.97594         26.1593         2.07644 
        2.98207         26.1302         2.06581 
        2.98821         26.1006         2.05526 
        2.99434         26.0842         2.04478 
        3.00048         26.0987         2.03437 
        3.00662         26.0775         2.02403 
        3.01275         26.0204         2.01378 
        3.01888         26.0416         2.00359 
        3.02503         26.0138         1.99346 
        3.03117         25.9644          1.9834 
        3.03729         25.9756         1.97344 
        3.04342          25.957         1.96354 
        3.04957         25.9552         1.95368 
         3.0557         25.9484          1.9439 
        3.06183          25.922         1.93421 
        3.06796         25.9281         1.92458 
        3.07411         25.9503         1.91498 
        3.08025         25.9241         1.90548 
        3.08637         25.9226         1.89605 
         3.0925         25.9295         1.88667 
        3.09865         25.9645         1.87734 
         3.1048         25.9679         1.86808 
        3.11093         25.9486         1.85889 
        3.11706         25.9927         1.84977 
         3.1232         26.0029          1.8407 
        3.12933         26.0284          1.8317 
        3.13547         26.0284         1.82276 
        3.14159         26.0238         1.81389 
