# k  (h/Mpc)    Pcb(k)  (Mpc/h)^3    Pcb_linear(k)  (Mpc/h)^3
     0.00783031         78.6071         79.3121 
       0.013688         97.2536         97.6895 
       0.019231         98.3901         98.4998 
      0.0249154          90.343         90.5917 
      0.0312784         78.0034         77.9877 
      0.0375637         66.2633         66.1361 
      0.0433917         57.5704         57.5005 
      0.0492413          51.411         51.3373 
      0.0555754         46.8348         46.8334 
      0.0619321         43.5772         43.5205 
       0.067871         40.5981         40.6358 
      0.0738098         37.3941         37.4492 
      0.0800417         33.6289         33.6931 
      0.0862327         29.8025         29.8198 
      0.0921407         26.3914         26.3808 
      0.0982031         23.4406          23.432 
       0.104506         21.1811         21.1341 
       0.110769         19.5889         19.5642 
       0.116806         18.5115         18.5272 
       0.122832         17.7108         17.7116 
       0.129052         16.8394         16.8675 
       0.135211         15.8464         15.8857 
       0.141259         14.7474         14.7588 
       0.147318         13.5592         13.5446 
       0.153489          12.349          12.345 
       0.159709         11.2987         11.2901 
       0.165845          10.496         10.4638 
       0.171974         9.85844         9.85242 
       0.178125         9.41047         9.40554 
       0.184229         9.06247          9.0536 
        0.19034         8.70181         8.71841 
       0.196428         8.34083         8.34865 
       0.202534         7.94244          7.9223 
       0.208729         7.45412         7.44668 
       0.214876         6.96228         6.96719 
       0.220989         6.54394         6.52193 
       0.227147          6.1364         6.13426 
        0.23329         5.81986         5.81937 
       0.239377         5.57372         5.57126 
       0.245482         5.36581         5.36725 
       0.251667         5.19031         5.18219 
       0.257832         4.99811         4.99768 
       0.263955         4.80891          4.8019 
       0.270079         4.59744         4.59183 
        0.27624         4.38858         4.37303 
       0.282372         4.17821         4.15969 
        0.28843         3.96906         3.96403 
       0.294538         3.79626         3.78923 
       0.300721         3.65378         3.63691 
        0.30691         3.51687         3.50558 
       0.313033         3.39881         3.38985 
       0.319153         3.27673         3.28078 
       0.325316         3.18887          3.1717 
        0.33145         3.07137         3.06085 
       0.337538         2.96022         2.94867 
       0.343633         2.84607          2.8367 
       0.349808         2.73969         2.72704 
       0.355968         2.63876         2.62474 
       0.362074         2.54319          2.5319 
       0.368217         2.46019         2.44748 
       0.374374         2.37628         2.37032 
       0.380519         2.30971         2.29861 
       0.386598          2.2442         2.23077 
       0.392688         2.18199         2.16402 
        0.39888            2.11         2.09675 
       0.405048         2.04548         2.03042 
       0.411186         1.98118         1.96572 
       0.417313         1.91662         1.90357 
       0.423458          1.8621         1.84449 
       0.429607         1.80176         1.78894 
       0.435692         1.74925         1.73757 
       0.441815         1.70254         1.68899 
       0.447964          1.6599         1.64256 
       0.454126         1.61068         1.59776 
       0.460267         1.56661         1.55441 
       0.466387          1.5233         1.51212 
        0.47254         1.48202         1.47052 
       0.478662         1.44463         1.43034 
       0.484765         1.40271         1.39172 
       0.490885         1.36774         1.35458 
       0.497035         1.33719         1.31892 
       0.503198         1.29864         1.28488 
       0.509342         1.26963          1.2525 
       0.515458         1.23505         1.22152 
       0.521598         1.20704         1.19142 
       0.527764          1.1735         1.16209 
       0.533884         1.14981         1.13381 
           0.54           1.122         1.10637 
       0.546137         1.09613         1.07962 
       0.552299         1.06929          1.0536 
       0.558452         1.04193         1.02852 
       0.564573          1.0199         1.00449 
       0.570708         0.99633        0.981313 
       0.576825        0.973763        0.959032 
       0.582926        0.954641         0.93754 
       0.589034        0.928988        0.916666 
       0.595184        0.908918        0.896251 
       0.601379        0.890854        0.876281 
       0.607522        0.872655        0.857059 
       0.613639        0.855923        0.838485 
       0.619772        0.834872        0.820421 
       0.625918        0.818843        0.802863 
       0.632068        0.802357        0.785822 
       0.638161         0.78438        0.769439 
         0.6443        0.768535        0.753422 
       0.650464        0.751385        0.737818 
       0.656582        0.738029        0.722781 
       0.662703        0.723577        0.708169 
       0.668861        0.710448        0.693883 
       0.675024        0.695944        0.679983 
       0.681124        0.680149        0.666602 
       0.687237        0.669245        0.653551 
       0.693381        0.656637        0.640787 
       0.699536        0.642098        0.628342 
       0.705665        0.630458        0.616281 
       0.711789        0.620135        0.604551 
       0.717957        0.607205         0.59305 
        0.72409        0.597379        0.581917 
       0.730186        0.585519        0.571142 
       0.736317        0.576842        0.560586 
       0.742472        0.565927        0.550262 
       0.748622        0.555676        0.540211 
        0.75476        0.544196        0.530435 
       0.760888        0.535025        0.520919 
       0.767043         0.52768          0.5116 
       0.773185        0.517225         0.50253 
       0.779291        0.508294        0.493733 
       0.785407        0.500443        0.485136 
       0.791564        0.491773        0.476691 
       0.797719         0.48406        0.468453 
       0.803834        0.476164        0.460463 
       0.809972        0.467929        0.452632 
       0.816124        0.459804        0.444968 
       0.822261        0.452101        0.437504 
       0.828378        0.445283        0.430234 
       0.834502        0.438694        0.423125 
       0.840667        0.430828        0.416132 
       0.846816         0.42421        0.409318 
       0.852925        0.418731        0.402701 
       0.859047        0.411923        0.396217 
       0.865192        0.404509        0.389856 
       0.871341        0.398766        0.383632 
       0.877463        0.393502        0.377573 
       0.883569        0.386868        0.371661 
       0.889708          0.3808        0.365846 
       0.895864        0.374744        0.360142 
       0.902008        0.369473        0.354572 
       0.908149        0.363824        0.349124 
       0.914301        0.357724        0.343783 
       0.920448         0.35273        0.338559 
       0.926574        0.347526        0.333463 
       0.932687        0.342377        0.328484 
       0.938823         0.33863        0.323589 
       0.944975        0.333212        0.318783 
       0.951105        0.328986        0.314093 
       0.957225        0.325182        0.309506 
       0.963368        0.320009        0.304995 
       0.969511        0.314945        0.300575 
       0.975621         0.31055        0.296267 
       0.981748        0.307444        0.292033 
       0.987916        0.302978        0.287855 
        0.99406        0.298576        0.283775 
        1.00019        0.295146        0.279783 
        1.00632         0.29057        0.275872 
        1.01246        0.286487         0.27203 
        1.01859        0.283247        0.268269 
        1.02471        0.279389        0.264583 
        1.03085        0.276278        0.260955 
        1.03698        0.272345        0.257402 
        1.04314        0.268724        0.253902 
        1.04929        0.265137        0.250475 
        1.05541        0.262153        0.247125 
        1.06154        0.258283        0.243829 
        1.06769        0.255136        0.240588 
        1.07382        0.251969        0.237417 
        1.07993        0.248634        0.234311 
        1.08607         0.24638        0.231248 
        1.09222        0.242782        0.228236 
        1.09836        0.240656        0.225282 
        1.10449        0.237315        0.222384 
        1.11063        0.234019        0.219535 
        1.11677        0.231056        0.216736 
         1.1229        0.228623        0.213991 
        1.12903        0.225793        0.211292 
        1.13518        0.223461        0.208637 
        1.14131        0.220706         0.20603 
        1.14745        0.217338        0.203469 
        1.15359        0.215321        0.200951 
        1.15973        0.212401        0.198475 
        1.16584        0.210669        0.196052 
        1.17197        0.208025        0.193666 
        1.17811        0.205942        0.191313 
        1.18424        0.204013        0.189006 
        1.19038        0.201109        0.186731 
        1.19652        0.198657        0.184494 
        1.20267        0.197218        0.182294 
        1.20881        0.194824         0.18013 
        1.21495        0.192932        0.178005 
        1.22108         0.19057        0.175915 
         1.2272        0.188763        0.173863 
        1.23334        0.186467        0.171839 
        1.23949        0.184523        0.169844 
        1.24562        0.182513        0.167885 
        1.25174        0.180853        0.165961 
        1.25789        0.179106        0.164061 
        1.26402        0.176807        0.162194 
        1.27014        0.175198        0.160361 
        1.27628        0.173478        0.158551 
        1.28244        0.171315        0.156766 
        1.28858        0.169696         0.15501 
        1.29471        0.168342        0.153286 
        1.30084        0.166285        0.151589 
        1.30697         0.16484        0.149916 
        1.31312        0.162534        0.148266 
        1.31925        0.161301        0.146646 
        1.32537        0.159996        0.145052 
        1.33151        0.158444        0.143476 
        1.33765        0.156933        0.141924 
        1.34378        0.155331        0.140399 
        1.34992        0.153825        0.138895 
        1.35606        0.152296        0.137409 
         1.3622        0.150937        0.135948 
        1.36833        0.149585        0.134512 
        1.37445        0.147587        0.133098 
        1.38059        0.146534        0.131699 
        1.38675        0.145519        0.130318 
        1.39288        0.144266        0.128962 
        1.39901         0.14272        0.127625 
        1.40515        0.141785        0.126305 
         1.4113        0.140236        0.125004 
        1.41742        0.138928        0.123726 
        1.42355        0.138012        0.122464 
         1.4297        0.136509        0.121216 
        1.43585        0.135449        0.119986 
        1.44198        0.134479        0.118778 
        1.44809         0.13328        0.117588 
        1.45423        0.132054        0.116411 
        1.46036        0.130832        0.115252 
        1.46649        0.130201        0.114108 
        1.47263        0.128829        0.112979 
        1.47877        0.127585        0.111866 
        1.48491        0.126792        0.110766 
        1.49104        0.125587        0.109683 
        1.49718        0.124534        0.108614 
        1.50333        0.123872        0.107557 
        1.50947        0.122809        0.106517 
         1.5156        0.121753        0.105492 
        1.52172        0.120859        0.104481 
        1.52787          0.1198        0.103481 
          1.534        0.118971        0.102495 
        1.54013        0.118123        0.101523 
        1.54627        0.117673        0.100562 
        1.55241        0.116356       0.0996131 
        1.55855        0.115391        0.098678 
        1.56467        0.114949       0.0977575 
         1.5708        0.113747       0.0968462 
        1.57695        0.112444       0.0959452 
        1.58308        0.111712       0.0950577 
        1.58922        0.110962       0.0941809 
        1.59535        0.110076       0.0933155 
         1.6015        0.109273       0.0924599 
        1.60764        0.108707       0.0916154 
        1.61376        0.107685       0.0907838 
        1.61989        0.107243        0.089962 
        1.62604        0.106707       0.0891485 
        1.63218        0.106017       0.0883455 
        1.63831        0.105277       0.0875544 
        1.64444        0.104784       0.0867727 
        1.65059        0.104063       0.0859987 
        1.65673        0.103547        0.085235 
        1.66285        0.103356       0.0844828 
        1.66898        0.102678       0.0837394 
        1.67512        0.102242       0.0830035 
        1.68127        0.101796       0.0822758 
         1.6874         0.10142       0.0815585 
        1.69353        0.100807       0.0808501 
        1.69967        0.100966       0.0801485 
        1.70581        0.100322       0.0794556 
        1.71193       0.0999331       0.0787734 
        1.71806       0.0995638       0.0780979 
        1.72421       0.0996854       0.0774289 
        1.73035       0.0994488       0.0767686 
        1.73649       0.0991672       0.0761161 
        1.74262       0.0990981       0.0754717 
        1.74876       0.0988548       0.0748344 
        1.75489       0.0988363       0.0742057 
        1.76101       0.0988577       0.0735845 
        1.76715       0.0987833       0.0729696 
        1.77329       0.0986051        0.072361 
        1.77943       0.0985058        0.071759 
        1.78557       0.0988085       0.0711649 
        1.79171       0.0988732       0.0705773 
        1.79785       0.0992461       0.0699963 
        1.80399       0.0993285        0.069422 
        1.81012       0.0996157       0.0688549 
        1.81625       0.0997054       0.0682945 
        1.82239       0.0999361       0.0677394 
        1.82853        0.100156       0.0671908 
        1.83466        0.100402       0.0666488 
        1.84078        0.100878       0.0661134 
        1.84692        0.100946       0.0655831 
        1.85306        0.101825       0.0650579 
         1.8592        0.102326       0.0645393 
        1.86533        0.102764       0.0640266 
        1.87147        0.103236        0.063519 
        1.87761        0.103947       0.0630166 
        1.88375        0.104422       0.0625202 
        1.88988        0.104922       0.0620298 
        1.89601        0.106036       0.0615443 
        1.90215        0.106326       0.0610637 
        1.90829        0.107151       0.0605884 
        1.91442        0.108286       0.0601182 
        1.92056        0.109202       0.0596533 
         1.9267        0.109956       0.0591929 
        1.93284        0.110855       0.0587371 
        1.93897        0.112006        0.058287 
        1.94509           0.113       0.0578425 
        1.95123         0.11384       0.0574016 
        1.95737        0.115244        0.056965 
        1.96349        0.116785        0.056534 
        1.96964        0.117446       0.0561062 
        1.97578        0.118847       0.0556827 
        1.98192        0.120284       0.0552645 
        1.98805        0.121849       0.0548505 
        1.99419        0.122969       0.0544407 
        2.00033        0.124846       0.0540349 
        2.00647        0.126271       0.0536334 
         2.0126        0.127908       0.0532367 
        2.01874        0.129619       0.0528433 
        2.02488        0.130806       0.0524536 
        2.03101        0.133263       0.0520686 
        2.03714        0.135186       0.0516878 
        2.04328         0.13679       0.0513104 
        2.04941        0.138946       0.0509371 
        2.05554        0.141305       0.0505677 
        2.06167        0.142942       0.0502016 
        2.06781        0.145046        0.049839 
        2.07396        0.146859       0.0494795 
        2.08009        0.150033       0.0491241 
        2.08622        0.152221       0.0487727 
        2.09237        0.154008        0.048424 
        2.09851        0.157633       0.0480787 
        2.10464        0.159685       0.0477373 
        2.11077        0.162003       0.0473996 
        2.11691        0.165599       0.0470645 
        2.12305        0.168454       0.0467326 
        2.12918        0.170778       0.0464047 
        2.13531        0.174413       0.0460799 
        2.14145        0.177079       0.0457575 
         2.1476        0.180844       0.0454378 
        2.15372         0.18381       0.0451227 
        2.15985        0.186278       0.0448103 
        2.16599        0.190325          0.0445 
        2.17213        0.194723       0.0441929 
        2.17827        0.198177       0.0438889 
         2.1844         0.20214       0.0435879 
        2.19054        0.206511       0.0432897 
        2.19666        0.211159       0.0429947 
         2.2028           0.214       0.0427022 
        2.20893        0.218901       0.0424122 
        2.21508        0.222795       0.0421247 
        2.22122        0.228905       0.0418397 
        2.22736        0.231743        0.041558 
        2.23349        0.237844       0.0412789 
        2.23962        0.242123       0.0410022 
        2.24577        0.247103       0.0407278 
         2.2519        0.253167       0.0404564 
        2.25802        0.258763       0.0401878 
        2.26417        0.263968        0.039921 
        2.27031        0.269596       0.0396563 
        2.27644        0.275329       0.0393948 
        2.28257         0.28116       0.0391357 
        2.28872        0.286646       0.0388784 
        2.29486        0.294627       0.0386235 
        2.30099        0.302531       0.0383714 
        2.30712        0.309327       0.0381214 
        2.31326        0.315904       0.0378733 
         2.3194        0.323794       0.0376275 
        2.32553        0.331033       0.0373843 
        2.33166        0.338473       0.0371434 
         2.3378        0.346757       0.0369043 
        2.34394        0.355896       0.0366671 
        2.35007        0.362492       0.0364325 
        2.35619        0.373632       0.0362001 
        2.36233        0.381821       0.0359693 
        2.36848        0.390557       0.0357399 
        2.37462        0.399717       0.0355131 
        2.38075         0.41149       0.0352884 
        2.38689        0.420825       0.0350655 
        2.39303        0.429611       0.0348446 
        2.39916        0.440994       0.0346258 
        2.40529        0.454182       0.0344089 
        2.41143        0.462608       0.0341937 
        2.41757        0.476977       0.0339802 
         2.4237         0.49187        0.033769 
        2.42983        0.499243       0.0335595 
        2.43598        0.512228       0.0333513 
        2.44211        0.528001       0.0331452 
        2.44823        0.537842       0.0329413 
        2.45437        0.554945       0.0327386 
        2.46052        0.569623       0.0325374 
        2.46665        0.584679       0.0323382 
        2.47279        0.598816       0.0321408 
        2.47892        0.612259       0.0319449 
        2.48507        0.633345       0.0317505 
         2.4912        0.648248        0.031558 
        2.49733        0.664409       0.0313673 
        2.50347        0.683798       0.0311777 
        2.50961        0.705233       0.0309898 
        2.51575        0.722328       0.0308035 
        2.52188         0.74163       0.0306189 
        2.52802        0.761415       0.0304357 
        2.53416        0.785014       0.0302539 
        2.54029        0.808627        0.030074 
        2.54641        0.829871       0.0298955 
        2.55255        0.852466       0.0297183 
        2.55869        0.876272       0.0295423 
        2.56483        0.901212       0.0293679 
        2.57096         0.92578       0.0291952 
        2.57709        0.954612       0.0290238 
        2.58323        0.980883       0.0288536 
        2.58937         1.01982       0.0286847 
        2.59551         1.04066       0.0285173 
        2.60164         1.07766       0.0283514 
        2.60778           1.114       0.0281865 
        2.61392         1.13944       0.0280231 
        2.62006          1.1729        0.027861 
        2.62619         1.20674       0.0277003 
        2.63232         1.24697       0.0275409 
        2.63846         1.28497       0.0273826 
        2.64459         1.32111       0.0272257 
        2.65072          1.3648         0.02707 
        2.65686          1.4097       0.0269156 
          2.663         1.46741       0.0267621 
        2.66915         1.50232       0.0266098 
        2.67527         1.54238        0.026459 
        2.68141          1.5992       0.0263093 
        2.68755         1.64419       0.0261607 
        2.69368          1.7029       0.0260133 
        2.69981         1.75859       0.0258672 
        2.70595         1.82496        0.025722 
        2.71209         1.89136       0.0255778 
        2.71823         1.95451       0.0254349 
        2.72436          2.0071       0.0252932 
         2.7305         2.08408       0.0251524 
        2.73663         2.14714       0.0250128 
        2.74276         2.24052       0.0248743 
         2.7489         2.29422       0.0247368 
        2.75504         2.40142       0.0246002 
        2.76118         2.46935       0.0244646 
        2.76732         2.56784       0.0243302 
        2.77345         2.67663       0.0241969 
        2.77959         2.77607       0.0240645 
        2.78572         2.85477       0.0239331 
        2.79186         2.99292       0.0238028 
        2.79798         3.09317       0.0236735 
        2.80412         3.22236        0.023545 
        2.81027         3.36056       0.0234173 
         2.8164         3.48419       0.0232909 
        2.82253          3.6333       0.0231653 
        2.82867          3.8094       0.0230406 
        2.83481         3.95065       0.0229169 
        2.84095         4.07405        0.022794 
        2.84708         4.22345       0.0226722 
        2.85322           4.441       0.0225511 
        2.85935         4.62324       0.0224309 
        2.86549         4.80735       0.0223117 
        2.87162         5.09132       0.0221934 
        2.87776         5.21436       0.0220759 
        2.88389         5.47157       0.0219592 
        2.89003         5.77114       0.0218435 
        2.89617          5.9705       0.0217285 
        2.90231         6.21142       0.0216143 
        2.90844         6.60892        0.021501 
        2.91458         6.81388       0.0213885 
        2.92071         7.13062        0.021277 
        2.92684         7.54741       0.0211661 
        2.93298         7.92087       0.0210561 
         2.9391         8.29902        0.020947 
        2.94524         8.68868       0.0208385 
        2.95138         9.34048       0.0207308 
        2.95752         9.70469       0.0206237 
        2.96367          10.159       0.0205173 
         2.9698         10.8687       0.0204119 
        2.97594         11.5103       0.0203072 
        2.98207         12.0285       0.0202032 
        2.98821         12.4343          0.0201 
        2.99434         13.5376       0.0199975 
        3.00048         14.2973       0.0198957 
        3.00662         15.3414       0.0197946 
        3.01275         16.0252       0.0196943 
        3.01888         17.0872       0.0195947 
        3.02503          17.941       0.0194956 
        3.03117         19.2354       0.0193973 
        3.03729         20.2659       0.0192998 
        3.04342         22.0778        0.019203 
        3.04957         22.8748       0.0191066 
         3.0557         25.1836        0.019011 
        3.06183         26.3374       0.0189162 
        3.06796         27.9306        0.018822 
        3.07411         30.0601       0.0187282 
        3.08025         30.7885       0.0186352 
        3.08637         33.1849        0.018543 
         3.0925         36.3441       0.0184513 
        3.09865         37.8251         0.01836 
         3.1048         41.7254       0.0182694 
        3.11093         41.0325       0.0181796 
        3.11706         40.2751       0.0180904 
         3.1232         44.0031       0.0180017 
        3.12933         43.9753       0.0179136 
        3.13547         46.8133       0.0178262 
        3.14159         1031.47       0.0177395 
