# k  (h/Mpc)    Pcb(k)  (Mpc/h)^3    Pcb_linear(k)  (Mpc/h)^3
     0.00783031         11008.1         11087.9 
       0.013688         13670.6         13627.1 
       0.019231         13704.3         13723.4 
      0.0249154           12417           12613 
      0.0312784         10766.7         10852.8 
      0.0375637         9187.49         9200.78 
      0.0433917         7873.61         7997.84 
      0.0492413         7107.54          7139.6 
      0.0555754         6331.95          6512.5 
      0.0619321         6064.15         6051.32 
       0.067871         5509.83         5649.88 
      0.0738098          5081.4         5206.57 
      0.0800417         4537.73         4684.17 
      0.0862327         4077.12         4145.54 
      0.0921407         3663.08         3667.34 
      0.0982031         3240.49         3257.33 
       0.104506         3017.13         2937.84 
       0.110769         2796.71         2719.58 
       0.116806         2627.95         2575.39 
       0.122832          2513.8         2461.99 
       0.129052         2349.24         2344.64 
       0.135211         2227.55         2208.15 
       0.141259          2112.6         2051.48 
       0.147318         1973.11         1882.69 
       0.153489         1796.41         1715.94 
       0.159709         1681.06          1569.3 
       0.165845          1605.4         1454.44 
       0.171974          1509.5         1369.45 
       0.178125         1442.93         1307.33 
       0.184229         1391.87         1258.41 
        0.19034         1310.47         1211.82 
       0.196428         1286.12         1160.42 
       0.202534         1238.88         1101.16 
       0.208729         1175.65         1035.04 
       0.214876         1113.54         968.395 
       0.220989         1073.21         906.504 
       0.227147         1020.29         852.619 
        0.23329         977.245          808.85 
       0.239377         957.941         774.364 
       0.245482         895.984         746.007 
       0.251667         891.637         720.285 
       0.257832         861.818         694.638 
       0.263955         831.955         667.426 
       0.270079         801.766         638.227 
        0.27624         791.997         607.815 
       0.282372         758.071         578.161 
        0.28843         743.745         550.965 
       0.294538          706.74          526.67 
       0.300721          701.88         505.497 
        0.30691          671.48         487.244 
       0.313033         659.715         471.158 
       0.319153         640.279         455.998 
       0.325316          622.01         440.837 
        0.33145         604.882          425.43 
       0.337538         597.839         409.837 
       0.343633         579.335         394.273 
       0.349808         559.724         379.032 
       0.355968         555.403         364.813 
       0.362074         545.345         351.909 
       0.368217         530.858         340.176 
       0.374374         509.516         329.451 
       0.380519         506.782         319.484 
       0.386598         494.424         310.055 
       0.392688         491.666         300.777 
        0.39888         477.285         291.427 
       0.405048         468.665         282.208 
       0.411186         460.436         273.215 
       0.417313         450.936         264.577 
       0.423458         444.155         256.365 
       0.429607         435.383         248.645 
       0.435692         424.801         241.505 
       0.441815         422.005         234.753 
       0.447964         413.264         228.299 
       0.454126         402.426         222.072 
       0.460267         396.703         216.046 
       0.466387         391.901         210.169 
        0.47254         383.935         204.387 
       0.478662         382.845         198.802 
       0.484765         370.673         193.434 
       0.490885          367.11         188.272 
       0.497035         360.703         183.315 
       0.503198         354.734         178.585 
       0.509342         352.279         174.083 
       0.515458         347.669         169.777 
       0.521598         340.939         165.595 
       0.527764          334.94         161.518 
       0.533884         332.731         157.588 
           0.54         327.719         153.773 
       0.546137          326.59         150.055 
       0.552299         319.882         146.439 
       0.558452         317.501         142.953 
       0.564573         312.476         139.613 
       0.570708         306.986         136.392 
       0.576825         301.654         133.295 
       0.582926         299.259         130.308 
       0.589034          296.65         127.406 
       0.595184         293.801         124.569 
       0.601379         290.115         121.793 
       0.607522         285.278         119.122 
       0.613639         283.702          116.54 
       0.619772         277.064         114.029 
       0.625918         276.009         111.589 
       0.632068         271.871          109.22 
       0.638161         270.526         106.943 
         0.6443         266.074         104.717 
       0.650464         263.659         102.548 
       0.656582         261.925         100.458 
       0.662703         260.024         98.4275 
       0.668861         255.171          96.442 
       0.675024         252.511           94.51 
       0.681124         251.277         92.6502 
       0.687237         248.136         90.8363 
       0.693381         244.422         89.0622 
       0.699536         242.317         87.3324 
       0.705665         240.832         85.6561 
       0.711789         237.778         84.0257 
       0.717957         236.656         82.4272 
        0.72409         233.726         80.8798 
       0.730186         231.177         79.3823 
       0.736317          228.75         77.9151 
       0.742472         227.534         76.4802 
       0.748622         225.486         75.0832 
        0.75476         223.457         73.7245 
       0.760888           220.5         72.4018 
       0.767043          220.03         71.1066 
       0.773185         217.401          69.846 
       0.779291         213.554         68.6233 
       0.785407         213.085         67.4284 
       0.791564         210.998         66.2546 
       0.797719         208.159         65.1096 
       0.803834         207.257         63.9991 
       0.809972         205.517         62.9107 
       0.816124         205.491         61.8455 
       0.822261         202.431          60.808 
       0.828378         200.686         59.7977 
       0.834502         200.105         58.8096 
       0.840667          196.89         57.8376 
       0.846816         195.388         56.8905 
       0.852925         194.384         55.9708 
       0.859047         192.619         55.0697 
       0.865192         190.952         54.1856 
       0.871341         189.133         53.3205 
       0.877463          187.47         52.4783 
       0.883569         186.626         51.6566 
       0.889708         184.902         50.8484 
       0.895864         182.752         50.0556 
       0.902008         181.859         49.2815 
       0.908149         181.001         48.5243 
       0.914301         178.867         47.7819 
       0.920448         177.412         47.0559 
       0.926574         176.284         46.3476 
       0.932687          175.99         45.6555 
       0.938823         173.734         44.9751 
       0.944975         171.935         44.3072 
       0.951105         171.151         43.6553 
       0.957225          169.55         43.0177 
       0.963368         167.665         42.3908 
       0.969511         167.309         41.7765 
       0.975621         165.746         41.1777 
       0.981748          165.37         40.5892 
       0.987916         163.583         40.0085 
        0.99406         162.048         39.4415 
        1.00019         161.794         38.8866 
        1.00632         160.023          38.343 
        1.01246          159.11         37.8091 
        1.01859         158.201         37.2862 
        1.02471         156.783          36.774 
        1.03085         154.884         36.2697 
        1.03698         154.347          35.776 
        1.04314         152.978         35.2894 
        1.04929         152.007         34.8131 
        1.05541          151.18         34.3475 
        1.06154         150.131         33.8894 
        1.06769         149.973          33.439 
        1.07382         148.664         32.9982 
        1.07993         147.261         32.5665 
        1.08607         146.253         32.1407 
        1.09222         145.491         31.7222 
        1.09836         144.159         31.3116 
        1.10449         142.802         30.9089 
        1.11063         141.731         30.5128 
        1.11677         141.431         30.1238 
         1.1229         139.836         29.7423 
        1.12903         139.053         29.3671 
        1.13518         138.612         28.9981 
        1.14131         137.487         28.6358 
        1.14745          136.62         28.2798 
        1.15359         135.763         27.9298 
        1.15973         135.253         27.5857 
        1.16584         133.638         27.2489 
        1.17197         132.939         26.9174 
        1.17811         132.184         26.5903 
        1.18424         131.289         26.2697 
        1.19038         130.938         25.9534 
        1.19652         129.917         25.6425 
        1.20267          129.11         25.3367 
        1.20881         128.143          25.036 
        1.21495         127.336         24.7406 
        1.22108         126.543         24.4501 
         1.2272         125.519         24.1649 
        1.23334         124.813         23.8837 
        1.23949         123.845         23.6063 
        1.24562         123.235         23.3341 
        1.25174         121.923         23.0666 
        1.25789         121.569         22.8025 
        1.26402         120.719         22.5431 
        1.27014         119.687         22.2883 
        1.27628         119.259         22.0367 
        1.28244         118.751         21.7886 
        1.28858         118.107         21.5446 
        1.29471         116.758          21.305 
        1.30084         116.493         21.0692 
        1.30697         115.605         20.8366 
        1.31312         115.182         20.6073 
        1.31925         114.147         20.3821 
        1.32537         113.664         20.1605 
        1.33151         112.525         19.9415 
        1.33765         112.155         19.7258 
        1.34378         111.538         19.5138 
        1.34992         111.001         19.3047 
        1.35606         110.244         19.0983 
         1.3622         109.393         18.8952 
        1.36833         108.819         18.6956 
        1.37445         108.089          18.499 
        1.38059         107.611         18.3047 
        1.38675         106.769         18.1126 
        1.39288         106.287         17.9241 
        1.39901         105.899         17.7384 
        1.40515         105.173         17.5549 
         1.4113         104.208         17.3741 
        1.41742         103.938         17.1965 
        1.42355         103.127         17.0211 
         1.4297         102.665         16.8476 
        1.43585         101.812         16.6766 
        1.44198         101.354         16.5087 
        1.44809         100.717         16.3434 
        1.45423          100.12         16.1797 
        1.46036         99.7297         16.0186 
        1.46649         99.1088         15.8597 
        1.47263          98.669         15.7027 
        1.47877         98.1604          15.548 
        1.48491         97.2524         15.3951 
        1.49104         96.7962         15.2446 
        1.49718         96.0971          15.096 
        1.50333          95.628         14.9492 
        1.50947         95.2568         14.8046 
         1.5156         94.6195         14.6622 
        1.52172         94.0566         14.5216 
        1.52787         93.8029         14.3826 
          1.534         93.0452         14.2456 
        1.54013         92.3329         14.1105 
        1.54627         92.0539         13.9769 
        1.55241         91.5566         13.8451 
        1.55855         90.9506         13.7151 
        1.56467         90.5909         13.5871 
         1.5708         89.9806         13.4605 
        1.57695         89.8533         13.3353 
        1.58308         88.8413         13.2119 
        1.58922         88.7894           13.09 
        1.59535         88.2631         12.9698 
         1.6015         87.6123         12.8508 
        1.60764         87.1849         12.7335 
        1.61376          86.872         12.6179 
        1.61989         86.1214         12.5037 
        1.62604         85.7786         12.3906 
        1.63218         85.4068          12.279 
        1.63831         84.7007          12.169 
        1.64444         84.2802         12.0604 
        1.65059         83.9175         11.9528 
        1.65673          83.276         11.8467 
        1.66285         83.0611         11.7421 
        1.66898         82.4515         11.6388 
        1.67512         82.1653         11.5365 
        1.68127         81.5669         11.4354 
         1.6874         81.1405         11.3357 
        1.69353         80.7395         11.2372 
        1.69967         80.0721         11.1397 
        1.70581         80.0412         11.0434 
        1.71193         79.6557         10.9486 
        1.71806         78.9278         10.8547 
        1.72421         78.7236         10.7617 
        1.73035         78.0292         10.6699 
        1.73649         77.7643         10.5792 
        1.74262         77.2728         10.4897 
        1.74876         77.0878         10.4011 
        1.75489         76.2767         10.3137 
        1.76101         76.1112         10.2274 
        1.76715         75.6232         10.1419 
        1.77329         75.3256         10.0573 
        1.77943         74.9286         9.97366 
        1.78557         74.6159         9.89108 
        1.79171         74.0118         9.80942 
        1.79785         73.7498         9.72867 
        1.80399         73.4435         9.64885 
        1.81012          72.986         9.57003 
        1.81625         72.5527         9.49213 
        1.82239         72.3086         9.41498 
        1.82853         71.9528         9.33874 
        1.83466         71.5278         9.26341 
        1.84078         71.2633         9.18899 
        1.84692         70.6941         9.11528 
        1.85306         70.2732         9.04228 
         1.8592          69.887          8.9702 
        1.86533         69.6448         8.89895 
        1.87147         69.0612         8.82839 
        1.87761         68.8701         8.75857 
        1.88375         68.5316         8.68958 
        1.88988         68.2756         8.62141 
        1.89601         67.8407         8.55394 
        1.90215          67.486         8.48714 
        1.90829         67.1448         8.42108 
        1.91442          66.723         8.35572 
        1.92056         66.3605         8.29111 
         1.9267         66.1559         8.22712 
        1.93284         65.6663         8.16377 
        1.93897         65.2156         8.10121 
        1.94509         64.9531         8.03943 
        1.95123         64.7416         7.97815 
        1.95737         64.4383         7.91746 
        1.96349         63.9689         7.85756 
        1.96964         63.6588         7.79811 
        1.97578         63.3559         7.73925 
        1.98192         63.1475         7.68111 
        1.98805          62.852         7.62357 
        1.99419         62.3822         7.56662 
        2.00033         62.1017         7.51022 
        2.00647          61.947         7.45441 
         2.0126         61.3024         7.39927 
        2.01874         61.0863          7.3446 
        2.02488         60.7893         7.29044 
        2.03101         60.6327         7.23692 
        2.03714         60.1557         7.18399 
        2.04328         59.8734         7.13154 
        2.04941         59.5111         7.07965 
        2.05554         59.2347         7.02832 
        2.06167         58.9754         6.97743 
        2.06781         58.6922         6.92703 
        2.07396         58.3895         6.87706 
        2.08009         58.0926         6.82768 
        2.08622         57.8083         6.77883 
        2.09237         57.4556         6.73037 
        2.09851          57.289         6.68237 
        2.10464         56.9071         6.63492 
        2.11077         56.5879         6.58799 
        2.11691          56.347         6.54141 
        2.12305          56.048         6.49528 
        2.12918         55.7566         6.44971 
        2.13531         55.3753         6.40456 
        2.14145         55.2442         6.35975 
         2.1476         55.0169         6.31531 
        2.15372         54.7476         6.27152 
        2.15985         54.3864          6.2281 
        2.16599         54.0933         6.18497 
        2.17213         53.8912          6.1423 
        2.17827         53.5229         6.10003 
         2.1844         53.2315         6.05821 
        2.19054         53.0795         6.01676 
        2.19666         52.7751         5.97576 
         2.2028         52.5932          5.9351 
        2.20893         52.3168          5.8948 
        2.21508         51.9593         5.85484 
        2.22122         51.7131         5.81523 
        2.22736         51.5895         5.77607 
        2.23349         51.2055         5.73728 
        2.23962         50.9922         5.69882 
        2.24577         50.7363         5.66069 
         2.2519         50.4617         5.62296 
        2.25802         50.2321         5.58563 
        2.26417         49.9741         5.54854 
        2.27031         49.7534         5.51176 
        2.27644         49.6434         5.47541 
        2.28257         49.2654          5.4394 
        2.28872         49.0206         5.40364 
        2.29486         48.7943         5.36821 
        2.30099         48.6315         5.33317 
        2.30712         48.3265         5.29843 
        2.31326         48.0964         5.26394 
         2.3194         47.8371         5.22978 
        2.32553         47.4844         5.19598 
        2.33166          47.334         5.16249 
         2.3378         47.1074         5.12926 
        2.34394         46.8747          5.0963 
        2.35007         46.5383         5.06368 
        2.35619          46.514         5.03139 
        2.36233         46.2901          4.9993 
        2.36848         45.9621         4.96743 
        2.37462         45.8284          4.9359 
        2.38075         45.6089         4.90468 
        2.38689         45.3503          4.8737 
        2.39303         45.1958         4.84299 
        2.39916         45.0149         4.81258 
        2.40529         44.7196         4.78243 
        2.41143         44.4781         4.75252 
        2.41757         44.2644         4.72285 
         2.4237         44.1361         4.69349 
        2.42983         43.8929         4.66438 
        2.43598         43.6648         4.63544 
        2.44211         43.5168         4.60679 
        2.44823         43.1678         4.57845 
        2.45437         43.1076         4.55027 
        2.46052         42.8177         4.52231 
        2.46665         42.7176         4.49463 
        2.47279         42.5313         4.46719 
        2.47892         42.3413         4.43996 
        2.48507           42.07         4.41294 
         2.4912         41.9774         4.38619 
        2.49733         41.7294         4.35968 
        2.50347         41.5132         4.33334 
        2.50961          41.365         4.30721 
        2.51575         41.1946         4.28132 
        2.52188         40.9269         4.25567 
        2.52802         40.8413         4.23021 
        2.53416         40.7054         4.20494 
        2.54029         40.5592         4.17992 
        2.54641         40.2719         4.15512 
        2.55255          40.217          4.1305 
        2.55869         40.0028         4.10603 
        2.56483         39.7456          4.0818 
        2.57096         39.5771         4.05779 
        2.57709         39.4601         4.03396 
        2.58323         39.3466         4.01031 
        2.58937         39.0503         3.98683 
        2.59551         38.9224         3.96357 
        2.60164         38.8451          3.9405 
        2.60778         38.6271          3.9176 
        2.61392         38.4174         3.89488 
        2.62006         38.3322         3.87235 
        2.62619         38.2037         3.85002 
        2.63232         37.9965         3.82786 
        2.63846         37.7831         3.80585 
        2.64459         37.7476         3.78405 
        2.65072         37.5579         3.76242 
        2.65686         37.3474         3.74095 
          2.663         37.2437         3.71961 
        2.66915         37.1514         3.69844 
        2.67527         36.9955         3.67749 
        2.68141         36.8254         3.65669 
        2.68755         36.7671         3.63603 
        2.69368         36.5715         3.61554 
        2.69981         36.4178         3.59524 
        2.70595         36.2988         3.57505 
        2.71209          36.218         3.55501 
        2.71823         35.9817         3.53515 
        2.72436         35.8938         3.51545 
         2.7305         35.7518         3.49589 
        2.73663         35.6468         3.47648 
        2.74276         35.5227         3.45724 
         2.7489         35.4133         3.43813 
        2.75504         35.2593         3.41914 
        2.76118         35.1644         3.40029 
        2.76732          35.031         3.38161 
        2.77345         34.9312         3.36308 
        2.77959         34.7892         3.34468 
        2.78572         34.7402         3.32642 
        2.79186         34.5958          3.3083 
        2.79798         34.4858         3.29034 
        2.80412         34.3837         3.27248 
        2.81027         34.2692         3.25473 
         2.8164           34.15         3.23715 
        2.82253         34.0178         3.21971 
        2.82867         33.9222         3.20238 
        2.83481         33.8921         3.18517 
        2.84095         33.6977          3.1681 
        2.84708          33.689         3.15116 
        2.85322         33.5779         3.13434 
        2.85935         33.4483         3.11764 
        2.86549         33.3884         3.10107 
        2.87162         33.2784         3.08462 
        2.87776         33.2014          3.0683 
        2.88389         33.1587         3.05208 
        2.89003         33.0423         3.03598 
        2.89617         32.9631            3.02 
        2.90231         32.8726         3.00414 
        2.90844         32.8183         2.98839 
        2.91458         32.6859         2.97275 
        2.92071         32.6621         2.95725 
        2.92684          32.572         2.94184 
        2.93298         32.5064         2.92655 
         2.9391         32.4186         2.91139 
        2.94524         32.3574         2.89631 
        2.95138         32.3313         2.88133 
        2.95752         32.2349         2.86645 
        2.96367         32.1719         2.85166 
         2.9698         32.1126         2.83702 
        2.97594         32.0651         2.82246 
        2.98207         32.0255           2.808 
        2.98821         31.9588         2.79366 
        2.99434         31.9281         2.77942 
        3.00048         31.8452         2.76527 
        3.00662         31.8066         2.75121 
        3.01275         31.7822         2.73728 
        3.01888         31.7562         2.72343 
        3.02503         31.7035         2.70966 
        3.03117          31.631         2.69599 
        3.03729         31.6374         2.68245 
        3.04342         31.5429         2.66899 
        3.04957         31.5732         2.65559 
         3.0557         31.5775          2.6423 
        3.06183         31.4938         2.62913 
        3.06796          31.464         2.61603 
        3.07411         31.5433         2.60299 
        3.08025         31.4983         2.59007 
        3.08637          31.482         2.57725 
         3.0925         31.3896         2.56451 
        3.09865         31.4335         2.55183 
         3.1048         31.4183         2.53923 
        3.11093         31.4328         2.52675 
        3.11706         31.3425         2.51435 
         3.1232         31.4368         2.50203 
        3.12933         31.3811         2.48978 
        3.13547         31.3992         2.47763 
        3.14159         31.3977         2.46558 
