# k  (h/Mpc)    P(k)  (Mpc/h)^3    P_linear(k)  (Mpc/h)^3
     0.00783031         1451.07         1452.45 
       0.013688          1784.8         1786.07 
       0.019231         1801.94         1799.76 
      0.0249154            1654         1654.72 
      0.0312784         1429.55          1424.2 
      0.0375637         1214.61         1207.62 
      0.0433917         1051.99         1049.86 
      0.0492413          944.62          937.28 
      0.0555754         853.193         855.017 
      0.0619321         803.549         794.512 
       0.067871          741.89         741.834 
      0.0738098         684.394         683.648 
      0.0800417         615.172          615.07 
      0.0862327         547.879         544.355 
      0.0921407         485.908         481.571 
      0.0982031         430.551         427.737 
       0.104506         393.054         385.787 
       0.110769         364.448          357.13 
       0.116806         342.638         338.198 
       0.122832         329.081          323.31 
       0.129052         311.166           307.9 
       0.135211         293.749         289.978 
       0.141259         274.865         269.406 
       0.147318         254.236         247.241 
       0.153489         231.345         225.343 
       0.159709         212.528         206.087 
       0.165845         199.853         191.004 
       0.171974         186.256         179.843 
       0.178125         178.805         171.686 
       0.184229         172.794         165.262 
        0.19034         164.429         159.143 
       0.196428         159.426         152.394 
       0.202534         152.761         144.611 
       0.208729         143.376         135.929 
       0.214876         134.041         127.176 
       0.220989         127.113         119.048 
       0.227147         118.981         111.972 
        0.23329         113.289         106.224 
       0.239377         109.371         101.695 
       0.245482         104.097         97.9712 
       0.251667         102.081         94.5934 
       0.257832         98.7596         91.2252 
       0.263955         94.9321         87.6515 
       0.270079         91.2127         83.8172 
        0.27624         88.0808         79.8231 
       0.282372         84.0876         75.9287 
        0.28843         80.2583         72.3571 
       0.294538         77.0877         69.1667 
       0.300721         74.8274         66.3862 
        0.30691         71.4771         63.9888 
       0.313033         69.5428         61.8764 
       0.319153          66.625         59.8857 
       0.325316         65.5082         57.8946 
        0.33145         63.2347          55.871 
       0.337538         61.3521         53.8233 
       0.343633         59.0779         51.7794 
       0.349808         57.3083         49.7776 
       0.355968         55.4469         47.9104 
       0.362074         53.6292         46.2158 
       0.368217         52.1158         44.6749 
       0.374374         50.5515         43.2663 
       0.380519         49.2842         41.9575 
       0.386598         48.0766         40.7191 
       0.392688         46.9486         39.5007 
        0.39888         45.6806         38.2728 
       0.405048         44.4765         37.0621 
       0.411186         43.3936         35.8811 
       0.417313          41.964         34.7466 
       0.423458         40.8639         33.6683 
       0.429607         39.7669         32.6541 
       0.435692          38.572         31.7166 
       0.441815         37.8913         30.8298 
       0.447964         37.2551         29.9823 
       0.454126         35.8603         29.1646 
       0.460267         35.2457         28.3731 
       0.466387           34.23         27.6013 
        0.47254         33.7014          26.842 
       0.478662         33.0789         26.1085 
       0.484765          32.058         25.4036 
       0.490885         31.3423         24.7256 
       0.497035         30.9427         24.0746 
       0.503198         30.1471         23.4534 
       0.509342         29.3486         22.8622 
       0.515458           28.82         22.2967 
       0.521598         28.2913         21.7475 
       0.527764         27.6678          21.212 
       0.533884         27.2144         20.6959 
           0.54         26.6133         20.1949 
       0.546137         26.1748         19.7066 
       0.552299         25.7486         19.2318 
       0.558452         24.9585          18.774 
       0.564573         24.6034         18.3353 
       0.570708          24.208         17.9123 
       0.576825         23.5785         17.5055 
       0.582926         23.1919         17.1132 
       0.589034         22.5958         16.7322 
       0.595184         22.2931         16.3596 
       0.601379         21.8548         15.9951 
       0.607522         21.5042         15.6442 
       0.613639         21.2679         15.3052 
       0.619772          20.685         14.9754 
       0.625918         20.5906         14.6549 
       0.632068         20.2323         14.3439 
       0.638161         19.8096         14.0448 
         0.6443         19.4213         13.7525 
       0.650464         19.0704         13.4676 
       0.656582         18.9036         13.1932 
       0.662703         18.5671         12.9264 
       0.668861         18.2373         12.6657 
       0.675024         17.9069         12.4119 
       0.681124          17.603         12.1677 
       0.687237         17.3363         11.9295 
       0.693381         17.1566         11.6965 
       0.699536          16.694         11.4693 
       0.705665         16.5753         11.2492 
       0.711789         16.2808         11.0351 
       0.717957         16.0455         10.8251 
        0.72409         15.7869         10.6219 
       0.730186         15.5654         10.4252 
       0.736317         15.4074         10.2326 
       0.742472         15.1538         10.0441 
       0.748622         14.9529         9.86064 
        0.75476         14.6767         9.68221 
       0.760888         14.4979          9.5085 
       0.767043         14.3261          9.3384 
       0.773185         14.0523         9.17284 
       0.779291         13.9613         9.01227 
       0.785407         13.7427         8.85534 
       0.791564         13.5311         8.70119 
       0.797719         13.2644         8.55081 
       0.803834         13.2136         8.40497 
       0.809972         13.0796         8.26204 
       0.816124         12.8015         8.12215 
       0.822261         12.6494          7.9859 
       0.828378         12.4757          7.8532 
       0.834502          12.391         7.72344 
       0.840667         12.1756         7.59579 
       0.846816         11.9747         7.47141 
       0.852925         11.8667         7.35063 
       0.859047         11.7277         7.23228 
       0.865192         11.6351         7.11617 
       0.871341         11.5087         7.00256 
       0.877463         11.3131         6.89196 
       0.883569         11.1435         6.78404 
       0.889708         10.9845         6.67791 
       0.895864         10.9017         6.57378 
       0.902008         10.7897         6.47212 
       0.908149         10.6739         6.37268 
       0.914301         10.5412         6.27518 
       0.920448         10.3879         6.17983 
       0.926574         10.2593         6.08681 
       0.932687         10.1627         5.99591 
       0.938823         10.0365         5.90657 
       0.944975         9.90936         5.81884 
       0.951105         9.81428         5.73323 
       0.957225         9.74852          5.6495 
       0.963368         9.63112         5.56717 
       0.969511         9.51447         5.48649 
       0.975621         9.41253         5.40785 
       0.981748         9.31297         5.33056 
       0.987916         9.23363          5.2543 
        0.99406           9.079         5.17983 
        1.00019         8.96179         5.10697 
        1.00632         8.94282         5.03557 
        1.01246         8.82957         4.96545 
        1.01859         8.70973         4.89679 
        1.02471         8.63847         4.82952 
        1.03085         8.54881         4.76328 
        1.03698         8.43205         4.69844 
        1.04314         8.38067         4.63454 
        1.04929         8.27421         4.57199 
        1.05541         8.17743         4.51085 
        1.06154         8.11192         4.45068 
        1.06769         8.06595         4.39153 
        1.07382         7.93692         4.33365 
        1.07993          7.8617         4.27695 
        1.08607         7.81399         4.22103 
        1.09222         7.73225         4.16607 
        1.09836         7.65303         4.11215 
        1.10449          7.5818         4.05925 
        1.11063         7.50365         4.00723 
        1.11677         7.45848         3.95615 
         1.1229         7.38659         3.90605 
        1.12903         7.30235         3.85678 
        1.13518         7.21974         3.80832 
        1.14131         7.14747         3.76072 
        1.14745         7.06887         3.71398 
        1.15359         7.03455         3.66802 
        1.15973         6.96637         3.62282 
        1.16584         6.87371          3.5786 
        1.17197         6.82048         3.53505 
        1.17811         6.78061          3.4921 
        1.18424         6.72167         3.44998 
        1.19038         6.67861         3.40845 
        1.19652          6.6143         3.36762 
        1.20267         6.53301         3.32746 
        1.20881         6.51794         3.28796 
        1.21495         6.44866         3.24918 
        1.22108         6.37827         3.21102 
         1.2272         6.34322         3.17357 
        1.23334         6.26735         3.13664 
        1.23949         6.20129         3.10021 
        1.24562         6.17705         3.06446 
        1.25174         6.11546         3.02933 
        1.25789         6.07339         2.99465 
        1.26402         6.02383         2.96057 
        1.27014         5.97429         2.92711 
        1.27628         5.92658         2.89408 
        1.28244         5.85621         2.86149 
        1.28858         5.84012         2.82945 
        1.29471         5.77213         2.79797 
        1.30084         5.71801         2.76701 
        1.30697         5.72106         2.73647 
        1.31312         5.61641         2.70634 
        1.31925         5.59191         2.67677 
        1.32537          5.5511         2.64767 
        1.33151         5.52643         2.61891 
        1.33765         5.45761         2.59058 
        1.34378          5.4259         2.56274 
        1.34992          5.4011         2.53528 
        1.35606         5.33778         2.50817 
         1.3622         5.31221         2.48151 
        1.36833         5.26365         2.45529 
        1.37445         5.22863         2.42947 
        1.38059         5.20858         2.40395 
        1.38675           5.173         2.37873 
        1.39288          5.1263         2.35397 
        1.39901         5.07921         2.32958 
        1.40515         5.04932         2.30548 
         1.4113         5.02124         2.28174 
        1.41742         4.98515         2.25842 
        1.42355         4.94263         2.23538 
         1.4297         4.91268         2.21259 
        1.43585         4.88616         2.19014 
        1.44198         4.87198         2.16808 
        1.44809         4.81896         2.14637 
        1.45423         4.78193         2.12488 
        1.46036         4.75095         2.10372 
        1.46649         4.71926         2.08284 
        1.47263         4.69006         2.06223 
        1.47877         4.65819         2.04191 
        1.48491         4.63005         2.02184 
        1.49104         4.60495         2.00207 
        1.49718         4.58108         1.98256 
        1.50333         4.55958         1.96328 
        1.50947         4.52004         1.94429 
         1.5156         4.49964         1.92558 
        1.52172          4.4759         1.90712 
        1.52787         4.44487         1.88886 
          1.534         4.41686         1.87087 
        1.54013         4.40197         1.85313 
        1.54627         4.36371         1.83558 
        1.55241         4.34426         1.81827 
        1.55855          4.3258          1.8012 
        1.56467         4.30453          1.7844 
         1.5708         4.27216         1.76776 
        1.57695         4.24242         1.75131 
        1.58308         4.22638         1.73512 
        1.58922          4.2138         1.71911 
        1.59535         4.19742         1.70332 
         1.6015            4.17          1.6877 
        1.60764          4.1541         1.67228 
        1.61376         4.13146          1.6571 
        1.61989         4.11868          1.6421 
        1.62604         4.09122         1.62725 
        1.63218         4.09976          1.6126 
        1.63831         4.05991         1.59816 
        1.64444         4.04402         1.58389 
        1.65059         4.02997         1.56976 
        1.65673         4.02712         1.55582 
        1.66285          3.9928         1.54209 
        1.66898         3.98161         1.52852 
        1.67512         3.97172         1.51509 
        1.68127         3.95628          1.5018 
         1.6874         3.94603         1.48871 
        1.69353         3.92902         1.47578 
        1.69967         3.92514         1.46297 
        1.70581         3.91358         1.45033 
        1.71193         3.90142         1.43787 
        1.71806         3.89246         1.42554 
        1.72421         3.88813         1.41333 
        1.73035         3.88079         1.40128 
        1.73649         3.86675         1.38937 
        1.74262         3.85431         1.37761 
        1.74876         3.85473         1.36597 
        1.75489         3.83893          1.3545 
        1.76101         3.82621         1.34316 
        1.76715         3.84191         1.33193 
        1.77329         3.82342         1.32082 
        1.77943         3.80867         1.30984 
        1.78557         3.81232         1.29899 
        1.79171         3.80553         1.28827 
        1.79785         3.80622         1.27766 
        1.80399         3.81411         1.26718 
        1.81012         3.80477         1.25683 
        1.81625         3.80392          1.2466 
        1.82239         3.80622         1.23647 
        1.82853         3.80266         1.22645 
        1.83466         3.80107         1.21656 
        1.84078         3.79869         1.20679 
        1.84692         3.80905         1.19711 
        1.85306         3.80862         1.18752 
         1.8592         3.80402         1.17805 
        1.86533         3.81287          1.1687 
        1.87147         3.82274         1.15943 
        1.87761         3.80952         1.15026 
        1.88375         3.81746          1.1412 
        1.88988         3.82506         1.13225 
        1.89601         3.82842         1.12339 
        1.90215         3.83017         1.11461 
        1.90829         3.84495         1.10594 
        1.91442         3.85274         1.09735 
        1.92056         3.87097         1.08887 
         1.9267         3.87279         1.08046 
        1.93284         3.87856         1.07214 
        1.93897         3.88967         1.06393 
        1.94509          3.9079         1.05582 
        1.95123         3.90564         1.04777 
        1.95737         3.92236          1.0398 
        1.96349         3.93952         1.03193 
        1.96964         3.95912         1.02412 
        1.97578         3.96432         1.01639 
        1.98192         3.97581         1.00876 
        1.98805         4.00092          1.0012 
        1.99419         4.00247        0.993721 
        2.00033         4.02236        0.986314 
        2.00647          4.0459        0.978985 
         2.0126         4.06847        0.971743 
        2.01874         4.06864        0.964563 
        2.02488         4.10802         0.95745 
        2.03101         4.12636        0.950422 
        2.03714         4.13269        0.943471 
        2.04328         4.15376        0.936582 
        2.04941         4.18936        0.929768 
        2.05554         4.20322        0.923026 
        2.06167         4.23947        0.916343 
        2.06781         4.26094        0.909724 
        2.07396         4.27466        0.903162 
        2.08009         4.32066        0.896676 
        2.08622         4.33284        0.890261 
        2.09237         4.35827        0.883896 
        2.09851         4.39484        0.877593 
        2.10464         4.42084        0.871362 
        2.11077         4.46547        0.865198 
        2.11691          4.4911        0.859081 
        2.12305         4.51312        0.853023 
        2.12918         4.54804        0.847037 
        2.13531         4.56683        0.841109 
        2.14145         4.60737        0.835223 
         2.1476         4.65107        0.829387 
        2.15372         4.66981        0.823637 
        2.15985          4.7093        0.817934 
        2.16599         4.75446         0.81227 
        2.17213          4.7787        0.806665 
        2.17827         4.82394        0.801115 
         2.1844         4.86195        0.795622 
        2.19054         4.92069        0.790178 
        2.19666          4.9438        0.784793 
         2.2028         4.97984        0.779454 
        2.20893         5.01625        0.774162 
        2.21508         5.04307        0.768913 
        2.22122         5.12358        0.763711 
        2.22736         5.18016        0.758568 
        2.23349         5.21643        0.753474 
        2.23962         5.26509        0.748424 
        2.24577         5.30166        0.743416 
         2.2519         5.33834        0.738461 
        2.25802         5.40338        0.733559 
        2.26417          5.4401        0.728688 
        2.27031         5.48124        0.723857 
        2.27644          5.5567        0.719083 
        2.28257         5.58569        0.714354 
        2.28872         5.65969        0.709657 
        2.29486         5.71723        0.705005 
        2.30099         5.75753        0.700403 
        2.30712         5.83428        0.695841 
        2.31326         5.89562        0.691311 
         2.3194         5.93068        0.686825 
        2.32553         5.96627        0.682386 
        2.33166         6.04595        0.677988 
         2.3378         6.09603        0.673623 
        2.34394          6.1726        0.669295 
        2.35007         6.21828        0.665011 
        2.35619         6.27451         0.66077 
        2.36233         6.35223        0.656556 
        2.36848         6.40833         0.65237 
        2.37462         6.47971         0.64823 
        2.38075         6.54915        0.644129 
        2.38689         6.66192         0.64006 
        2.39303          6.6686        0.636027 
        2.39916         6.78272        0.632033 
        2.40529         6.81251        0.628074 
        2.41143         6.90827        0.624146 
        2.41757         6.95913        0.620249 
         2.4237         7.02375        0.616393 
        2.42983         7.09582        0.612571 
        2.43598         7.15224         0.60877 
        2.44211         7.25302        0.605008 
        2.44823         7.30639        0.601286 
        2.45437         7.41438        0.597585 
        2.46052          7.4664        0.593913 
        2.46665         7.53535        0.590278 
        2.47279         7.58857        0.586674 
        2.47892         7.67395        0.583098 
        2.48507         7.78261        0.579549 
         2.4912         7.84304        0.576036 
        2.49733         7.91914        0.572555 
        2.50347         7.99746        0.569095 
        2.50961         8.08165        0.565664 
        2.51575         8.17879        0.562264 
        2.52188         8.20218        0.558895 
        2.52802         8.31346        0.555551 
        2.53416         8.41159        0.552233 
        2.54029         8.46005        0.548947 
        2.54641         8.57184         0.54569 
        2.55255         8.62481        0.542456 
        2.55869          8.7137        0.539243 
        2.56483         8.82716         0.53606 
        2.57096         8.87173        0.532907 
        2.57709           8.987        0.529779 
        2.58323         9.02638        0.526672 
        2.58937         9.12109        0.523588 
        2.59551         9.22112        0.520534 
        2.60164          9.3222        0.517504 
        2.60778         9.38969        0.514496 
        2.61392          9.4631        0.511512 
        2.62006         9.53441        0.508553 
        2.62619         9.64798        0.505621 
        2.63232         9.69816        0.502711 
        2.63846           9.794        0.499821 
        2.64459         9.88899        0.496957 
        2.65072         9.93778        0.494116 
        2.65686         10.0307        0.491297 
          2.663          10.111        0.488494 
        2.66915         10.2312        0.485715 
        2.67527         10.3132        0.482963 
        2.68141         10.3657        0.480231 
        2.68755         10.4463        0.477517 
        2.69368         10.5108        0.474827 
        2.69981         10.5538        0.472161 
        2.70595         10.6559        0.469509 
        2.71209         10.7224        0.466877 
        2.71823         10.8284         0.46427 
        2.72436         10.8672        0.461682 
         2.7305         10.9359        0.459113 
        2.73663           11.12        0.456564 
        2.74276          11.102        0.454038 
         2.7489         11.2127        0.451527 
        2.75504         11.2947        0.449034 
        2.76118         11.3071        0.446558 
        2.76732         11.3814        0.444105 
        2.77345         11.5027        0.441671 
        2.77959         11.5861        0.439255 
        2.78572         11.6694        0.436857 
        2.79186         11.7082        0.434478 
        2.79798         11.7643        0.432119 
        2.80412         11.8392        0.429773 
        2.81027         11.9293        0.427442 
         2.8164         11.9522        0.425134 
        2.82253         12.0075        0.422842 
        2.82867         12.0188        0.420566 
        2.83481         12.1281        0.418307 
        2.84095         12.1932        0.416064 
        2.84708          12.314        0.413841 
        2.85322         12.2935        0.411631 
        2.85935         12.4308        0.409437 
        2.86549          12.408        0.407261 
        2.87162          12.484        0.405101 
        2.87776          12.494        0.402957 
        2.88389         12.6227        0.400827 
        2.89003         12.6662        0.398714 
        2.89617         12.6489        0.396615 
        2.90231         12.7707        0.394531 
        2.90844          12.784        0.392463 
        2.91458         12.8865         0.39041 
        2.92071         12.8802        0.388374 
        2.92684         12.9808         0.38635 
        2.93298         13.0131        0.384342 
         2.9391         12.9901         0.38235 
        2.94524         13.0868         0.38037 
        2.95138         13.1134        0.378403 
        2.95752         13.1738        0.376448 
        2.96367         13.2108        0.374507 
         2.9698         13.2652        0.372584 
        2.97594         13.2653        0.370672 
        2.98207         13.3572        0.368773 
        2.98821         13.3846         0.36689 
        2.99434         13.3891         0.36502 
        3.00048         13.4224        0.363161 
        3.00662         13.4335        0.361315 
        3.01275         13.4732        0.359485 
        3.01888         13.5104        0.357667 
        3.02503         13.5788        0.355858 
        3.03117          13.598        0.354063 
        3.03729         13.6303        0.352285 
        3.04342         13.6597        0.350517 
        3.04957          13.651        0.348757 
         3.0557         13.7605        0.347012 
        3.06183         13.7147        0.345282 
        3.06796         13.7487        0.343562 
        3.07411         13.7762        0.341849 
        3.08025         13.7796        0.340152 
        3.08637         13.8918        0.338469 
         3.0925         13.9003        0.336795 
        3.09865         13.8884         0.33513 
         3.1048         13.8865        0.333476 
        3.11093         13.9404        0.331836 
        3.11706         13.9465        0.330208 
         3.1232         13.9414        0.328589 
        3.12933         13.9662        0.326981 
        3.13547         14.0069        0.325385 
        3.14159         13.7352        0.323802 
