# k  (h/Mpc)    P(k)  (Mpc/h)^3    P_linear(k)  (Mpc/h)^3
     0.00783031          863.19         864.108 
       0.013688         1060.86         1062.81 
       0.019231         1071.97         1071.06 
      0.0249154         985.378         984.795 
      0.0312784         851.232         847.634 
      0.0375637         722.911         718.748 
      0.0433917         626.907          624.86 
      0.0492413         562.467         557.861 
      0.0555754         508.901         508.902 
      0.0619321         478.058         472.893 
       0.067871          442.31         441.541 
      0.0738098         408.059          406.91 
      0.0800417         367.062         366.093 
      0.0862327         326.518         324.004 
      0.0921407         289.297         286.635 
      0.0982031         256.506         254.593 
       0.104506         233.548         229.625 
       0.110769         216.536         212.568 
       0.116806         203.808           201.3 
       0.122832         195.639         192.438 
       0.129052         185.261         183.266 
       0.135211         174.811         172.599 
       0.141259         163.305         160.354 
       0.147318         150.858         147.161 
       0.153489         137.316         134.128 
       0.159709         125.919         122.666 
       0.165845         118.142         113.688 
       0.171974         110.183         107.045 
       0.178125         105.706          102.19 
       0.184229         102.109         98.3662 
        0.19034         97.4466         94.7244 
       0.196428         94.2208          90.707 
       0.202534         90.1069         86.0745 
       0.208729         84.5348         80.9069 
       0.214876         79.0296         75.6972 
       0.220989         74.7142         70.8593 
       0.227147         69.9535         66.6475 
        0.23329         66.5374         63.2263 
       0.239377         64.0824         60.5307 
       0.245482         61.2167         58.3141 
       0.251667         59.8564         56.3035 
       0.257832         57.8135         54.2987 
       0.263955          55.601         52.1716 
       0.270079         53.3795         49.8894 
        0.27624         51.3558          47.512 
       0.282372         48.9697          45.194 
        0.28843         46.6969         43.0682 
       0.294538         44.8284         41.1692 
       0.300721         43.3846         39.5142 
        0.30691         41.4839         38.0872 
       0.313033         40.3117         36.8299 
       0.319153         38.6891          35.645 
       0.325316         37.9634         34.4598 
        0.33145         36.6778         33.2553 
       0.337538         35.4431         32.0366 
       0.343633         34.0978           30.82 
       0.349808         33.0513         29.6285 
       0.355968         31.8992         28.5171 
       0.362074         30.8503         27.5084 
       0.368217         29.9313         26.5913 
       0.374374         28.9915         25.7529 
       0.380519         28.2478         24.9738 
       0.386598         27.5516         24.2367 
       0.392688         26.8534         23.5115 
        0.39888         26.1006         22.7807 
       0.405048         25.3687           22.06 
       0.411186         24.7082         21.3571 
       0.417313         23.8811         20.6818 
       0.423458         23.2324         20.0399 
       0.429607          22.569         19.4363 
       0.435692         21.9326         18.8783 
       0.441815         21.4521         18.3504 
       0.447964         21.0635          17.846 
       0.454126         20.3317         17.3593 
       0.460267         19.9227         16.8882 
       0.466387         19.3297         16.4288 
        0.47254         18.9841         15.9768 
       0.478662         18.5877         15.5402 
       0.484765         18.0239         15.1207 
       0.490885         17.5991         14.7171 
       0.497035         17.3485         14.3296 
       0.503198          16.897         13.9599 
       0.509342         16.4603          13.608 
       0.515458         16.1299         13.2714 
       0.521598         15.7991         12.9445 
       0.527764         15.4163         12.6258 
       0.533884         15.1528         12.3185 
           0.54         14.8029         12.0204 
       0.546137         14.5291         11.7297 
       0.552299         14.2595         11.4471 
       0.558452          13.837         11.1746 
       0.564573         13.6261         10.9135 
       0.570708         13.3747         10.6617 
       0.576825         13.0197         10.4196 
       0.582926         12.8146         10.1861 
       0.589034         12.4682         9.95932 
       0.595184         12.2812          9.7375 
       0.601379         12.0168         9.52054 
       0.607522         11.8335          9.3117 
       0.613639         11.6779          9.1099 
       0.619772         11.3524         8.91363 
       0.625918         11.2582         8.72287 
       0.632068         11.0633         8.53772 
       0.638161         10.8141         8.35973 
         0.6443          10.597          8.1857 
       0.650464          10.384         8.01617 
       0.656582         10.2737          7.8528 
       0.662703         10.0877         7.69404 
       0.668861         9.92018         7.53883 
       0.675024          9.7192         7.38781 
       0.681124         9.55096         7.24243 
       0.687237         9.40834         7.10064 
       0.693381         9.27537         6.96196 
       0.699536         9.02483         6.82674 
       0.705665         8.91948         6.69571 
       0.711789         8.77823         6.56826 
       0.717957         8.63235         6.44331 
        0.72409         8.48241         6.32235 
       0.730186         8.35614         6.20529 
       0.736317         8.27041          6.0906 
       0.742472         8.13906         5.97843 
       0.748622         7.99664         5.86923 
        0.75476         7.84022         5.76302 
       0.760888         7.74549         5.65963 
       0.767043         7.65071         5.55838 
       0.773185          7.4935         5.45984 
       0.779291         7.41978         5.36426 
       0.785407         7.29764         5.27086 
       0.791564         7.19122          5.1791 
       0.797719         7.07064          5.0896 
       0.803834         7.00705         5.00279 
       0.809972         6.92251         4.91771 
       0.816124         6.78391         4.83445 
       0.822261         6.67726         4.75335 
       0.828378         6.58965         4.67437 
       0.834502         6.53783         4.59713 
       0.840667         6.40328         4.52115 
       0.846816         6.30469         4.44712 
       0.852925         6.24953         4.37522 
       0.859047          6.1679         4.30478 
       0.865192          6.1037         4.23567 
       0.871341         6.03066         4.16805 
       0.877463         5.93986         4.10221 
       0.883569         5.83373         4.03798 
       0.889708         5.74987         3.97481 
       0.895864         5.69561         3.91283 
       0.902008         5.61665         3.85232 
       0.908149         5.55795         3.79313 
       0.914301         5.45854          3.7351 
       0.920448         5.39562         3.67834 
       0.926574         5.31693         3.62298 
       0.932687         5.26343         3.56888 
       0.938823         5.20376         3.51569 
       0.944975         5.13364         3.46348 
       0.951105         5.07872         3.41252 
       0.957225         5.04708         3.36268 
       0.963368         4.97245         3.31368 
       0.969511         4.90434         3.26566 
       0.975621         4.83733         3.21885 
       0.981748         4.79446         3.17284 
       0.987916         4.73715         3.12745 
        0.99406         4.65446         3.08313 
        1.00019         4.61103         3.03976 
        1.00632           4.572         2.99726 
        1.01246         4.51638         2.95553 
        1.01859         4.45901         2.91466 
        1.02471         4.40891         2.87461 
        1.03085         4.36262         2.83519 
        1.03698          4.3029          2.7966 
        1.04314         4.27045         2.75856 
        1.04929         4.21329         2.72133 
        1.05541         4.16556         2.68494 
        1.06154         4.12485         2.64913 
        1.06769         4.09574         2.61392 
        1.07382         4.03238         2.57946 
        1.07993          3.9784         2.54572 
        1.08607         3.96033         2.51243 
        1.09222         3.90823         2.47972 
        1.09836         3.87539         2.44762 
        1.10449         3.83327         2.41614 
        1.11063         3.78702         2.38518 
        1.11677         3.75255         2.35477 
         1.1229         3.70861         2.32495 
        1.12903         3.67069         2.29562 
        1.13518         3.63831         2.26678 
        1.14131         3.58851         2.23845 
        1.14745         3.53792         2.21062 
        1.15359         3.52353         2.18327 
        1.15973          3.4767         2.15637 
        1.16584         3.45213         2.13004 
        1.17197          3.4165         2.10412 
        1.17811         3.38443         2.07856 
        1.18424         3.35671         2.05349 
        1.19038         3.32372         2.02877 
        1.19652         3.29215         2.00447 
        1.20267         3.25778         1.98056 
        1.20881          3.2306         1.95705 
        1.21495         3.19915         1.93397 
        1.22108         3.17095         1.91126 
         1.2272         3.14972         1.88897 
        1.23334         3.10894         1.86698 
        1.23949         3.07377          1.8453 
        1.24562         3.05944         1.82402 
        1.25174          3.0225         1.80311 
        1.25789         2.99963         1.78247 
        1.26402         2.96612         1.76219 
        1.27014         2.93878         1.74227 
        1.27628         2.92618         1.72261 
        1.28244         2.88636         1.70321 
        1.28858         2.86784         1.68414 
        1.29471         2.84012          1.6654 
        1.30084           2.812         1.64697 
        1.30697         2.80222         1.62879 
        1.31312         2.75275         1.61086 
        1.31925         2.74305         1.59326 
        1.32537         2.72082         1.57594 
        1.33151         2.70314         1.55882 
        1.33765         2.66951         1.54196 
        1.34378         2.64883         1.52539 
        1.34992         2.63885         1.50905 
        1.35606         2.60103         1.49291 
         1.3622         2.58933         1.47704 
        1.36833         2.56572         1.46143 
        1.37445         2.54306         1.44607 
        1.38059         2.53015         1.43087 
        1.38675         2.51639         1.41586 
        1.39288         2.48606         1.40113 
        1.39901         2.46785         1.38661 
        1.40515         2.44788         1.37226 
         1.4113         2.43173         1.35813 
        1.41742         2.41319         1.34425 
        1.42355         2.39988         1.33054 
         1.4297          2.3753         1.31698 
        1.43585         2.36233         1.30361 
        1.44198         2.35151         1.29048 
        1.44809         2.32447         1.27756 
        1.45423         2.30527         1.26477 
        1.46036         2.29001         1.25217 
        1.46649          2.2724         1.23975 
        1.47263         2.25781         1.22748 
        1.47877         2.23868         1.21538 
        1.48491         2.22309         1.20343 
        1.49104         2.21339         1.19167 
        1.49718         2.19954         1.18006 
        1.50333         2.18638         1.16858 
        1.50947          2.1711         1.15727 
         1.5156         2.15488         1.14614 
        1.52172         2.14296         1.13515 
        1.52787         2.12526         1.12428 
          1.534         2.11371         1.11357 
        1.54013         2.10085         1.10301 
        1.54627         2.08157         1.09257 
        1.55241         2.06979         1.08226 
        1.55855         2.06207         1.07211 
        1.56467         2.04904          1.0621 
         1.5708         2.03025          1.0522 
        1.57695         2.01937         1.04241 
        1.58308          2.0125         1.03277 
        1.58922         1.99926         1.02325 
        1.59535         1.99043         1.01384 
         1.6015         1.98133         1.00455 
        1.60764         1.97001        0.995373 
        1.61376          1.9588        0.986338 
        1.61989         1.94413        0.977408 
        1.62604         1.93659         0.96857 
        1.63218         1.93485        0.959846 
        1.63831         1.91557        0.951251 
        1.64444          1.9059        0.942758 
        1.65059         1.90542        0.934349 
        1.65673         1.89503        0.926052 
        1.66285         1.88405        0.917878 
        1.66898          1.8828        0.909802 
        1.67512         1.87104        0.901807 
        1.68127         1.86154        0.893901 
         1.6874          1.8587        0.886107 
        1.69353         1.84919        0.878411 
        1.69967          1.8456        0.870789 
        1.70581         1.84488         0.86326 
        1.71193         1.83764        0.855849 
        1.71806         1.83055        0.848509 
        1.72421         1.82753        0.841241 
        1.73035         1.82706        0.834066 
        1.73649         1.81986        0.826977 
        1.74262          1.8173        0.819976 
        1.74876         1.81286        0.813052 
        1.75489         1.80673        0.806222 
        1.76101         1.80433        0.799473 
        1.76715         1.80731        0.792792 
        1.77329         1.80033        0.786179 
        1.77943         1.79764        0.779639 
        1.78557         1.79675        0.773184 
        1.79171         1.79912          0.7668 
        1.79785         1.79554        0.760488 
        1.80399         1.80101        0.754248 
        1.81012         1.80197        0.748087 
        1.81625         1.80145        0.741998 
        1.82239         1.80856        0.735967 
        1.82853         1.80143        0.730007 
        1.83466         1.79973        0.724119 
        1.84078         1.80331        0.718301 
        1.84692           1.807        0.712539 
        1.85306         1.81142        0.706833 
         1.8592         1.81229        0.701199 
        1.86533         1.82183        0.695629 
        1.87147         1.83009        0.690113 
        1.87761         1.82875        0.684655 
        1.88375         1.82651        0.679263 
        1.88988         1.83461        0.673934 
        1.89601         1.84275         0.66866 
        1.90215         1.84679        0.663438 
        1.90829         1.85358        0.658274 
        1.91442         1.86038        0.653165 
        1.92056          1.8682        0.648114 
         1.9267         1.87434        0.643112 
        1.93284         1.88241         0.63816 
        1.93897         1.89116        0.633269 
        1.94509         1.90714        0.628441 
        1.95123         1.91107         0.62365 
        1.95737         1.92135        0.618906 
        1.96349         1.93641        0.614224 
        1.96964         1.93994        0.609576 
        1.97578         1.95471        0.604975 
        1.98192         1.96445        0.600431 
        1.98805         1.97365        0.595933 
        1.99419         1.98458        0.591481 
        2.00033         2.00219        0.587072 
        2.00647          2.0223         0.58271 
         2.0126         2.02527        0.578399 
        2.01874          2.0417        0.574126 
        2.02488         2.06155        0.569892 
        2.03101         2.07573        0.565709 
        2.03714         2.08867        0.561571 
        2.04328         2.09911        0.557471 
        2.04941         2.12347        0.553415 
        2.05554         2.14618        0.549402 
        2.06167         2.15912        0.545424 
        2.06781         2.17374        0.541484 
        2.07396         2.19864        0.537579 
        2.08009         2.22008        0.533718 
        2.08622         2.23482          0.5299 
        2.09237         2.25724        0.526111 
        2.09851         2.28027         0.52236 
        2.10464         2.30413         0.51865 
        2.11077         2.32961        0.514982 
        2.11691         2.35129        0.511341 
        2.12305         2.37199        0.507735 
        2.12918         2.40058        0.504172 
        2.13531         2.42177        0.500643 
        2.14145         2.44495         0.49714 
         2.1476         2.47684        0.493667 
        2.15372         2.51154        0.490244 
        2.15985         2.52629         0.48685 
        2.16599         2.56353        0.483478 
        2.17213         2.59404        0.480142 
        2.17827         2.62438        0.476838 
         2.1844         2.66059        0.473569 
        2.19054         2.68855        0.470329 
        2.19666         2.71525        0.467123 
         2.2028          2.7297        0.463945 
        2.20893         2.78086        0.460795 
        2.21508         2.79849        0.457671 
        2.22122         2.86359        0.454575 
        2.22736         2.90524        0.451514 
        2.23349         2.92933        0.448482 
        2.23962         2.96955        0.445476 
        2.24577         3.00422        0.442495 
         2.2519         3.04855        0.439545 
        2.25802         3.08436        0.436628 
        2.26417         3.12987        0.433728 
        2.27031         3.17964        0.430853 
        2.27644         3.21857        0.428012 
        2.28257         3.25749        0.425196 
        2.28872         3.29731        0.422401 
        2.29486         3.35243        0.419632 
        2.30099         3.39813        0.416893 
        2.30712         3.45275        0.414177 
        2.31326         3.50468        0.411481 
         2.3194         3.54173        0.408811 
        2.32553         3.59585        0.406169 
        2.33166         3.65026        0.403551 
         2.3378         3.68847        0.400953 
        2.34394         3.77881        0.398377 
        2.35007         3.80574        0.395827 
        2.35619          3.8614        0.393303 
        2.36233         3.94745        0.390794 
        2.36848         3.98406        0.388303 
        2.37462         4.07049        0.385838 
        2.38075         4.12076        0.383397 
        2.38689         4.20075        0.380976 
        2.39303         4.23538        0.378575 
        2.39916         4.31806        0.376198 
        2.40529         4.36638        0.373841 
        2.41143         4.43466        0.371503 
        2.41757         4.52519        0.369184 
         2.4237         4.57672        0.366889 
        2.42983         4.65562        0.364613 
        2.43598         4.69857        0.362351 
        2.44211         4.80286        0.360112 
        2.44823          4.8853        0.357897 
        2.45437         4.94673        0.355694 
        2.46052         5.03252        0.353508 
        2.46665         5.11774        0.351344 
        2.47279         5.17792        0.349199 
        2.47892         5.26516        0.347071 
        2.48507         5.37131        0.344958 
         2.4912         5.45473        0.342867 
        2.49733          5.5366        0.340795 
        2.50347         5.62485        0.338736 
        2.50961         5.71958        0.336694 
        2.51575         5.82491         0.33467 
        2.52188         5.88731        0.332665 
        2.52802         5.96468        0.330674 
        2.53416         6.09779        0.328699 
        2.54029         6.18729        0.326744 
        2.54641         6.30666        0.324805 
        2.55255         6.36255         0.32288 
        2.55869         6.49617        0.320967 
        2.56483         6.59451        0.319073 
        2.57096         6.67428        0.317196 
        2.57709         6.80449        0.315334 
        2.58323         6.91649        0.313485 
        2.58937         7.00421         0.31165 
        2.59551         7.15088        0.309831 
        2.60164         7.26329        0.308028 
        2.60778         7.36985        0.306237 
        2.61392         7.50451        0.304462 
        2.62006         7.56368          0.3027 
        2.62619         7.72236        0.300955 
        2.63232         7.83201        0.299223 
        2.63846         8.00763        0.297503 
        2.64459         8.08977        0.295798 
        2.65072         8.24852        0.294107 
        2.65686         8.33099        0.292429 
          2.663         8.48014        0.290761 
        2.66915         8.61489        0.289106 
        2.67527         8.75452        0.287469 
        2.68141         8.88234        0.285842 
        2.68755         8.99419        0.284227 
        2.69368         9.11449        0.282626 
        2.69981         9.27136        0.281039 
        2.70595         9.40276        0.279461 
        2.71209         9.52443        0.277894 
        2.71823         9.70075        0.276342 
        2.72436         9.74716        0.274802 
         2.7305         9.91237        0.273273 
        2.73663         10.1495        0.271756 
        2.74276           10.29        0.270252 
         2.7489         10.4054        0.268757 
        2.75504         10.5318        0.267273 
        2.76118         10.6872          0.2658 
        2.76732         10.8125         0.26434 
        2.77345         11.0309        0.262891 
        2.77959         11.1451        0.261453 
        2.78572         11.2694        0.260025 
        2.79186         11.5161        0.258609 
        2.79798          11.549        0.257205 
        2.80412         11.7155        0.255809 
        2.81027          11.948        0.254422 
         2.8164         12.0056        0.253047 
        2.82253         12.1384        0.251684 
        2.82867         12.2322        0.250329 
        2.83481          12.463        0.248984 
        2.84095         12.6322        0.247649 
        2.84708         12.7589        0.246326 
        2.85322         12.8865         0.24501 
        2.85935         13.1174        0.243705 
        2.86549         13.2052         0.24241 
        2.87162         13.3209        0.241124 
        2.87776         13.4463        0.239848 
        2.88389          13.715         0.23858 
        2.89003         13.7725        0.237322 
        2.89617         13.9535        0.236073 
        2.90231         14.0121        0.234832 
        2.90844         14.2169        0.233601 
        2.91458         14.4217        0.232379 
        2.92071         14.5341        0.231167 
        2.92684         14.6302        0.229963 
        2.93298         14.8312        0.228767 
         2.9391         14.8371        0.227582 
        2.94524         14.9542        0.226403 
        2.95138            15.2        0.225233 
        2.95752         15.2625        0.224069 
        2.96367         15.3754        0.222914 
         2.9698         15.5523        0.221769 
        2.97594         15.6702        0.220631 
        2.98207         15.7491        0.219501 
        2.98821         15.8742         0.21838 
        2.99434         15.9005        0.217267 
        3.00048         16.0488         0.21616 
        3.00662         16.1161        0.215062 
        3.01275         16.3257        0.213972 
        3.01888         16.2297         0.21289 
        3.02503         16.4953        0.211813 
        3.03117         16.5633        0.210745 
        3.03729         16.6556        0.209686 
        3.04342         16.6309        0.208634 
        3.04957         16.6123        0.207586 
         3.0557         16.8648        0.206548 
        3.06183         16.8658        0.205518 
        3.06796         16.9906        0.204494 
        3.07411         17.0051        0.203475 
        3.08025          17.073        0.202465 
        3.08637         17.2099        0.201463 
         3.0925         17.1648        0.200467 
        3.09865         17.0709        0.199475 
         3.1048         17.1298        0.198491 
        3.11093         17.1262        0.197515 
        3.11706         17.2161        0.196546 
         3.1232         17.1262        0.195583 
        3.12933         17.0433        0.194625 
        3.13547          17.081        0.193675 
        3.14159          15.719        0.192733 
