# k  (h/Mpc)    P(k)  (Mpc/h)^3    P_linear(k)  (Mpc/h)^3
     0.00783031         8515.63         8529.51 
       0.013688         10550.5         10480.2 
       0.019231         10588.6         10556.4 
      0.0249154         9616.94         9703.37 
      0.0312784         8334.02          8350.2 
      0.0375637         7105.03          7079.6 
      0.0433917         6101.24         6154.29 
      0.0492413          5502.1         5494.07 
      0.0555754         4915.12         5011.65 
      0.0619321         4693.74         4656.85 
       0.067871          4277.5         4347.99 
      0.0738098         3944.56         4006.88 
      0.0800417         3526.82         3604.88 
      0.0862327         3163.29         3190.38 
      0.0921407          2833.9         2822.38 
      0.0982031          2506.2         2506.85 
       0.104506         2325.43         2260.98 
       0.110769         2155.52         2093.01 
       0.116806         2023.64         1982.04 
       0.122832         1938.87         1894.78 
       0.129052         1815.64         1804.46 
       0.135211         1720.24         1699.42 
       0.141259         1627.24         1578.85 
       0.147318          1516.5         1448.95 
       0.153489         1379.98         1320.62 
       0.159709         1287.23         1207.76 
       0.165845         1225.33         1119.37 
       0.171974         1149.07         1053.96 
       0.178125         1100.05         1006.15 
       0.184229         1062.35         968.499 
        0.19034         999.207         932.641 
       0.196428         980.306         893.085 
       0.202534         944.738         847.473 
       0.208729         893.964         796.592 
       0.214876         843.046         745.298 
       0.220989         811.056         697.664 
       0.227147         767.774         656.194 
        0.23329         734.917          622.51 
       0.239377         718.712         595.969 
       0.245482         672.243         574.144 
       0.251667         667.874         554.349 
       0.257832         646.893          534.61 
       0.263955         623.665         513.666 
       0.270079         600.732         491.195 
        0.27624         591.963         467.789 
       0.282372         566.619         444.966 
        0.28843          551.76         424.035 
       0.294538         525.529         405.338 
       0.300721         520.548         389.044 
        0.30691         497.088         374.994 
       0.313033         488.087         362.614 
       0.319153         471.365         350.948 
       0.325316         458.861         339.279 
        0.33145         445.009          327.42 
       0.337538         439.982         315.421 
       0.343633         425.376         303.442 
       0.349808         411.406         291.711 
       0.355968         406.929         280.769 
       0.362074         397.619         270.838 
       0.368217         387.592         261.808 
       0.374374         373.054         253.553 
       0.380519         369.202         245.883 
       0.386598         360.366         238.625 
       0.392688         357.034         231.486 
        0.39888         347.318          224.29 
       0.405048         340.205         217.194 
       0.411186         333.339         210.273 
       0.417313         326.624         203.624 
       0.423458         321.506         197.305 
       0.429607         314.402         191.362 
       0.435692         305.831         185.868 
       0.441815         303.931         180.671 
       0.447964         298.107         175.705 
       0.454126         287.604         170.912 
       0.460267         284.455         166.274 
       0.466387         280.932         161.751 
        0.47254         274.817         157.301 
       0.478662         273.695         153.003 
       0.484765          265.24         148.872 
       0.490885         262.004         144.899 
       0.497035         258.268         141.083 
       0.503198         252.373         137.443 
       0.509342         250.202         133.979 
       0.515458         246.504         130.665 
       0.521598         242.681         127.446 
       0.527764         238.723         124.308 
       0.533884         236.081         121.283 
           0.54         232.468         118.347 
       0.546137         231.414         115.486 
       0.552299         226.829         112.703 
       0.558452         224.042          110.02 
       0.564573         220.367          107.45 
       0.570708          216.53         104.971 
       0.576825         213.619         102.587 
       0.582926         210.848         100.288 
       0.589034         208.504         98.0553 
       0.595184         206.343         95.8713 
       0.601379         204.012         93.7352 
       0.607522         200.105          91.679 
       0.613639         198.907         89.6921 
       0.619772         194.591         87.7598 
       0.625918         193.137         85.8817 
       0.632068         190.678         84.0587 
       0.638161         189.431         82.3063 
         0.6443         186.564         80.5929 
       0.650464         184.836         78.9238 
       0.656582         182.948         77.3153 
       0.662703         180.842         75.7522 
       0.668861         177.868         74.2241 
       0.675024         176.013         72.7372 
       0.681124         175.106         71.3058 
       0.687237         172.213         69.9098 
       0.693381         169.777         68.5445 
       0.699536         168.655         67.2131 
       0.705665         168.352          65.923 
       0.711789          164.82         64.6683 
       0.717957         164.274          63.438 
        0.72409         162.003         62.2471 
       0.730186         159.717         61.0945 
       0.736317          158.68         59.9654 
       0.742472         157.676          58.861 
       0.748622         156.158         57.7859 
        0.75476         154.816         56.7402 
       0.760888         152.705         55.7222 
       0.767043         151.769         54.7254 
       0.773185         150.139         53.7552 
       0.779291         147.935         52.8142 
       0.785407         147.156         51.8945 
       0.791564           145.9         50.9912 
       0.797719         143.649         50.1099 
       0.803834         143.125         49.2552 
       0.809972          141.51         48.4176 
       0.816124         141.236         47.5978 
       0.822261          139.48         46.7993 
       0.828378         138.135         46.0217 
       0.834502         137.675         45.2613 
       0.840667         135.667         44.5132 
       0.846816         134.354         43.7843 
       0.852925         133.411         43.0765 
       0.859047         131.998          42.383 
       0.865192         131.244         41.7025 
       0.871341         129.938         41.0367 
       0.877463         128.716         40.3886 
       0.883569         127.742         39.7562 
       0.889708         126.836         39.1342 
       0.895864          125.66          38.524 
       0.902008         124.704         37.9282 
       0.908149         124.085         37.3455 
       0.914301         122.765         36.7741 
       0.920448         121.827         36.2153 
       0.926574         120.988         35.6702 
       0.932687         120.612         35.1375 
       0.938823         118.922         34.6139 
       0.944975         117.699         34.0999 
       0.951105         117.095         33.5982 
       0.957225         115.764         33.1075 
       0.963368         114.923          32.625 
       0.969511         114.678         32.1522 
       0.975621         113.989         31.6913 
       0.981748         112.961         31.2384 
       0.987916         112.054         30.7915 
        0.99406         111.155         30.3551 
        1.00019         110.467         29.9281 
        1.00632          109.48         29.5097 
        1.01246         108.788         29.0988 
        1.01859         107.623         28.6964 
        1.02471         107.473         28.3021 
        1.03085         106.276          27.914 
        1.03698          105.53          27.534 
        1.04314         104.639         27.1596 
        1.04929         104.028          26.793 
        1.05541         103.144         26.4347 
        1.06154         102.684         26.0821 
        1.06769         102.281         25.7354 
        1.07382         101.705         25.3962 
        1.07993         100.887          25.064 
        1.08607         99.9791         24.7363 
        1.09222         99.5163         24.4142 
        1.09836         98.6081         24.0982 
        1.10449         97.9625         23.7882 
        1.11063         97.4236         23.4833 
        1.11677         96.8143          23.184 
         1.1229         95.7459         22.8904 
        1.12903         94.9492         22.6016 
        1.13518         94.9838         22.3177 
        1.14131         94.3355         22.0388 
        1.14745         93.4273         21.7648 
        1.15359         92.9379         21.4955 
        1.15973         92.4953         21.2306 
        1.16584         91.6628         20.9714 
        1.17197         91.1846         20.7162 
        1.17811         90.5338         20.4645 
        1.18424         89.8407         20.2177 
        1.19038          89.438         19.9743 
        1.19652         89.0222         19.7351 
        1.20267         88.2311         19.4997 
        1.20881         87.8517         19.2683 
        1.21495         87.1598         19.0409 
        1.22108         86.5876         18.8174 
         1.2272         85.7606         18.5979 
        1.23334         85.5708         18.3814 
        1.23949          84.837         18.1679 
        1.24562          84.592         17.9585 
        1.25174         84.0252         17.7526 
        1.25789         83.5577         17.5493 
        1.26402         83.0066         17.3497 
        1.27014         82.2653         17.1536 
        1.27628         81.9492           16.96 
        1.28244         81.4766          16.769 
        1.28858         81.0184         16.5812 
        1.29471          80.424         16.3968 
        1.30084         80.0412         16.2153 
        1.30697         79.5425         16.0363 
        1.31312         79.1922         15.8598 
        1.31925         78.7619         15.6865 
        1.32537         78.3765          15.516 
        1.33151         77.7152         15.3474 
        1.33765         77.2223         15.1814 
        1.34378         76.6703         15.0183 
        1.34992         76.4364         14.8574 
        1.35606         76.0369         14.6985 
         1.3622         75.5205         14.5422 
        1.36833         75.2091         14.3886 
        1.37445         74.7523         14.2373 
        1.38059         74.2021         14.0877 
        1.38675          73.755         13.9399 
        1.39288         73.3095         13.7948 
        1.39901          73.153         13.6519 
        1.40515         72.7581         13.5107 
         1.4113         72.1788         13.3715 
        1.41742         72.0475         13.2348 
        1.42355         71.4261         13.0998 
         1.4297         71.0424         12.9663 
        1.43585         70.5672         12.8347 
        1.44198         70.3853         12.7055 
        1.44809         70.0315         12.5782 
        1.45423         69.6722         12.4523 
        1.46036         69.3908         12.3283 
        1.46649         68.9627          12.206 
        1.47263         68.6289         12.0852 
        1.47877         68.2299         11.9661 
        1.48491         67.8009         11.8484 
        1.49104         67.4641         11.7326 
        1.49718          67.031         11.6183 
        1.50333         66.7169         11.5053 
        1.50947         66.4275          11.394 
         1.5156         66.0815         11.2843 
        1.52172         65.8713         11.1762 
        1.52787         65.6031         11.0692 
          1.534         65.1941         10.9637 
        1.54013         64.7585         10.8598 
        1.54627         64.4781          10.757 
        1.55241         64.1767         10.6555 
        1.55855         63.7351         10.5554 
        1.56467         63.4007          10.457 
         1.5708         63.2832         10.3595 
        1.57695         63.0362         10.2631 
        1.58308         62.5422         10.1682 
        1.58922         62.5233         10.0744 
        1.59535         62.2365         9.98183 
         1.6015         61.6397          9.8903 
        1.60764          61.463         9.79997 
        1.61376         61.1072         9.71101 
        1.61989         60.7487          9.6231 
        1.62604         60.4842         9.53608 
        1.63218         60.3773         9.45019 
        1.63831         60.0049         9.36556 
        1.64444          59.671         9.28195 
        1.65059         59.2614         9.19915 
        1.65673         59.1755         9.11746 
        1.66285         58.8089         9.03699 
        1.66898         58.5614         8.95747 
        1.67512          58.242         8.87876 
        1.68127         57.9159         8.80092 
         1.6874         57.8051         8.72419 
        1.69353         57.5415         8.64842 
        1.69967         57.0827         8.57337 
        1.70581         57.1261         8.49924 
        1.71193          56.807         8.42627 
        1.71806         56.3423         8.35401 
        1.72421         56.3021         8.28245 
        1.73035         55.8877         8.21181 
        1.73649         55.5618         8.14202 
        1.74262           55.42         8.07309 
        1.74876         55.2246         8.00492 
        1.75489         54.8906         7.93767 
        1.76101         54.7472         7.87122 
        1.76715         54.4412         7.80544 
        1.77329         54.2284         7.74034 
        1.77943         53.8736         7.67595 
        1.78557         53.7472         7.61239 
        1.79171         53.4641         7.54955 
        1.79785         53.3058          7.4874 
        1.80399         53.0666         7.42596 
        1.81012         52.9362          7.3653 
        1.81625         52.5108         7.30535 
        1.82239          52.352         7.24598 
        1.82853         51.9644          7.1873 
        1.83466         51.7957         7.12932 
        1.84078         51.5363         7.07205 
        1.84692         51.2733         7.01532 
        1.85306         51.1368         6.95914 
         1.8592         50.8466         6.90366 
        1.86533         50.6452         6.84882 
        1.87147         50.4709         6.79452 
        1.87761         50.3788         6.74078 
        1.88375         50.0213         6.68769 
        1.88988         49.9786         6.63523 
        1.89601          49.636          6.5833 
        1.90215         49.3917         6.53188 
        1.90829         49.2604         6.48105 
        1.91442         48.9384         6.43074 
        1.92056         48.7891         6.38102 
         1.9267          48.583         6.33177 
        1.93284         48.3605         6.28301 
        1.93897         48.1085         6.23486 
        1.94509         47.8591         6.18732 
        1.95123         47.8103         6.14015 
        1.95737         47.5578         6.09345 
        1.96349         47.3645         6.04735 
        1.96964         47.1704         6.00159 
        1.97578         46.9361         5.95629 
        1.98192          46.828         5.91155 
        1.98805         46.6351         5.86726 
        1.99419         46.4058         5.82343 
        2.00033         46.1327         5.78002 
        2.00647         46.0222         5.73707 
         2.0126         45.8303         5.69463 
        2.01874         45.5727         5.65256 
        2.02488         45.4552         5.61087 
        2.03101          45.289         5.56969 
        2.03714         45.0864         5.52895 
        2.04328         44.8437         5.48858 
        2.04941         44.6267         5.44865 
        2.05554          44.445         5.40914 
        2.06167         44.4293         5.36997 
        2.06781         44.1402         5.33119 
        2.07396         43.9373         5.29273 
        2.08009          43.765         5.25472 
        2.08622         43.5142         5.21713 
        2.09237         43.3674         5.17983 
        2.09851           43.19         5.14289 
        2.10464         43.0808         5.10638 
        2.11077         42.8866         5.07026 
        2.11691          42.672         5.03441 
        2.12305         42.4141          4.9989 
        2.12918         42.3706         4.96383 
        2.13531          42.073         4.92909 
        2.14145         42.0255          4.8946 
         2.1476         41.8198          4.8604 
        2.15372         41.6443         4.82669 
        2.15985         41.4431         4.79328 
        2.16599         41.3662         4.76008 
        2.17213          41.156         4.72724 
        2.17827         40.9708         4.69471 
         2.1844         40.7611         4.66252 
        2.19054         40.6311         4.63062 
        2.19666         40.4689         4.59906 
         2.2028         40.2617         4.56777 
        2.20893         40.1931         4.53676 
        2.21508         39.9959           4.506 
        2.22122         39.7861         4.47552 
        2.22736         39.6584         4.44538 
        2.23349         39.4855         4.41553 
        2.23962         39.3153         4.38593 
        2.24577         39.1569         4.35658 
         2.2519         39.0317         4.32754 
        2.25802         38.8731         4.29882 
        2.26417         38.6879         4.27027 
        2.27031          38.605         4.24196 
        2.27644         38.4177         4.21399 
        2.28257         38.2457         4.18627 
        2.28872         38.0977         4.15875 
        2.29486         37.9036         4.13148 
        2.30099          37.862         4.10452 
        2.30712         37.6721         4.07778 
        2.31326         37.5425         4.05124 
         2.3194         37.2747         4.02494 
        2.32553         37.2143         3.99893 
        2.33166         37.0707         3.97316 
         2.3378         36.8279         3.94758 
        2.34394         36.6467         3.92222 
        2.35007         36.5589         3.89711 
        2.35619         36.4354         3.87226 
        2.36233         36.3429         3.84756 
        2.36848         36.1359         3.82303 
        2.37462         36.0344         3.79877 
        2.38075         35.9005         3.77474 
        2.38689          35.823         3.75089 
        2.39303         35.6318         3.72726 
        2.39916         35.4234         3.70385 
        2.40529         35.2118         3.68065 
        2.41143         35.2183         3.65763 
        2.41757         35.0228          3.6348 
         2.4237         34.9651          3.6122 
        2.42983         34.7656          3.5898 
        2.43598          34.641         3.56752 
        2.44211         34.4715         3.54548 
        2.44823         34.3655         3.52367 
        2.45437         34.2698         3.50198 
        2.46052          34.114         3.48046 
        2.46665         34.0418         3.45916 
        2.47279         33.8803         3.43804 
        2.47892         33.6846         3.41708 
        2.48507         33.6177         3.39628 
         2.4912         33.5383          3.3757 
        2.49733         33.3634         3.35529 
        2.50347         33.2141         3.33502 
        2.50961         33.1885         3.31491 
        2.51575         33.0311         3.29499 
        2.52188         32.8514         3.27525 
        2.52802          32.788         3.25565 
        2.53416         32.6823          3.2362 
        2.54029           32.49         3.21695 
        2.54641         32.4465         3.19786 
        2.55255         32.3194         3.17891 
        2.55869         32.2399         3.16008 
        2.56483          32.078         3.14143 
        2.57096         31.9453         3.12295 
        2.57709         31.8285         3.10462 
        2.58323         31.7682         3.08641 
        2.58937         31.6266         3.06834 
        2.59551         31.5468         3.05044 
        2.60164         31.4673         3.03269 
        2.60778         31.3073         3.01506 
        2.61392         31.1684         2.99757 
        2.62006         31.0513         2.98023 
        2.62619         31.0072         2.96305 
        2.63232         30.8622         2.94599 
        2.63846         30.7615         2.92906 
        2.64459         30.6726         2.91228 
        2.65072         30.5517         2.89563 
        2.65686         30.4411          2.8791 
          2.663         30.3679         2.86268 
        2.66915         30.2586         2.84639 
        2.67527         30.1911         2.83027 
        2.68141         30.0724         2.81425 
        2.68755         30.0026         2.79835 
        2.69368         29.8639         2.78259 
        2.69981         29.7862         2.76696 
        2.70595         29.7045         2.75142 
        2.71209         29.5944           2.736 
        2.71823         29.4851         2.72072 
        2.72436         29.4894         2.70556 
         2.7305         29.3289          2.6905 
        2.73663         29.2514         2.67556 
        2.74276         29.1587         2.66076 
         2.7489         29.1345         2.64605 
        2.75504         28.9992         2.63143 
        2.76118         28.9614         2.61693 
        2.76732         28.8359         2.60255 
        2.77345          28.757         2.58828 
        2.77959          28.697         2.57412 
        2.78572         28.6318         2.56007 
        2.79186         28.5401         2.54613 
        2.79798         28.4904         2.53231 
        2.80412         28.3696         2.51856 
        2.81027         28.3682          2.5049 
         2.8164         28.2444         2.49137 
        2.82253         28.2162         2.47794 
        2.82867         28.1447         2.46461 
        2.83481          28.077         2.45137 
        2.84095         27.9774         2.43822 
        2.84708         27.9228         2.42519 
        2.85322         27.8581         2.41224 
        2.85935         27.8296         2.39939 
        2.86549         27.7853         2.38664 
        2.87162         27.7318         2.37398 
        2.87776         27.6686         2.36141 
        2.88389         27.5768         2.34893 
        2.89003         27.5418         2.33655 
        2.89617          27.521         2.32425 
        2.90231         27.4428         2.31203 
        2.90844          27.403         2.29991 
        2.91458         27.3663         2.28788 
        2.92071         27.3161         2.27595 
        2.92684         27.2933         2.26409 
        2.93298         27.1637         2.25232 
         2.9391         27.1579         2.24065 
        2.94524         27.1059         2.22905 
        2.95138         27.0673         2.21752 
        2.95752         27.0824         2.20607 
        2.96367         26.9897         2.19469 
         2.9698         27.0183         2.18342 
        2.97594         26.9354         2.17221 
        2.98207         26.8711         2.16109 
        2.98821          26.859         2.15005 
        2.99434         26.8273         2.13909 
        3.00048          26.842          2.1282 
        3.00662         26.8221         2.11738 
        3.01275          26.775         2.10665 
        3.01888         26.7692           2.096 
        3.02503         26.7634          2.0854 
        3.03117         26.7163         2.07488 
        3.03729         26.6974         2.06446 
        3.04342          26.696          2.0541 
        3.04957         26.6595         2.04378 
         3.0557         26.6749         2.03356 
        3.06183         26.6457         2.02342 
        3.06796         26.6474         2.01334 
        3.07411         26.6717         2.00331 
        3.08025         26.6195         1.99336 
        3.08637         26.6438          1.9835 
         3.0925         26.6488         1.97369 
        3.09865         26.6804         1.96393 
         3.1048         26.6713         1.95423 
        3.11093         26.6617         1.94463 
        3.11706          26.686         1.93508 
         3.1232          26.701          1.9256 
        3.12933         26.7196         1.91618 
        3.13547         26.7047         1.90682 
        3.14159         26.6968         1.89755 
