# k  (h/Mpc)    P(k)  (Mpc/h)^3    P_linear(k)  (Mpc/h)^3
     0.00783031         4650.33         4656.52 
       0.013688         5742.64         5723.11 
       0.019231         5779.29         5765.57 
      0.0249154         5274.71         5300.16 
      0.0312784         4566.35         4561.34 
      0.0375637         3886.83         3867.44 
      0.0433917         3350.91         3362.06 
      0.0492413         3016.15         3001.44 
      0.0555754         2708.28         2737.95 
      0.0619321          2571.1         2544.15 
       0.067871          2356.9         2375.43 
      0.0738098         2173.56         2189.09 
      0.0800417         1948.07         1969.48 
      0.0862327         1741.64         1743.03 
      0.0921407         1552.36         1541.99 
      0.0982031         1373.21         1369.61 
       0.104506         1265.11         1235.28 
       0.110769         1172.86         1143.51 
       0.116806         1100.51         1082.89 
       0.122832         1056.73         1035.22 
       0.129052         993.822         985.874 
       0.135211         939.987         928.487 
       0.141259         884.759         862.613 
       0.147318         821.613         791.643 
       0.153489         747.299         721.527 
       0.159709         692.185         659.869 
       0.165845         655.221         611.574 
       0.171974         611.719         575.837 
       0.178125         587.053         549.718 
       0.184229          567.52         529.148 
        0.19034         535.208         509.557 
       0.196428         523.238         487.945 
       0.202534         503.718         463.025 
       0.208729          474.43         435.226 
       0.214876          444.75         407.201 
       0.220989         425.673         381.176 
       0.227147         399.993         358.519 
        0.23329         382.201         340.115 
       0.239377         371.819         325.614 
       0.245482         349.534          313.69 
       0.251667         345.641         302.875 
       0.257832         335.497          292.09 
       0.263955         322.527         280.648 
       0.270079          310.43         268.371 
        0.27624         303.519         255.582 
       0.282372         290.471         243.113 
        0.28843         279.438         231.677 
       0.294538         267.661         221.462 
       0.300721         262.884         212.559 
        0.30691         250.748         204.883 
       0.313033         245.288         198.119 
       0.319153         235.143         191.745 
       0.325316          230.32          185.37 
        0.33145         222.408          178.89 
       0.337538         218.874         172.334 
       0.343633         211.257          165.79 
       0.349808         204.714          159.38 
       0.355968         200.567         153.402 
       0.362074         194.448         147.976 
       0.368217         189.613         143.042 
       0.374374         183.958         138.532 
       0.380519         180.279         134.342 
       0.386598         175.791         130.376 
       0.392688         172.861         126.475 
        0.39888         168.605         122.544 
       0.405048         164.704         118.667 
       0.411186         161.076         114.886 
       0.417313         157.027         111.253 
       0.423458         153.975           107.8 
       0.429607         150.188         104.553 
       0.435692         145.212         101.552 
       0.441815         144.239         98.7122 
       0.447964         141.858         95.9987 
       0.454126         135.721         93.3804 
       0.460267         134.329         90.8463 
       0.466387         132.069          88.375 
        0.47254         129.653         85.9439 
       0.478662         128.164         83.5952 
       0.484765         124.403         81.3383 
       0.490885         122.329         79.1676 
       0.497035          120.96         77.0829 
       0.503198         117.554         75.0941 
       0.509342         115.284         73.2013 
       0.515458         113.637         71.3906 
       0.521598         112.205         69.6321 
       0.527764         110.389         67.9175 
       0.533884         108.669         66.2649 
           0.54         106.657         64.6608 
       0.546137         105.684         63.0975 
       0.552299          104.12         61.5771 
       0.558452         101.541         60.1112 
       0.564573         99.7645         58.7066 
       0.570708         98.6753         57.3522 
       0.576825          97.021         56.0499 
       0.582926         95.2485         54.7938 
       0.589034         93.5136         53.5739 
       0.595184         92.4161         52.3807 
       0.601379         91.2929         51.2136 
       0.607522         89.1557         50.0902 
       0.613639         88.8895         49.0046 
       0.619772         86.8235         47.9489 
       0.625918         86.1667         46.9227 
       0.632068         85.0483         45.9267 
       0.638161         83.9242         44.9693 
         0.6443         82.7583         44.0331 
       0.650464         81.7551         43.1212 
       0.656582         80.6454         42.2424 
       0.662703         79.1796         41.3883 
       0.668861         78.2814         40.5534 
       0.675024         77.3581          39.741 
       0.681124         76.2444          38.959 
       0.687237         75.0186         38.1963 
       0.693381         74.3008         37.4503 
       0.699536         73.1913         36.7229 
       0.705665         73.4773          36.018 
       0.711789         71.5116         35.3325 
       0.717957         70.9487         34.6603 
        0.72409         69.9742         34.0096 
       0.730186         68.8913         33.3799 
       0.736317         68.7199          32.763 
       0.742472         67.7188         32.1596 
       0.748622         67.0867         31.5722 
        0.75476          66.364         31.0008 
       0.760888         65.3767         30.4447 
       0.767043          64.725            29.9 
       0.773185         63.9027         29.3699 
       0.779291         63.6283         28.8558 
       0.785407         62.8756         28.3534 
       0.791564         62.0067         27.8598 
       0.797719         61.0985         27.3783 
       0.803834         60.8919         26.9113 
       0.809972         59.8839         26.4537 
       0.816124         59.2171         26.0058 
       0.822261         58.8181         25.5695 
       0.828378         58.3354         25.1447 
       0.834502         57.6793         24.7292 
       0.840667         57.2142         24.3205 
       0.846816         56.4153         23.9222 
       0.852925         55.8958         23.5355 
       0.859047         55.2361         23.1566 
       0.865192         54.9147         22.7848 
       0.871341         54.6593          22.421 
       0.877463         53.5174         22.0669 
       0.883569         53.1557         21.7214 
       0.889708         52.8741         21.3816 
       0.895864         52.3609         21.0482 
       0.902008         51.8685         20.7226 
       0.908149         51.4625         20.4043 
       0.914301         51.1778         20.0921 
       0.920448         50.4877         19.7868 
       0.926574         50.0744          19.489 
       0.932687         49.7008         19.1979 
       0.938823         48.9915         18.9118 
       0.944975         48.8222          18.631 
       0.951105         48.3191         18.3569 
       0.957225          47.769         18.0888 
       0.963368         47.6246         17.8252 
       0.969511         47.1933         17.5668 
       0.975621         46.8257          17.315 
       0.981748         46.2388         17.0676 
       0.987916         46.0894         16.8234 
        0.99406          45.642          16.585 
        1.00019         45.1057         16.3517 
        1.00632         44.8741         16.1231 
        1.01246         44.5353         15.8986 
        1.01859         43.9952         15.6787 
        1.02471         44.0238         15.4633 
        1.03085         43.5232         15.2512 
        1.03698         43.0454         15.0436 
        1.04314         42.6617          14.839 
        1.04929          42.418         14.6388 
        1.05541         41.9728          14.443 
        1.06154         41.8977         14.2503 
        1.06769         41.4986         14.0609 
        1.07382          41.191         13.8756 
        1.07993         41.0448         13.6941 
        1.08607         40.5546          13.515 
        1.09222         40.4175         13.3391 
        1.09836         40.0175         13.1664 
        1.10449         39.7021          12.997 
        1.11063         39.2576         12.8305 
        1.11677          39.046         12.6669 
         1.1229         38.9432         12.5065 
        1.12903          38.344         12.3488 
        1.13518         38.2491         12.1936 
        1.14131         38.1511         12.0412 
        1.14745         37.7322         11.8915 
        1.15359         37.6445         11.7444 
        1.15973         37.1378         11.5997 
        1.16584          36.848         11.4581 
        1.17197         36.8359         11.3186 
        1.17811          36.483         11.1811 
        1.18424         36.1018         11.0463 
        1.19038         36.0615         10.9133 
        1.19652         35.8397         10.7826 
        1.20267         35.5863          10.654 
        1.20881         35.3825         10.5275 
        1.21495           35.09         10.4033 
        1.22108         34.8527         10.2812 
         1.2272         34.5057         10.1612 
        1.23334         34.3782          10.043 
        1.23949         34.1533         9.92634 
        1.24562         33.9654         9.81188 
        1.25174         33.8024          9.6994 
        1.25789         33.5495         9.58835 
        1.26402         33.3361         9.47926 
        1.27014         33.0782         9.37213 
        1.27628         32.8824         9.26635 
        1.28244         32.7187         9.16201 
        1.28858         32.5776         9.05942 
        1.29471         32.3172         8.95864 
        1.30084         32.2044         8.85949 
        1.30697         31.9624         8.76171 
        1.31312         31.6279         8.66526 
        1.31925         31.5786         8.57058 
        1.32537         31.4782         8.47741 
        1.33151         31.2171          8.3853 
        1.33765         31.1497         8.29462 
        1.34378         30.9286         8.20546 
        1.34992         30.5365         8.11755 
        1.35606         30.4698         8.03075 
         1.3622         30.2966         7.94537 
        1.36833         30.1458         7.86144 
        1.37445         30.1174         7.77877 
        1.38059          29.926         7.69704 
        1.38675         29.6302         7.61629 
        1.39288         29.5612         7.53702 
        1.39901          29.294         7.45893 
        1.40515         29.2639         7.38177 
         1.4113         29.0885         7.30574 
        1.41742           28.83         7.23107 
        1.42355          28.796          7.1573 
         1.4297         28.5947         7.08435 
        1.43585         28.5586         7.01245 
        1.44198         28.2981         6.94183 
        1.44809         28.1847         6.87232 
        1.45423         28.1114          6.8035 
        1.46036         28.0195         6.73576 
        1.46649         27.8063         6.66891 
        1.47263         27.6562         6.60293 
        1.47877         27.5646         6.53787 
        1.48491         27.3661         6.47358 
        1.49104         27.3464          6.4103 
        1.49718         27.1147         6.34782 
        1.50333          27.074         6.28608 
        1.50947         26.9541         6.22528 
         1.5156         26.8119         6.16538 
        1.52172         26.6142         6.10627 
        1.52787          26.637         6.04782 
          1.534         26.4514          5.9902 
        1.54013         26.2894          5.9334 
        1.54627         26.2412         5.87723 
        1.55241         26.1073         5.82178 
        1.55855         25.9315         5.76713 
        1.56467         25.8481         5.71333 
         1.5708         25.8225         5.66007 
        1.57695         25.5722         5.60741 
        1.58308         25.6575         5.55555 
        1.58922         25.4663          5.5043 
        1.59535         25.3569         5.45373 
         1.6015         25.2447         5.40372 
        1.60764         25.2104         5.35436 
        1.61376         25.0597         5.30576 
        1.61989         24.8928         5.25773 
        1.62604         24.9492         5.21019 
        1.63218         24.7502         5.16326 
        1.63831         24.7262         5.11702 
        1.64444         24.6189         5.07134 
        1.65059         24.5085          5.0261 
        1.65673         24.4362         4.98147 
        1.66285         24.3699          4.9375 
        1.66898         24.2639         4.89406 
        1.67512         24.2335         4.85105 
        1.68127         24.1197         4.80852 
         1.6874         24.0217          4.7666 
        1.69353         23.9752          4.7252 
        1.69967         23.8255         4.68419 
        1.70581         23.8391         4.64369 
        1.71193         23.7228         4.60383 
        1.71806         23.6704         4.56434 
        1.72421         23.5469         4.52525 
        1.73035         23.5504         4.48665 
        1.73649         23.4538         4.44852 
        1.74262         23.4304         4.41086 
        1.74876          23.298         4.37361 
        1.75489         23.2332         4.33687 
        1.76101          23.221         4.30057 
        1.76715         23.1739         4.26463 
        1.77329          23.127         4.22906 
        1.77943         22.9887         4.19388 
        1.78557         22.9807         4.15915 
        1.79171         22.9318         4.12481 
        1.79785         22.8278         4.09086 
        1.80399         22.8189         4.05729 
        1.81012         22.7893         4.02415 
        1.81625         22.6876         3.99139 
        1.82239         22.6821         3.95895 
        1.82853          22.566         3.92689 
        1.83466          22.513         3.89522 
        1.84078         22.4281         3.86393 
        1.84692         22.4711         3.83293 
        1.85306         22.3733         3.80223 
         1.8592         22.3401         3.77192 
        1.86533         22.3126         3.74196 
        1.87147         22.2314         3.71229 
        1.87761         22.2691         3.68293 
        1.88375         22.1809         3.65393 
        1.88988         22.1331         3.62526 
        1.89601           22.06         3.59689 
        1.90215         22.0489          3.5688 
        1.90829         22.0248         3.54102 
        1.91442         21.9636         3.51354 
        1.92056         21.9051         3.48637 
         1.9267         21.9436         3.45946 
        1.93284         21.8023         3.43282 
        1.93897         21.8297         3.40652 
        1.94509         21.8042         3.38054 
        1.95123         21.6965         3.35477 
        1.95737         21.7152         3.32925 
        1.96349         21.6716         3.30406 
        1.96964         21.6482         3.27906 
        1.97578         21.6403         3.25431 
        1.98192         21.5701         3.22987 
        1.98805         21.5849         3.20567 
        1.99419          21.486         3.18172 
        2.00033         21.4832         3.15801 
        2.00647         21.4507         3.13454 
         2.0126         21.3663         3.11135 
        2.01874         21.4038         3.08837 
        2.02488         21.3947         3.06559 
        2.03101         21.3862         3.04309 
        2.03714         21.3415         3.02083 
        2.04328         21.2688         2.99877 
        2.04941         21.2832         2.97696 
        2.05554         21.2673         2.95537 
        2.06167         21.2054         2.93397 
        2.06781         21.2235         2.91278 
        2.07396         21.1837         2.89177 
        2.08009         21.1538           2.871 
        2.08622         21.1496         2.85046 
        2.09237          21.111         2.83008 
        2.09851         21.0591          2.8099 
        2.10464         21.0154         2.78995 
        2.11077         20.9873         2.77022 
        2.11691         20.9958         2.75063 
        2.12305         20.9488         2.73123 
        2.12918         20.9432         2.71207 
        2.13531         20.9371         2.69308 
        2.14145         20.8981         2.67424 
         2.1476         20.8989         2.65556 
        2.15372         20.8873         2.63714 
        2.15985         20.8181         2.61888 
        2.16599          20.819         2.60075 
        2.17213         20.7877          2.5828 
        2.17827         20.8073         2.56503 
         2.1844         20.7776         2.54744 
        2.19054         20.7121         2.53001 
        2.19666         20.7558         2.51277 
         2.2028          20.775         2.49568 
        2.20893         20.6428         2.47873 
        2.21508         20.6639         2.46193 
        2.22122         20.6337         2.44527 
        2.22736         20.6108          2.4288 
        2.23349         20.6386         2.41249 
        2.23962         20.5519         2.39632 
        2.24577         20.5144         2.38029 
         2.2519         20.5737         2.36442 
        2.25802         20.5588         2.34873 
        2.26417          20.483         2.33313 
        2.27031         20.4704         2.31766 
        2.27644         20.4261         2.30238 
        2.28257         20.4634         2.28724 
        2.28872         20.4133          2.2722 
        2.29486         20.3965          2.2573 
        2.30099         20.4027         2.24257 
        2.30712         20.4418         2.22796 
        2.31326         20.3489         2.21346 
         2.3194         20.3338         2.19909 
        2.32553         20.3036         2.18488 
        2.33166         20.2647          2.1708 
         2.3378         20.2158         2.15682 
        2.34394         20.2127         2.14297 
        2.35007          20.203         2.12925 
        2.35619         20.1735         2.11567 
        2.36233         20.1691         2.10218 
        2.36848         20.1434         2.08878 
        2.37462         20.1525         2.07552 
        2.38075         20.1288         2.06239 
        2.38689          20.157         2.04936 
        2.39303         20.0674         2.03645 
        2.39916         20.0614         2.02366 
        2.40529         20.0511         2.01098 
        2.41143         20.0049         1.99841 
        2.41757         19.9579         1.98593 
         2.4237         19.9909         1.97358 
        2.42983         19.9328         1.96134 
        2.43598         19.9213         1.94917 
        2.44211         19.9044         1.93713 
        2.44823         19.8413         1.92521 
        2.45437         19.8685         1.91336 
        2.46052         19.8408          1.9016 
        2.46665         19.8152         1.88997 
        2.47279         19.7701         1.87843 
        2.47892         19.7628         1.86698 
        2.48507         19.7443         1.85561 
         2.4912         19.7468         1.84437 
        2.49733         19.6538         1.83322 
        2.50347         19.7137         1.82214 
        2.50961         19.6298         1.81116 
        2.51575         19.6334         1.80027 
        2.52188         19.5845         1.78948 
        2.52802         19.5704         1.77878 
        2.53416         19.5447         1.76815 
        2.54029          19.492         1.75763 
        2.54641         19.5318          1.7472 
        2.55255         19.4975         1.73685 
        2.55869         19.4659         1.72656 
        2.56483         19.4601         1.71637 
        2.57096         19.3663         1.70628 
        2.57709         19.3928         1.69626 
        2.58323         19.3835         1.68631 
        2.58937         19.3219         1.67644 
        2.59551         19.3318         1.66666 
        2.60164         19.3358         1.65696 
        2.60778         19.2484         1.64732 
        2.61392         19.2696         1.63777 
        2.62006         19.2049          1.6283 
        2.62619         19.2124         1.61891 
        2.63232         19.1739         1.60959 
        2.63846         19.1529         1.60034 
        2.64459         19.0812         1.59117 
        2.65072         19.1476         1.58207 
        2.65686         19.0948         1.57305 
          2.663         19.0509         1.56407 
        2.66915         19.0375         1.55517 
        2.67527         19.0278         1.54636 
        2.68141          19.035         1.53761 
        2.68755         19.0185         1.52893 
        2.69368          18.958         1.52031 
        2.69981         18.9451         1.51178 
        2.70595         18.9238         1.50329 
        2.71209         18.9073         1.49486 
        2.71823         18.8905         1.48651 
        2.72436         18.8644         1.47822 
         2.7305         18.8664            1.47 
        2.73663         18.8357         1.46184 
        2.74276         18.8324         1.45375 
         2.7489         18.7951         1.44571 
        2.75504         18.7895         1.43773 
        2.76118         18.7802          1.4298 
        2.76732         18.7555         1.42195 
        2.77345         18.7173         1.41415 
        2.77959         18.7084         1.40641 
        2.78572         18.7322         1.39874 
        2.79186         18.7296         1.39112 
        2.79798         18.6499         1.38357 
        2.80412         18.6546         1.37606 
        2.81027         18.6552         1.36859 
         2.8164         18.6099          1.3612 
        2.82253         18.6266         1.35386 
        2.82867         18.6079         1.34658 
        2.83481         18.5963         1.33934 
        2.84095         18.5965         1.33216 
        2.84708         18.5617         1.32504 
        2.85322         18.5602         1.31797 
        2.85935         18.5143         1.31095 
        2.86549         18.5634         1.30398 
        2.87162         18.5448         1.29706 
        2.87776         18.5259          1.2902 
        2.88389         18.5331         1.28338 
        2.89003         18.4912         1.27661 
        2.89617         18.5004         1.26989 
        2.90231         18.5077         1.26322 
        2.90844         18.4992          1.2566 
        2.91458         18.5183         1.25002 
        2.92071         18.4833          1.2435 
        2.92684         18.4832         1.23702 
        2.93298         18.4385         1.23059 
         2.9391          18.493         1.22422 
        2.94524         18.4711         1.21788 
        2.95138         18.4947         1.21158 
        2.95752          18.497         1.20532 
        2.96367         18.4615          1.1991 
         2.9698         18.4983         1.19295 
        2.97594         18.5139         1.18682 
        2.98207         18.4868         1.18075 
        2.98821         18.5051         1.17472 
        2.99434         18.5103         1.16873 
        3.00048         18.5235         1.16278 
        3.00662         18.5343         1.15687 
        3.01275         18.5574         1.15101 
        3.01888         18.5618         1.14518 
        3.02503         18.5728         1.13939 
        3.03117         18.5951         1.13365 
        3.03729         18.6095         1.12795 
        3.04342         18.6175         1.12229 
        3.04957         18.6161         1.11666 
         3.0557         18.6515         1.11107 
        3.06183         18.6705         1.10553 
        3.06796          18.688         1.10002 
        3.07411         18.7084         1.09454 
        3.08025         18.7419         1.08911 
        3.08637         18.7676         1.08372 
         3.0925         18.7964         1.07836 
        3.09865          18.839         1.07302 
         3.1048         18.8742         1.06773 
        3.11093         18.8883         1.06248 
        3.11706          18.945         1.05727 
         3.1232         18.9674         1.05208 
        3.12933         18.9616         1.04693 
        3.13547         18.9979         1.04182 
        3.14159         19.0889         1.03676 
