# k  (h/Mpc)    P(k)  (Mpc/h)^3    P_linear(k)  (Mpc/h)^3
     0.00783031         1922.72         1924.61 
       0.013688         2366.56         2366.39 
       0.019231         2387.88          2384.4 
      0.0249154         2189.58         2192.18 
      0.0312784         1893.08         1886.75 
      0.0375637         1608.97          1599.8 
      0.0433917         1392.37         1390.79 
      0.0492413         1250.86         1241.65 
      0.0555754         1128.55         1132.67 
      0.0619321         1064.59         1052.51 
       0.067871         981.562         982.722 
      0.0738098         905.423          905.64 
      0.0800417         813.418         814.792 
      0.0862327         724.971         721.114 
      0.0921407         643.483         637.942 
      0.0982031         569.943         566.628 
       0.104506         521.211         511.056 
       0.110769         483.275         473.092 
       0.116806         454.081         448.013 
       0.122832           436.2          428.29 
       0.129052         412.043         407.877 
       0.135211           389.1         384.135 
       0.141259         364.484         356.883 
       0.147318          337.39         327.521 
       0.153489         306.962         298.513 
       0.159709         282.386         273.004 
       0.165845         265.897         253.023 
       0.171974         247.776         238.238 
       0.178125         237.919         227.432 
       0.184229         229.963         218.922 
        0.19034         218.407         210.817 
       0.196428         212.132         201.876 
       0.202534         203.504         191.566 
       0.208729         191.081         180.065 
       0.214876         178.666          168.47 
       0.220989          169.77         157.703 
       0.227147         158.928         148.329 
        0.23329         151.437         140.715 
       0.239377         146.423         134.716 
       0.245482         139.014         129.782 
       0.251667         136.562         125.308 
       0.257832         132.254         120.846 
       0.263955         127.087         116.112 
       0.270079         122.165         111.033 
        0.27624          118.26         105.742 
       0.282372         112.971         100.583 
        0.28843         107.927         95.8514 
       0.294538         103.665          91.625 
       0.300721         100.834         87.9417 
        0.30691         96.2734         84.7659 
       0.313033         93.7529         81.9676 
       0.319153         89.7502         79.3304 
       0.325316          88.281         76.6929 
        0.33145         85.1734         74.0122 
       0.337538         82.8835         71.2997 
       0.343633         79.8612         68.5921 
       0.349808          77.479         65.9403 
       0.355968         75.1146         63.4669 
       0.362074         72.6557          61.222 
       0.368217         70.6665         59.1808 
       0.374374         68.6129         57.3149 
       0.380519         66.9149         55.5811 
       0.386598         65.2653         53.9405 
       0.392688         63.8165         52.3266 
        0.39888         62.1373            50.7 
       0.405048         60.5539          49.096 
       0.411186         59.1352         47.5317 
       0.417313         57.2327         46.0287 
       0.423458         55.7865         44.6003 
       0.429607         54.3357         43.2569 
       0.435692         52.6282          42.015 
       0.441815         51.8517         40.8402 
       0.447964         51.0089         39.7175 
       0.454126         49.0125         38.6343 
       0.460267         48.2568         37.5858 
       0.466387         46.9397         36.5634 
        0.47254         46.2456         35.5576 
       0.478662         45.4539         34.5859 
       0.484765         44.0552         33.6521 
       0.490885         43.1181          32.754 
       0.497035         42.5912         31.8915 
       0.503198         41.4894         31.0687 
       0.509342         40.3899         30.2856 
       0.515458         39.7097         29.5364 
       0.521598         39.0409         28.8089 
       0.527764         38.2395         28.0995 
       0.533884         37.6209         27.4158 
           0.54         36.8151         26.7521 
       0.546137         36.2591         26.1054 
       0.552299         35.7107         25.4763 
       0.558452         34.6164         24.8698 
       0.564573         34.1106         24.2887 
       0.570708         33.6243         23.7283 
       0.576825         32.7848         23.1895 
       0.582926         32.2293         22.6699 
       0.589034         31.4369         22.1652 
       0.595184         31.0354         21.6715 
       0.601379         30.4814         21.1886 
       0.607522         29.9402         20.7238 
       0.613639         29.6643         20.2747 
       0.619772         28.8654         19.8379 
       0.625918         28.7682         19.4134 
       0.632068         28.2699         19.0013 
       0.638161          27.724         18.6052 
         0.6443         27.1992         18.2178 
       0.650464         26.7426         17.8405 
       0.656582         26.5162          17.477 
       0.662703         26.0472         17.1236 
       0.668861         25.5893         16.7782 
       0.675024         25.1617         16.4421 
       0.681124         24.7233         16.1185 
       0.687237         24.3516          15.803 
       0.693381         24.1455         15.4943 
       0.699536         23.5189         15.1934 
       0.705665         23.4262         14.9018 
       0.711789         22.9615         14.6181 
       0.717957         22.6677           14.34 
        0.72409         22.3173         14.0708 
       0.730186         22.0058         13.8103 
       0.736317         21.7941          13.555 
       0.742472         21.4172         13.3054 
       0.748622         21.1958         13.0624 
        0.75476         20.8314          12.826 
       0.760888         20.5591         12.5959 
       0.767043          20.332         12.3706 
       0.773185         19.9621         12.1512 
       0.779291          19.862         11.9385 
       0.785407         19.5749         11.7306 
       0.791564         19.2573         11.5264 
       0.797719         18.8576         11.3272 
       0.803834         18.8229          11.134 
       0.809972         18.6463         10.9447 
       0.816124          18.238         10.7594 
       0.822261         18.0657         10.5789 
       0.828378         17.8366         10.4031 
       0.834502         17.7071         10.2312 
       0.840667          17.439         10.0621 
       0.846816         17.1481         9.89736 
       0.852925         16.9903         9.73736 
       0.859047         16.8044         9.58058 
       0.865192         16.6671         9.42677 
       0.871341         16.5181         9.27627 
       0.877463         16.2163         9.12976 
       0.883569         16.0128          8.9868 
       0.889708         15.7909         8.84621 
       0.895864          15.679         8.70827 
       0.902008         15.5421          8.5736 
       0.908149         15.3754         8.44187 
       0.914301         15.2452         8.31271 
       0.920448         14.9883          8.1864 
       0.926574         14.8314         8.06318 
       0.932687         14.6866         7.94277 
       0.938823         14.5129         7.82441 
       0.944975         14.3351         7.70821 
       0.951105         14.2055          7.5948 
       0.957225          14.088         7.48388 
       0.963368         13.9504         7.37482 
       0.969511         13.7944         7.26794 
       0.975621         13.6769         7.16377 
       0.981748          13.512         7.06138 
       0.987916         13.4237         6.96036 
        0.99406         13.2114         6.86171 
        1.00019         13.0377         6.76518 
        1.00632         13.0203         6.67061 
        1.01246         12.8688         6.57772 
        1.01859         12.6889         6.48676 
        1.02471         12.6109         6.39765 
        1.03085         12.4836         6.30991 
        1.03698         12.3096         6.22402 
        1.04314         12.2423         6.13937 
        1.04929         12.0881          6.0565 
        1.05541         11.9612         5.97551 
        1.06154         11.8655         5.89581 
        1.06769            11.8         5.81745 
        1.07382          11.629         5.74077 
        1.07993         11.5408         5.66566 
        1.08607         11.4497         5.59159 
        1.09222         11.3499         5.51878 
        1.09836         11.2297         5.44735 
        1.10449         11.1329         5.37728 
        1.11063         11.0248         5.30837 
        1.11677         10.9723          5.2407 
         1.1229         10.8882         5.17433 
        1.12903         10.7487         5.10906 
        1.13518         10.6218         5.04487 
        1.14131         10.5519         4.98182 
        1.14745         10.4494         4.91989 
        1.15359         10.3967         4.85901 
        1.15973         10.2966         4.79914 
        1.16584         10.1492         4.74056 
        1.17197         10.0877         4.68287 
        1.17811         10.0325         4.62597 
        1.18424         9.95677         4.57019 
        1.19038         9.89288         4.51517 
        1.19652         9.79537         4.46107 
        1.20267         9.68656         4.40787 
        1.20881         9.68194         4.35556 
        1.21495         9.58341         4.30417 
        1.22108         9.46932         4.25363 
         1.2272         9.41269         4.20402 
        1.23334         9.32023         4.15509 
        1.23949         9.21834         4.10683 
        1.24562         9.19074         4.05948 
        1.25174           9.118         4.01294 
        1.25789         9.05311           3.967 
        1.26402           8.992         3.92186 
        1.27014         8.92221         3.87754 
        1.27628         8.82178         3.83378 
        1.28244         8.74967         3.79061 
        1.28858          8.7328         3.74816 
        1.29471         8.62959         3.70647 
        1.30084         8.55313         3.66545 
        1.30697         8.55158         3.62499 
        1.31312         8.41857         3.58509 
        1.31925         8.36701         3.54591 
        1.32537         8.32844         3.50737 
        1.33151         8.28357         3.46926 
        1.33765         8.19629         3.43174 
        1.34378         8.14165         3.39485 
        1.34992         8.10025         3.35848 
        1.35606         8.03467         3.32257 
         1.3622         7.98793         3.28724 
        1.36833         7.90914         3.25252 
        1.37445         7.87214         3.21832 
        1.38059         7.83874          3.1845 
        1.38675         7.78223         3.15109 
        1.39288         7.73197          3.1183 
        1.39901         7.65347         3.08599 
        1.40515         7.62021         3.05407 
         1.4113         7.58149         3.02261 
        1.41742         7.52596         2.99172 
        1.42355          7.4573          2.9612 
         1.4297         7.43022         2.93102 
        1.43585         7.38916         2.90127 
        1.44198         7.37073         2.87205 
        1.44809         7.29727         2.84329 
        1.45423           7.239         2.81482 
        1.46036          7.1982         2.78679 
        1.46649         7.16143         2.75914 
        1.47263         7.11484         2.73184 
        1.47877         7.07228         2.70492 
        1.48491         7.03341         2.67832 
        1.49104         6.99288         2.65214 
        1.49718          6.9632         2.62629 
        1.50333         6.92874         2.60075 
        1.50947         6.86771         2.57559 
         1.5156          6.8519         2.55081 
        1.52172         6.81412         2.52635 
        1.52787         6.77209         2.50217 
          1.534         6.72472         2.47833 
        1.54013         6.71584         2.45483 
        1.54627         6.65681         2.43159 
        1.55241         6.64119         2.40865 
        1.55855         6.60412         2.38604 
        1.56467         6.57244         2.36378 
         1.5708         6.53134         2.34175 
        1.57695         6.49007         2.31996 
        1.58308         6.46426          2.2985 
        1.58922         6.44528          2.2773 
        1.59535          6.4338         2.25638 
         1.6015         6.38117         2.23569 
        1.60764         6.35415         2.21527 
        1.61376         6.32514         2.19516 
        1.61989         6.32393         2.17529 
        1.62604          6.2773         2.15562 
        1.63218           6.288          2.1362 
        1.63831         6.24183         2.11707 
        1.64444         6.21609         2.09817 
        1.65059         6.18222         2.07945 
        1.65673          6.1864         2.06099 
        1.66285         6.13334          2.0428 
        1.66898         6.11233         2.02482 
        1.67512         6.10892         2.00703 
        1.68127         6.08617         1.98943 
         1.6874         6.07146         1.97209 
        1.69353         6.04078         1.95496 
        1.69967         6.03732           1.938 
        1.70581         6.01519         1.92124 
        1.71193         5.99906         1.90475 
        1.71806         5.99291         1.88841 
        1.72421         5.97857         1.87224 
        1.73035         5.97085         1.85627 
        1.73649         5.95444         1.84049 
        1.74262         5.93179         1.82491 
        1.74876         5.93528          1.8095 
        1.75489          5.9213          1.7943 
        1.76101         5.89765         1.77928 
        1.76715         5.90025         1.76441 
        1.77329         5.88373         1.74969 
        1.77943         5.85516         1.73514 
        1.78557         5.87035         1.72077 
        1.79171         5.85657         1.70656 
        1.79785         5.85672         1.69252 
        1.80399         5.85398         1.67863 
        1.81012         5.84772         1.66492 
        1.81625         5.84644         1.65136 
        1.82239         5.83717         1.63794 
        1.82853         5.84568         1.62468 
        1.83466         5.84057         1.61157 
        1.84078         5.83236         1.59863 
        1.84692          5.8441          1.5858 
        1.85306          5.8382          1.5731 
         1.8592         5.82831         1.56056 
        1.86533         5.82973         1.54817 
        1.87147          5.8487         1.53589 
        1.87761         5.82965         1.52374 
        1.88375         5.84509         1.51174 
        1.88988          5.8475         1.49988 
        1.89601         5.85281         1.48815 
        1.90215         5.84314         1.47652 
        1.90829         5.86978         1.46503 
        1.91442         5.87921         1.45366 
        1.92056         5.89332         1.44242 
         1.9267         5.89751         1.43129 
        1.93284         5.90053         1.42027 
        1.93897         5.90728         1.40938 
        1.94509         5.92151         1.39864 
        1.95123         5.92257         1.38797 
        1.95737         5.93217         1.37742 
        1.96349         5.94967         1.36699 
        1.96964         5.97649         1.35665 
        1.97578         5.98184         1.34641 
        1.98192         5.98826          1.3363 
        1.98805          6.0297         1.32629 
        1.99419         6.01168         1.31638 
        2.00033         6.04852         1.30657 
        2.00647         6.06649         1.29686 
         2.0126         6.09215         1.28726 
        2.01874         6.10174         1.27775 
        2.02488         6.14629         1.26833 
        2.03101         6.14743         1.25902 
        2.03714         6.16049         1.24981 
        2.04328         6.19259         1.24069 
        2.04941         6.22535         1.23166 
        2.05554         6.23004         1.22273 
        2.06167         6.27424         1.21388 
        2.06781          6.3018         1.20511 
        2.07396         6.31011         1.19642 
        2.08009         6.35903         1.18782 
        2.08622         6.38234         1.17933 
        2.09237         6.40156         1.17089 
        2.09851         6.43499         1.16254 
        2.10464          6.4642         1.15429 
        2.11077         6.50872         1.14613 
        2.11691         6.53929         1.13802 
        2.12305         6.57057            1.13 
        2.12918         6.60352         1.12207 
        2.13531          6.6282         1.11421 
        2.14145         6.66248         1.10642 
         2.1476         6.71394         1.09869 
        2.15372         6.72956         1.09107 
        2.15985         6.76884         1.08352 
        2.16599         6.81975         1.07601 
        2.17213         6.83384         1.06859 
        2.17827         6.88646         1.06123 
         2.1844         6.92983         1.05396 
        2.19054         6.99135         1.04675 
        2.19666         7.01572         1.03961 
         2.2028         7.04151         1.03254 
        2.20893         7.08333         1.02553 
        2.21508         7.11326         1.01858 
        2.22122         7.19107         1.01169 
        2.22736         7.24054         1.00487 
        2.23349         7.29723        0.998125 
        2.23962         7.32938        0.991435 
        2.24577         7.36902        0.984801 
         2.2519         7.41172        0.978237 
        2.25802         7.47273        0.971743 
        2.26417         7.50182        0.965291 
        2.27031         7.55648        0.958891 
        2.27644         7.60777        0.952567 
        2.28257          7.6505        0.946302 
        2.28872         7.72142        0.940081 
        2.29486         7.76042        0.933917 
        2.30099         7.81631        0.927822 
        2.30712         7.87168        0.921778 
        2.31326         7.93281        0.915778 
         2.3194         7.96138        0.909835 
        2.32553         8.00024        0.903954 
        2.33166         8.09732        0.898128 
         2.3378         8.12168        0.892346 
        2.34394         8.17933        0.886613 
        2.35007          8.2287        0.880938 
        2.35619          8.2821         0.87532 
        2.36233         8.35275        0.869738 
        2.36848         8.40181        0.864193 
        2.37462         8.47972        0.858708 
        2.38075         8.55642        0.853275 
        2.38689         8.61477        0.847886 
        2.39303          8.6395        0.842543 
        2.39916         8.73099        0.837253 
        2.40529         8.75936        0.832008 
        2.41143         8.83656        0.826804 
        2.41757         8.90407        0.821642 
         2.4237         8.95614        0.816534 
        2.42983         8.97226         0.81147 
        2.43598         9.06432        0.806435 
        2.44211         9.14742        0.801452 
        2.44823         9.17541        0.796522 
        2.45437         9.25782        0.791619 
        2.46052         9.31368        0.786754 
        2.46665         9.36016        0.781939 
        2.47279         9.41519        0.777165 
        2.47892         9.46832        0.772428 
        2.48507         9.54643        0.767727 
         2.4912         9.61258        0.763073 
        2.49733         9.68406        0.758461 
        2.50347         9.72909        0.753878 
        2.50961         9.80652        0.749333 
        2.51575         9.86198        0.744829 
        2.52188         9.89579        0.740367 
        2.52802         9.96899        0.735936 
        2.53416         10.0509         0.73154 
        2.54029         10.0856        0.727189 
        2.54641          10.167        0.722874 
        2.55255         10.1931         0.71859 
        2.55869         10.2615        0.714333 
        2.56483         10.3419        0.710117 
        2.57096         10.3797        0.705941 
        2.57709          10.467        0.701796 
        2.58323          10.487         0.69768 
        2.58937         10.5527        0.693596 
        2.59551         10.6334        0.689549 
        2.60164         10.6757        0.685536 
        2.60778         10.7136        0.681551 
        2.61392           10.78        0.677599 
        2.62006         10.8512        0.673678 
        2.62619          10.921        0.669794 
        2.63232         10.9649         0.66594 
        2.63846         11.0094        0.662111 
        2.64459         11.0679        0.658318 
        2.65072         11.0834        0.654554 
        2.65686         11.1748        0.650819 
          2.663         11.2051        0.647107 
        2.66915         11.2719        0.643424 
        2.67527         11.3524        0.639779 
        2.68141         11.3348         0.63616 
        2.68755         11.4305        0.632565 
        2.69368         11.4523        0.629002 
        2.69981         11.5092         0.62547 
        2.70595         11.5592        0.621957 
        2.71209         11.6038         0.61847 
        2.71823         11.6375        0.615016 
        2.72436         11.6871        0.611589 
         2.7305         11.6904        0.608186 
        2.73663         11.7984        0.604809 
        2.74276         11.8143        0.601462 
         2.7489         11.8882        0.598137 
        2.75504         11.9388        0.594834 
        2.76118         11.9685        0.591554 
        2.76732         12.0087        0.588304 
        2.77345         12.0132         0.58508 
        2.77959         12.0698        0.581879 
        2.78572         12.1545        0.578702 
        2.79186         12.1597        0.575551 
        2.79798         12.2016        0.572426 
        2.80412         12.2193        0.569319 
        2.81027          12.271        0.566231 
         2.8164         12.2711        0.563173 
        2.82253         12.3579        0.560137 
        2.82867         12.3503        0.557123 
        2.83481         12.4111         0.55413 
        2.84095         12.4664        0.551159 
        2.84708         12.4833        0.548213 
        2.85322         12.4886        0.545285 
        2.85935         12.5574         0.54238 
        2.86549         12.5649        0.539498 
        2.87162         12.6217        0.536636 
        2.87776         12.6093        0.533796 
        2.88389         12.6764        0.530974 
        2.89003         12.7126        0.528175 
        2.89617         12.6915        0.525394 
        2.90231         12.7788        0.522634 
        2.90844         12.7911        0.519894 
        2.91458         12.8045        0.517175 
        2.92071         12.8532        0.514477 
        2.92684         12.8761        0.511797 
        2.93298         12.8911        0.509136 
         2.9391         12.8947        0.506498 
        2.94524         12.9315        0.503875 
        2.95138          12.985         0.50127 
        2.95752         13.0239         0.49868 
        2.96367         13.0126        0.496108 
         2.9698         13.0519         0.49356 
        2.97594         13.0744        0.491027 
        2.98207         13.1202        0.488513 
        2.98821         13.1684        0.486018 
        2.99434         13.1281         0.48354 
        3.00048         13.1861        0.481078 
        3.00662         13.1751        0.478633 
        3.01275         13.2607        0.476208 
        3.01888         13.2657          0.4738 
        3.02503         13.2966        0.471404 
        3.03117         13.3312        0.469026 
        3.03729         13.3589         0.46667 
        3.04342         13.3802        0.464328 
        3.04957         13.3821        0.461996 
         3.0557          13.461        0.459685 
        3.06183         13.4623        0.457393 
        3.06796         13.4927        0.455115 
        3.07411         13.5006        0.452846 
        3.08025         13.5427        0.450598 
        3.08637         13.5588        0.448369 
         3.0925         13.6137        0.446151 
        3.09865         13.6281        0.443945 
         3.1048         13.6989        0.441754 
        3.11093         13.7333        0.439582 
        3.11706         13.7474        0.437425 
         3.1232         13.7704        0.435281 
        3.12933         13.7894        0.433151 
        3.13547         13.8597        0.431037 
        3.14159         13.7609         0.42894 
