# k  (h/Mpc)    Pcb(k)  (Mpc/h)^3    Pcb_linear(k)  (Mpc/h)^3
     0.00783031         8579.12         8635.61 
       0.013688         10634.8         10614.6 
       0.019231         10675.7         10690.4 
      0.0249154         9697.38         9825.88 
      0.0312784         8404.56         8455.03 
      0.0375637         7165.62         7168.18 
      0.0433917         6153.51          6231.1 
      0.0492413          5549.4         5562.52 
      0.0555754         4957.49            5074 
      0.0619321          4734.3         4714.73 
       0.067871         4314.51         4401.99 
      0.0738098         3978.73         4056.62 
      0.0800417          3557.4         3649.61 
      0.0862327         3190.75         3229.96 
      0.0921407         2858.52         2857.39 
      0.0982031         2527.99         2537.94 
       0.104506         2345.66         2289.01 
       0.110769         2174.28         2118.95 
       0.116806         2041.25         2006.61 
       0.122832         1955.76         1918.27 
       0.129052         1831.45         1826.83 
       0.135211         1735.23         1720.48 
       0.141259         1641.42         1598.42 
       0.147318         1529.72         1466.91 
       0.153489         1392.02         1336.98 
       0.159709         1298.46         1222.73 
       0.165845         1236.02         1133.24 
       0.171974         1159.09         1067.02 
       0.178125         1109.64         1018.62 
       0.184229         1071.62           980.5 
        0.19034         1007.93         944.198 
       0.196428         988.863         904.151 
       0.202534         952.986         857.975 
       0.208729         901.769         806.464 
       0.214876         850.408         754.533 
       0.220989         818.139          706.31 
       0.227147          774.48         664.325 
        0.23329         741.337         630.223 
       0.239377         724.991         603.353 
       0.245482         678.116         581.258 
       0.251667          673.71         561.217 
       0.257832         652.545         541.234 
       0.263955         629.115         520.031 
       0.270079         605.982         497.281 
        0.27624         597.137         473.585 
       0.282372         571.571          450.48 
        0.28843         556.583          429.29 
       0.294538         530.123          410.36 
       0.300721         525.099         393.864 
        0.30691         501.434         379.641 
       0.313033         492.355         367.108 
       0.319153         475.487         355.296 
       0.325316         462.873         343.483 
        0.33145           448.9         331.478 
       0.337538          443.83         319.329 
       0.343633         429.097         307.202 
       0.349808         415.005         295.327 
       0.355968         410.488         284.248 
       0.362074         401.098         274.194 
       0.368217         390.982         265.052 
       0.374374         376.318         256.695 
       0.380519         372.432          248.93 
       0.386598         363.519         241.583 
       0.392688         360.158         234.354 
        0.39888         350.357         227.069 
       0.405048         343.182         219.886 
       0.411186         336.256         212.879 
       0.417313         329.482         206.148 
       0.423458          324.32          199.75 
       0.429607         317.153         193.734 
       0.435692         308.507         188.171 
       0.441815         306.591          182.91 
       0.447964         300.716         177.882 
       0.454126         290.122          173.03 
       0.460267         286.944         168.335 
       0.466387         283.391         163.755 
        0.47254         277.223         159.251 
       0.478662         276.091         154.899 
       0.484765         267.562         150.717 
       0.490885         264.297         146.694 
       0.497035         260.529         142.832 
       0.503198         254.582         139.146 
       0.509342         252.392         135.639 
       0.515458         248.662         132.284 
       0.521598         244.805         129.025 
       0.527764         240.812         125.849 
       0.533884         238.148         122.786 
           0.54         234.503         119.814 
       0.546137         233.439         116.917 
       0.552299         228.815           114.1 
       0.558452         226.003         111.384 
       0.564573         222.297         108.781 
       0.570708         218.426         106.271 
       0.576825         215.489         103.858 
       0.582926         212.694         101.531 
       0.589034         210.329         99.2703 
       0.595184         208.149         97.0594 
       0.601379         205.799         94.8968 
       0.607522         201.857         92.8151 
       0.613639         200.649         90.8036 
       0.619772         196.295         88.8474 
       0.625918         194.828          86.946 
       0.632068         192.348         85.1004 
       0.638161          191.09         83.3263 
         0.6443         188.197         81.5917 
       0.650464         186.454         79.9018 
       0.656582          184.55         78.2734 
       0.662703         182.426          76.691 
       0.668861         179.426         75.1439 
       0.675024         177.554         73.6386 
       0.681124         176.639         72.1895 
       0.687237         173.721         70.7762 
       0.693381         171.264         69.3939 
       0.699536         170.132         68.0461 
       0.705665         169.826           66.74 
       0.711789         166.263         65.4697 
       0.717957         165.713         64.2242 
        0.72409         163.422         63.0185 
       0.730186         161.116         61.8517 
       0.736317          160.07         60.7085 
       0.742472         159.057         59.5905 
       0.748622         157.525          58.502 
        0.75476         156.172         57.4433 
       0.760888         154.042         56.4128 
       0.767043         153.098         55.4036 
       0.773185         151.454         54.4214 
       0.779291          149.23         53.4687 
       0.785407         148.445         52.5376 
       0.791564         147.178         51.6231 
       0.797719         144.906         50.7309 
       0.803834         144.378         49.8657 
       0.809972         142.749         49.0177 
       0.816124         142.473         48.1877 
       0.822261         140.702         47.3793 
       0.828378         139.345         46.5921 
       0.834502          138.88         45.8222 
       0.840667         136.855         45.0649 
       0.846816         135.531          44.327 
       0.852925         134.579         43.6103 
       0.859047         133.154         42.9082 
       0.865192         132.394         42.2194 
       0.871341         131.076         41.5453 
       0.877463         129.844         40.8891 
       0.883569          128.86         40.2489 
       0.889708         127.947         39.6192 
       0.895864          126.76         39.0014 
       0.902008         125.797         38.3983 
       0.908149         125.171         37.8083 
       0.914301          123.84         37.2298 
       0.920448         122.894         36.6641 
       0.926574         122.047         36.1123 
       0.932687         121.668          35.573 
       0.938823         119.964         35.0429 
       0.944975         118.729         34.5225 
       0.951105         118.121         34.0146 
       0.957225         116.778         33.5178 
       0.963368         115.929         33.0293 
       0.969511         115.682         32.5507 
       0.975621         114.988         32.0841 
       0.981748         113.951         31.6255 
       0.987916         113.035         31.1731 
        0.99406         112.128         30.7313 
        1.00019         111.435          30.299 
        1.00632         110.439         29.8754 
        1.01246         109.741         29.4594 
        1.01859         108.566          29.052 
        1.02471         108.414         28.6529 
        1.03085         107.207           28.26 
        1.03698         106.454         27.8753 
        1.04314         105.555         27.4962 
        1.04929         104.939          27.125 
        1.05541         104.047         26.7623 
        1.06154         103.583         26.4053 
        1.06769         103.177         26.0544 
        1.07382         102.596          25.711 
        1.07993         101.771         25.3746 
        1.08607         100.855         25.0429 
        1.09222         100.388         24.7167 
        1.09836         99.4717         24.3969 
        1.10449         98.8204          24.083 
        1.11063         98.2768         23.7744 
        1.11677         97.6622         23.4713 
         1.1229         96.5844         23.1741 
        1.12903         95.7807         22.8818 
        1.13518         95.8156         22.5943 
        1.14131         95.1617         22.3119 
        1.14745         94.2455         22.0345 
        1.15359         93.7518         21.7619 
        1.15973         93.3054         21.4937 
        1.16584         92.4656         21.2314 
        1.17197         91.9832          20.973 
        1.17811         91.3267         20.7182 
        1.18424         90.6275         20.4683 
        1.19038         90.2212         20.2219 
        1.19652         89.8018         19.9797 
        1.20267         89.0038         19.7414 
        1.20881         88.6211         19.5071 
        1.21495         87.9231         19.2769 
        1.22108         87.3459         19.0506 
         1.2272         86.5117         18.8284 
        1.23334         86.3203         18.6093 
        1.23949         85.5799         18.3931 
        1.24562         85.3328          18.181 
        1.25174         84.7611         17.9726 
        1.25789         84.2895         17.7669 
        1.26402         83.7336         17.5647 
        1.27014         82.9857         17.3662 
        1.27628         82.6669         17.1702 
        1.28244         82.1901         16.9768 
        1.28858          81.728         16.7868 
        1.29471         81.1283            16.6 
        1.30084         80.7421         16.4163 
        1.30697         80.2391         16.2351 
        1.31312         79.8858         16.0564 
        1.31925         79.4517          15.881 
        1.32537         79.0629         15.7083 
        1.33151         78.3958         15.5376 
        1.33765         77.8986         15.3696 
        1.34378         77.3417         15.2044 
        1.34992         77.1058         15.0415 
        1.35606         76.7028         14.8807 
         1.3622         76.1819         14.7225 
        1.36833         75.8677         14.5669 
        1.37445          75.407         14.4138 
        1.38059         74.8519         14.2623 
        1.38675          74.401         14.1127 
        1.39288         73.9515         13.9658 
        1.39901         73.7937         13.8211 
        1.40515         73.3953         13.6781 
         1.4113          72.811         13.5373 
        1.41742         72.6785         13.3989 
        1.42355         72.0517         13.2622 
         1.4297         71.6645          13.127 
        1.43585         71.1852         12.9938 
        1.44198         71.0017          12.863 
        1.44809         70.6448         12.7341 
        1.45423         70.2824         12.6066 
        1.46036         69.9986         12.4811 
        1.46649         69.5666         12.3572 
        1.47263           69.23          12.235 
        1.47877         68.8275         12.1144 
        1.48491         68.3946         11.9953 
        1.49104          68.055          11.878 
        1.49718          67.618         11.7623 
        1.50333         67.3012         11.6479 
        1.50947         67.0092         11.5352 
         1.5156         66.6603         11.4242 
        1.52172         66.4482         11.3147 
        1.52787         66.1776         11.2064 
          1.534         65.7651         11.0996 
        1.54013         65.3256         10.9944 
        1.54627         65.0428         10.8903 
        1.55241         64.7387         10.7875 
        1.55855         64.2932         10.6863 
        1.56467          63.956         10.5866 
         1.5708         63.8375         10.4879 
        1.57695         63.5882         10.3903 
        1.58308         63.0899         10.2942 
        1.58922         63.0709         10.1993 
        1.59535         62.7816         10.1056 
         1.6015         62.1795         10.0129 
        1.60764         62.0013         9.92144 
        1.61376         61.6424         9.83139 
        1.61989         61.2807         9.74238 
        1.62604         61.0139         9.65428 
        1.63218         60.9061         9.56733 
        1.63831         60.5304         9.48166 
        1.64444         60.1936           9.397 
        1.65059         59.7804         9.31318 
        1.65673         59.6938         9.23048 
        1.66285         59.3239         9.14901 
        1.66898         59.0742         9.06851 
        1.67512         58.7521         8.98882 
        1.68127         58.4231         8.91001 
         1.6874         58.3114         8.83233 
        1.69353         58.0454         8.75562 
        1.69967         57.5826         8.67964 
        1.70581         57.6264          8.6046 
        1.71193         57.3045         8.53073 
        1.71806         56.8357         8.45757 
        1.72421         56.7952         8.38512 
        1.73035         56.3772         8.31361 
        1.73649         56.0484         8.24295 
        1.74262         55.9053         8.17316 
        1.74876         55.7083         8.10415 
        1.75489         55.3713         8.03607 
        1.76101         55.2266         7.96879 
        1.76715         54.9179          7.9022 
        1.77329         54.7033         7.83629 
        1.77943         54.3454          7.7711 
        1.78557         54.2179         7.70676 
        1.79171         53.9323         7.64313 
        1.79785         53.7727         7.58021 
        1.80399         53.5314         7.51802 
        1.81012         53.3998         7.45661 
        1.81625         52.9707         7.39591 
        1.82239         52.8105          7.3358 
        1.82853         52.4195         7.27639 
        1.83466         52.2494          7.2177 
        1.84078         51.9877         7.15972 
        1.84692         51.7224         7.10228 
        1.85306         51.5846         7.04541 
         1.8592         51.2919         6.98924 
        1.86533         51.0887         6.93373 
        1.87147          50.913         6.87875 
        1.87761           50.82         6.82435 
        1.88375         50.4594         6.77059 
        1.88988         50.4163         6.71748 
        1.89601         50.0707         6.66491 
        1.90215         49.8242         6.61286 
        1.90829         49.6918         6.56139 
        1.91442          49.367         6.51046 
        1.92056         49.2164         6.46012 
         1.9267         49.0085         6.41026 
        1.93284         48.7841          6.3609 
        1.93897         48.5298         6.31216 
        1.94509         48.2782         6.26402 
        1.95123          48.229         6.21627 
        1.95737         47.9743         6.16899 
        1.96349         47.7794         6.12232 
        1.96964         47.5836         6.07599 
        1.97578         47.3472         6.03013 
        1.98192         47.2382         5.98483 
        1.98805         47.0435            5.94 
        1.99419         46.8122         5.89562 
        2.00033         46.5368         5.85168 
        2.00647         46.4252          5.8082 
         2.0126         46.2316         5.76523 
        2.01874         45.9718         5.72264 
        2.02488         45.8533         5.68043 
        2.03101         45.6857         5.63874 
        2.03714         45.4813          5.5975 
        2.04328         45.2364         5.55663 
        2.04941         45.0176          5.5162 
        2.05554         44.8342          5.4762 
        2.06167         44.8184         5.43655 
        2.06781         44.5267         5.39728 
        2.07396         44.3221         5.35835 
        2.08009         44.1483         5.31987 
        2.08622         43.8953         5.28181 
        2.09237         43.7472         5.24405 
        2.09851         43.5683         5.20665 
        2.10464         43.4581         5.16968 
        2.11077         43.2622         5.13312 
        2.11691         43.0457         5.09682 
        2.12305         42.7856         5.06088 
        2.12918         42.7417         5.02537 
        2.13531         42.4415          4.9902 
        2.14145         42.3936         4.95528 
         2.1476          42.186         4.92065 
        2.15372          42.009         4.88654 
        2.15985          41.806         4.85271 
        2.16599         41.7285          4.8191 
        2.17213         41.5165         4.78585 
        2.17827         41.3296         4.75292 
         2.1844         41.1181         4.72033 
        2.19054          40.987         4.68803 
        2.19666         40.8234         4.65608 
         2.2028         40.6143         4.62441 
        2.20893         40.5451         4.59301 
        2.21508         40.3462         4.56187 
        2.22122         40.1345         4.53101 
        2.22736         40.0057         4.50049 
        2.23349         39.8313         4.47027 
        2.23962         39.6596         4.44031 
        2.24577         39.4998          4.4106 
         2.2519         39.3735          4.3812 
        2.25802         39.2135         4.35212 
        2.26417         39.0267         4.32322 
        2.27031         38.9431         4.29455 
        2.27644         38.7541         4.26624 
        2.28257         38.5807         4.23817 
        2.28872         38.4313         4.21031 
        2.29486         38.2355         4.18271 
        2.30099         38.1936         4.15541 
        2.30712         38.0021         4.12834 
        2.31326         37.8713         4.10147 
         2.3194         37.6011         4.07485 
        2.32553         37.5402         4.04851 
        2.33166         37.3954         4.02242 
         2.3378         37.1504         3.99652 
        2.34394         36.9677         3.97085 
        2.35007         36.8791         3.94543 
        2.35619         36.7545         3.92027 
        2.36233         36.6612         3.89527 
        2.36848         36.4524         3.87043 
        2.37462           36.35         3.84587 
        2.38075         36.2149         3.82154 
        2.38689         36.1368          3.7974 
        2.39303         35.9439         3.77347 
        2.39916         35.7336         3.74978 
        2.40529         35.5202         3.72629 
        2.41143         35.5267         3.70298 
        2.41757         35.3296         3.67987 
         2.4237         35.2714         3.65699 
        2.42983         35.0701         3.63431 
        2.43598         34.9443         3.61176 
        2.44211         34.7734         3.58944 
        2.44823         34.6665         3.56736 
        2.45437           34.57          3.5454 
        2.46052         34.4128         3.52361 
        2.46665           34.34         3.50205 
        2.47279          34.177         3.48067 
        2.47892         33.9796         3.45945 
        2.48507         33.9121          3.4384 
         2.4912          33.832         3.41755 
        2.49733         33.6556          3.3969 
        2.50347          33.505         3.37637 
        2.50961         33.4792         3.35602 
        2.51575         33.3204         3.33584 
        2.52188         33.1391         3.31586 
        2.52802         33.0752         3.29602 
        2.53416         32.9685         3.27633 
        2.54029         32.7745         3.25684 
        2.54641         32.7307         3.23751 
        2.55255         32.6024         3.21833 
        2.55869         32.5222         3.19927 
        2.56483         32.3589         3.18038 
        2.57096         32.2251         3.16168 
        2.57709         32.1073         3.14311 
        2.58323         32.0464         3.12468 
        2.58937         31.9036         3.10639 
        2.59551         31.8231         3.08827 
        2.60164         31.7429         3.07029 
        2.60778         31.5815         3.05244 
        2.61392         31.4414         3.03474 
        2.62006         31.3232         3.01719 
        2.62619         31.2788         2.99979 
        2.63232         31.1325         2.98253 
        2.63846         31.0309         2.96538 
        2.64459         30.9413         2.94839 
        2.65072         30.8193         2.93153 
        2.65686         30.7077         2.91481 
          2.663         30.6339         2.89818 
        2.66915         30.5237         2.88169 
        2.67527         30.4556         2.86536 
        2.68141         30.3357         2.84915 
        2.68755         30.2654         2.83305 
        2.69368         30.1255         2.81709 
        2.69981         30.0471         2.80128 
        2.70595         29.9646         2.78555 
        2.71209         29.8536         2.76993 
        2.71823         29.7433         2.75446 
        2.72436         29.7477         2.73911 
         2.7305         29.5858         2.72387 
        2.73663         29.5076         2.70874 
        2.74276          29.414         2.69375 
         2.7489         29.3897         2.67886 
        2.75504         29.2532         2.66407 
        2.76118         29.2151         2.64938 
        2.76732         29.0885         2.63482 
        2.77345         29.0088         2.62038 
        2.77959         28.9484         2.60605 
        2.78572         28.8826         2.59182 
        2.79186           28.79         2.57771 
        2.79798         28.7399         2.56371 
        2.80412         28.6181         2.54979 
        2.81027         28.6166         2.53597 
         2.8164         28.4918         2.52227 
        2.82253         28.4633         2.50867 
        2.82867         28.3912         2.49517 
        2.83481         28.3229         2.48177 
        2.84095         28.2224         2.46846 
        2.84708         28.1674         2.45527 
        2.85322         28.1021         2.44216 
        2.85935         28.0733         2.42915 
        2.86549         28.0286         2.41624 
        2.87162         27.9747         2.40342 
        2.87776         27.9109          2.3907 
        2.88389         27.8183         2.37806 
        2.89003          27.783         2.36553 
        2.89617         27.7621         2.35307 
        2.90231         27.6832         2.34071 
        2.90844          27.643         2.32844 
        2.91458          27.606         2.31626 
        2.92071         27.5553         2.30418 
        2.92684         27.5323         2.29217 
        2.93298         27.4016         2.28026 
         2.9391         27.3958         2.26844 
        2.94524         27.3433         2.25669 
        2.95138         27.3043         2.24502 
        2.95752         27.3195         2.23343 
        2.96367         27.2261         2.22191 
         2.9698         27.2549          2.2105 
        2.97594         27.1713         2.19915 
        2.98207         27.1064         2.18789 
        2.98821         27.0943         2.17672 
        2.99434         27.0622         2.16562 
        3.00048         27.0771          2.1546 
        3.00662          27.057         2.14364 
        3.01275         27.0095         2.13278 
        3.01888         27.0037           2.122 
        3.02503         26.9978         2.11127 
        3.03117         26.9503         2.10062 
        3.03729         26.9312         2.09007 
        3.04342         26.9298         2.07958 
        3.04957          26.893         2.06913 
         3.0557         26.9085         2.05878 
        3.06183          26.879         2.04852 
        3.06796         26.8807         2.03831 
        3.07411         26.9052         2.02815 
        3.08025         26.8526         2.01808 
        3.08637         26.8772          2.0081 
         3.0925         26.8821         1.99817 
        3.09865          26.914         1.98829 
         3.1048         26.9048         1.97847 
        3.11093         26.8952         1.96875 
        3.11706         26.9197         1.95909 
         3.1232         26.9348         1.94948 
        3.12933         26.9536         1.93994 
        3.13547         26.9386         1.93047 
        3.14159         26.9296         1.92108 
