# k  (h/Mpc)    P(k)  (Mpc/h)^3    P_linear(k)  (Mpc/h)^3
     0.00783031         18553.3         18565.8 
       0.013688           23107         22803.2 
       0.019231         23059.7         22964.2 
      0.0249154         20743.6         21105.6 
      0.0312784         17997.3         18160.5 
      0.0375637         15390.2         15396.1 
      0.0433917         13116.6         13383.2 
      0.0492413         11868.9           11947 
      0.0555754         10494.9         10897.7 
      0.0619321         10119.1         10125.9 
       0.067871         9123.14         9454.15 
      0.0738098         8418.15         8712.32 
      0.0800417         7494.69         7838.14 
      0.0862327         6765.35         6936.81 
      0.0921407         6126.02         6136.63 
      0.0982031         5430.77         5450.53 
       0.104506         5096.72         4915.91 
       0.110769          4726.8         4550.67 
       0.116806         4458.21          4309.4 
       0.122832         4243.77         4119.65 
       0.129052         3949.06         3923.26 
       0.135211         3747.51         3694.87 
       0.141259         3579.59         3432.72 
       0.147318         3365.18         3150.28 
       0.153489         3070.73         2871.25 
       0.159709         2891.22         2625.88 
       0.165845         2787.98         2433.69 
       0.171974         2637.87         2291.47 
       0.178125         2514.49         2187.53 
       0.184229         2411.73         2105.67 
        0.19034         2295.68          2027.7 
       0.196428         2245.17          1941.7 
       0.202534          2154.9         1842.53 
       0.208729         2062.12         1731.91 
       0.214876         1979.74         1620.38 
       0.220989         1912.11         1516.82 
       0.227147         1837.17         1426.66 
        0.23329         1762.79         1353.42 
       0.239377         1738.12         1295.72 
       0.245482         1633.93         1248.27 
       0.251667         1629.05         1205.23 
       0.257832         1569.19         1162.31 
       0.263955         1516.03         1116.78 
       0.270079         1465.33         1067.92 
        0.27624         1447.63         1017.03 
       0.282372         1389.02         967.411 
        0.28843         1385.47         921.905 
       0.294538         1318.37         881.255 
       0.300721         1308.13         845.828 
        0.30691         1263.38         815.282 
       0.313033         1238.76         788.367 
       0.319153         1218.14         763.003 
       0.325316         1180.28         737.634 
        0.33145         1155.54         711.851 
       0.337538         1134.71         685.762 
       0.343633         1112.22         659.719 
       0.349808         1076.15         634.214 
       0.355968         1067.61         610.424 
       0.362074         1058.84         588.833 
       0.368217         1025.04           569.2 
       0.374374         990.334         551.254 
       0.380519         991.804         534.578 
       0.386598         963.614         518.799 
       0.392688         959.914         503.276 
        0.39888         932.523         487.631 
       0.405048          923.89         472.204 
       0.411186         911.206         457.158 
       0.417313         890.378         442.702 
       0.423458         876.177         428.964 
       0.429607          865.58         416.043 
       0.435692         849.224         404.098 
       0.441815         842.134         392.799 
       0.447964         824.365         382.001 
       0.454126         819.499         371.582 
       0.460267         798.366         361.498 
       0.466387         788.069         351.664 
        0.47254         785.919          341.99 
       0.478662         775.184         332.645 
       0.484765         754.397         323.663 
       0.490885         749.837         315.026 
       0.497035         733.622         306.731 
       0.503198         729.714         298.817 
       0.509342         721.478         291.284 
       0.515458         717.904         284.079 
       0.521598         700.117         277.082 
       0.527764         688.005         270.259 
       0.533884         685.835         263.683 
           0.54         679.361           257.3 
       0.546137         671.862         251.079 
       0.552299          664.72         245.029 
       0.558452         658.162         239.196 
       0.564573          650.66         233.607 
       0.570708         642.569         228.217 
       0.576825         626.215         223.035 
       0.582926          628.59         218.037 
       0.589034         622.621         213.182 
       0.595184         616.956         208.434 
       0.601379         608.764          203.79 
       0.607522         598.909          199.32 
       0.613639         598.673             195 
       0.619772         586.078         190.799 
       0.625918         582.441         186.716 
       0.632068          574.99         182.752 
       0.638161         572.102         178.942 
         0.6443         562.834         175.217 
       0.650464         560.799         171.588 
       0.656582         555.317         168.091 
       0.662703         553.286         164.693 
       0.668861         544.254         161.371 
       0.675024         539.419         158.138 
       0.681124         535.446         155.026 
       0.687237         531.437         151.991 
       0.693381         524.834         149.023 
       0.699536         514.867         146.128 
       0.705665         514.241         143.323 
       0.711789         511.742         140.595 
       0.717957         506.654         137.921 
        0.72409         503.934         135.332 
       0.730186         496.287         132.826 
       0.736317         492.617         130.371 
       0.742472         490.232          127.97 
       0.748622         484.666         125.632 
        0.75476         477.166         123.359 
       0.760888         473.336         121.146 
       0.767043         472.315         118.979 
       0.773185         467.723         116.869 
       0.779291         462.665         114.823 
       0.785407         459.279         112.824 
       0.791564         454.219          110.86 
       0.797719         452.582         108.944 
       0.803834          446.94         107.086 
       0.809972          444.62         105.265 
       0.816124         443.485         103.482 
       0.822261         437.276         101.747 
       0.828378         435.275         100.056 
       0.834502         429.834         98.4026 
       0.840667         425.828         96.7763 
       0.846816         423.896         95.1916 
       0.852925         420.592         93.6527 
       0.859047         418.017         92.1448 
       0.865192         412.967         90.6655 
       0.871341         409.393          89.218 
       0.877463         408.308         87.8088 
       0.883569         404.102         86.4339 
       0.889708         401.743         85.0817 
       0.895864          400.44         83.7551 
       0.902008         396.127         82.4597 
       0.908149          390.59         81.1928 
       0.914301         388.514         79.9506 
       0.920448         386.608         78.7358 
       0.926574         380.043         77.5506 
       0.932687         379.496         76.3925 
       0.938823         376.311         75.2542 
       0.944975         374.883         74.1365 
       0.951105         370.639         73.0458 
       0.957225         368.256          71.979 
       0.963368         364.089           70.93 
       0.969511         362.948         69.9021 
       0.975621         359.965         68.9001 
       0.981748         357.962         67.9154 
       0.987916         355.963         66.9438 
        0.99406         349.797          65.995 
        1.00019         347.985         65.0666 
        1.00632         346.169          64.157 
        1.01246         343.257         63.2636 
        1.01859         342.924         62.3888 
        1.02471         337.717         61.5317 
        1.03085         336.816         60.6879 
        1.03698          334.37         59.8617 
        1.04314         331.069         59.0476 
        1.04929         327.346         58.2506 
        1.05541         328.056         57.4716 
        1.06154         322.503          56.705 
        1.06769         321.116         55.9514 
        1.07382         318.534          55.214 
        1.07993         316.623         54.4915 
        1.08607         315.152         53.7791 
        1.09222         312.113         53.0788 
        1.09836         309.776         52.3919 
        1.10449         307.495         51.7179 
        1.11063          303.32         51.0551 
        1.11677         303.688         50.4043 
         1.1229         301.038          49.766 
        1.12903         298.346         49.1382 
        1.13518         295.596         48.5208 
        1.14131         293.822         47.9144 
        1.14745         291.891         47.3188 
        1.15359         289.911         46.7333 
        1.15973         288.547         46.1575 
        1.16584         285.304          45.594 
        1.17197         285.241         45.0392 
        1.17811         281.281         44.4919 
        1.18424         279.412         43.9554 
        1.19038         278.326         43.4262 
        1.19652         275.512          42.906 
        1.20267         274.381         42.3943 
        1.20881         272.303         41.8911 
        1.21495          269.85         41.3969 
        1.22108         268.005         40.9108 
         1.2272         266.172         40.4337 
        1.23334         264.561         39.9631 
        1.23949         261.962         39.4989 
        1.24562         260.928         39.0435 
        1.25174         258.825         38.5959 
        1.25789          256.49          38.154 
        1.26402         254.629         37.7199 
        1.27014         252.778         37.2936 
        1.27628         250.976         36.8727 
        1.28244         250.934         36.4575 
        1.28858         248.026         36.0493 
        1.29471         246.648         35.6482 
        1.30084         243.929         35.2537 
        1.30697         242.962         34.8646 
        1.31312         240.348         34.4808 
        1.31925         238.968         34.1041 
        1.32537         238.008         33.7333 
        1.33151         236.043         33.3668 
        1.33765         233.387          33.006 
        1.34378          232.43         32.6512 
        1.34992         231.201         32.3014 
        1.35606         229.866          31.956 
         1.3622         227.856         31.6162 
        1.36833         226.118         31.2822 
        1.37445          224.64         30.9533 
        1.38059         222.629         30.6281 
        1.38675         221.319         30.3067 
        1.39288         220.009         29.9913 
        1.39901         218.857         29.6806 
        1.40515         217.115         29.3735 
         1.4113          215.67          29.071 
        1.41742          213.81         28.7739 
        1.42355         212.305         28.4804 
         1.4297         210.905         28.1901 
        1.43585          209.54          27.904 
        1.44198         208.732         27.6229 
        1.44809         206.517         27.3463 
        1.45423         205.338         27.0725 
        1.46036         204.144         26.8029 
        1.46649          202.34         26.5369 
        1.47263         201.337         26.2744 
        1.47877         199.411         26.0155 
        1.48491         197.677         25.7597 
        1.49104         196.679         25.5079 
        1.49718          195.09         25.2593 
        1.50333          194.39         25.0136 
        1.50947         192.948         24.7716 
         1.5156         191.153         24.5333 
        1.52172         190.044         24.2981 
        1.52787          188.34         24.0655 
          1.534          187.94         23.8362 
        1.54013         186.132         23.6102 
        1.54627         185.141         23.3867 
        1.55241         183.461          23.166 
        1.55855         181.741         22.9486 
        1.56467         181.067         22.7345 
         1.5708         179.983         22.5226 
        1.57695         178.665          22.313 
        1.58308         177.034         22.1066 
        1.58922         175.768         21.9027 
        1.59535         174.477         21.7015 
         1.6015          174.04         21.5025 
        1.60764         172.329         21.3061 
        1.61376         171.829         21.1127 
        1.61989          170.26         20.9216 
        1.62604         168.534         20.7324 
        1.63218         168.235         20.5456 
        1.63831         166.688         20.3617 
        1.64444          165.51         20.1799 
        1.65059         164.564         19.9999 
        1.65673         163.413         19.8223 
        1.66285         161.983         19.6473 
        1.66898         161.153         19.4744 
        1.67512         160.233         19.3033 
        1.68127          158.39         19.1341 
         1.6874         157.745         18.9672 
        1.69353         156.709         18.8025 
        1.69967         155.344         18.6393 
        1.70581         154.533         18.4782 
        1.71193         153.489         18.3195 
        1.71806         152.622         18.1624 
        1.72421         151.277         18.0069 
        1.73035          150.56         17.8533 
        1.73649         149.591         17.7015 
        1.74262         148.517         17.5517 
        1.74876         147.372         17.4035 
        1.75489         146.351         17.2573 
        1.76101         144.866         17.1128 
        1.76715         144.394         16.9698 
        1.77329         143.244         16.8282 
        1.77943         142.611         16.6883 
        1.78557         141.522         16.5501 
        1.79171         140.722         16.4134 
        1.79785         139.378         16.2783 
        1.80399         138.512         16.1448 
        1.81012         137.728         16.0129 
        1.81625         137.061         15.8825 
        1.82239         135.923         15.7535 
        1.82853         135.275         15.6259 
        1.83466         134.204         15.4998 
        1.84078         133.661         15.3753 
        1.84692         131.933          15.252 
        1.85306         131.468         15.1298 
         1.8592         130.529         15.0092 
        1.86533         129.926           14.89 
        1.87147         128.878         14.7719 
        1.87761         127.824         14.6551 
        1.88375         126.938         14.5397 
        1.88988         125.921         14.4256 
        1.89601         125.459         14.3127 
        1.90215         124.651         14.2009 
        1.90829         123.461         14.0904 
        1.91442         122.835         13.9811 
        1.92056         122.205          13.873 
         1.9267         121.203         13.7659 
        1.93284         120.261         13.6599 
        1.93897         119.769         13.5552 
        1.94509         118.953         13.4518 
        1.95123         118.145         13.3493 
        1.95737         117.373         13.2477 
        1.96349         116.664         13.1475 
        1.96964         115.633          13.048 
        1.97578         114.991         12.9495 
        1.98192          114.21         12.8523 
        1.98805         113.409          12.756 
        1.99419         112.715         12.6607 
        2.00033         112.128         12.5663 
        2.00647         111.397          12.473 
         2.0126         110.595         12.3807 
        2.01874         109.924         12.2892 
        2.02488         109.274         12.1986 
        2.03101         108.274          12.109 
        2.03714         107.694         12.0205 
        2.04328         106.872         11.9327 
        2.04941         106.308         11.8459 
        2.05554         105.367           11.76 
        2.06167         104.921         11.6748 
        2.06781         104.124         11.5905 
        2.07396          103.53         11.5069 
        2.08009         102.884         11.4243 
        2.08622         102.215         11.3425 
        2.09237          101.49         11.2615 
        2.09851         101.048         11.1811 
        2.10464          100.37         11.1018 
        2.11077         99.6907         11.0232 
        2.11691         99.2484         10.9453 
        2.12305         98.4149         10.8681 
        2.12918          97.798         10.7918 
        2.13531         97.1335         10.7163 
        2.14145          96.495         10.6413 
         2.1476         95.7658          10.567 
        2.15372         95.3935         10.4937 
        2.15985         94.8691          10.421 
        2.16599         94.0898         10.3489 
        2.17213         93.5014         10.2775 
        2.17827         92.9789         10.2068 
         2.1844          92.227         10.1368 
        2.19054         91.7688         10.0674 
        2.19666         91.0862         9.99881 
         2.2028         90.6008         9.93078 
        2.20893         90.1756         9.86335 
        2.21508         89.3601         9.79648 
        2.22122         88.7566          9.7302 
        2.22736         88.4019         9.66468 
        2.23349         87.9205         9.59978 
        2.23962         87.2708         9.53543 
        2.24577         86.7296         9.47163 
         2.2519         86.0969          9.4085 
        2.25802         85.5923         9.34604 
        2.26417         85.2927         9.28398 
        2.27031         84.5939         9.22243 
        2.27644         84.1128         9.16161 
        2.28257          83.546         9.10135 
        2.28872         82.9667         9.04152 
        2.29486         82.5476         8.98224 
        2.30099         82.0105         8.92361 
        2.30712         81.5989         8.86548 
        2.31326          80.953         8.80777 
         2.3194         80.4792         8.75061 
        2.32553         80.1879         8.69406 
        2.33166         79.5003         8.63803 
         2.3378         79.1484         8.58241 
        2.34394         78.6037         8.52727 
        2.35007         78.1413         8.47269 
        2.35619         77.6672         8.41866 
        2.36233         77.3025         8.36497 
        2.36848         76.7753         8.31164 
        2.37462         76.4741         8.25888 
        2.38075          75.754         8.20664 
        2.38689         75.5101          8.1548 
        2.39303         74.9428         8.10342 
        2.39916         74.5014         8.05253 
        2.40529         74.2417         8.00209 
        2.41143         73.8148         7.95204 
        2.41757          73.284         7.90239 
         2.4237         72.9579         7.85327 
        2.42983         72.4714         7.80456 
        2.43598         72.0045         7.75614 
        2.44211         71.7065         7.70821 
        2.44823         71.2648         7.66079 
        2.45437         70.8578         7.61364 
        2.46052         70.3739         7.56685 
        2.46665         70.1909         7.52053 
        2.47279          69.559         7.47462 
        2.47892         69.2742         7.42906 
        2.48507         68.8924         7.38384 
         2.4912         68.4713         7.33908 
        2.49733         67.9712         7.29473 
        2.50347         67.6545         7.25065 
        2.50961         67.3385         7.20694 
        2.51575         66.9298         7.16361 
        2.52188          66.666          7.1207 
        2.52802         66.3329         7.07809 
        2.53416         65.8259         7.03581 
        2.54029         65.4347         6.99395 
        2.54641         65.1909         6.95245 
        2.55255         64.7684         6.91125 
        2.55869         64.4798         6.87031 
        2.56483         64.1203         6.82976 
        2.57096         63.8607         6.78959 
        2.57709         63.5017         6.74973 
        2.58323          63.146         6.71015 
        2.58937         62.8549         6.67086 
        2.59551         62.5184         6.63194 
        2.60164         62.2619         6.59335 
        2.60778         61.9687         6.55502 
        2.61392         61.5291           6.517 
        2.62006         61.2097          6.4793 
        2.62619         60.9359         6.44194 
        2.63232         60.5872         6.40487 
        2.63846         60.2724         6.36805 
        2.64459         59.9432         6.33156 
        2.65072         59.7422         6.29537 
        2.65686         59.3415         6.25944 
          2.663         59.1275         6.22374 
        2.66915         58.7761         6.18832 
        2.67527         58.5438         6.15326 
        2.68141         58.2863         6.11845 
        2.68755         58.0155         6.08388 
        2.69368         57.7718         6.04961 
        2.69981         57.4798         6.01564 
        2.70595         57.1875         5.98186 
        2.71209         56.9527         5.94832 
        2.71823         56.6962          5.9151 
        2.72436         56.4885         5.88213 
         2.7305         56.1285          5.8494 
        2.73663         55.9014         5.81693 
        2.74276         55.6692         5.78473 
         2.7489         55.4015         5.75275 
        2.75504         55.2587         5.72098 
        2.76118         55.0138         5.68944 
        2.76732         54.6974         5.65819 
        2.77345         54.4987         5.62717 
        2.77959         54.3211         5.59639 
        2.78572         54.1049         5.56584 
        2.79186            53.8         5.53553 
        2.79798         53.6642         5.50547 
        2.80412         53.4987         5.47559 
        2.81027         53.2063         5.44589 
         2.8164         52.9994         5.41648 
        2.82253          52.769         5.38728 
        2.82867         52.6574         5.35829 
        2.83481         52.3031          5.3295 
        2.84095         52.1555         5.30092 
        2.84708         51.9378         5.27259 
        2.85322         51.7474         5.24444 
        2.85935         51.6072          5.2165 
        2.86549         51.3756         5.18877 
        2.87162         51.2449         5.16125 
        2.87776         51.0096         5.13393 
        2.88389         50.9374          5.1068 
        2.89003         50.6704         5.07987 
        2.89617         50.5469         5.05313 
        2.90231         50.3899         5.02658 
        2.90844         50.2826         5.00023 
        2.91458         50.0263         4.97407 
        2.92071         49.9495         4.94813 
        2.92684         49.7503         4.92235 
        2.93298          49.533         4.89676 
         2.9391         49.4305         4.87139 
        2.94524         49.2333         4.84616 
        2.95138         49.1992          4.8211 
        2.95752         49.0306         4.79619 
        2.96367         48.8616         4.77146 
         2.9698         48.7476         4.74695 
        2.97594         48.6949         4.72259 
        2.98207         48.5856         4.69841 
        2.98821         48.3698         4.67441 
        2.99434         48.2953         4.65058 
        3.00048         48.2442          4.6269 
        3.00662         48.1449         4.60338 
        3.01275         48.0222         4.58006 
        3.01888         47.9616          4.5569 
        3.02503         47.8593         4.53386 
        3.03117         47.7098         4.51098 
        3.03729         47.6851         4.48833 
        3.04342         47.5513          4.4658 
        3.04957         47.5159         4.44338 
         3.0557         47.4454         4.42115 
        3.06183         47.3491         4.39911 
        3.06796         47.2853         4.37719 
        3.07411         47.1647         4.35537 
        3.08025         47.1561         4.33375 
        3.08637         47.0774         4.31231 
         3.0925         47.0797         4.29098 
        3.09865         46.9925         4.26976 
         3.1048         46.9118         4.24869 
        3.11093         46.9399          4.2278 
        3.11706         46.9321         4.20705 
         3.1232         46.8744         4.18643 
        3.12933         46.8561         4.16594 
        3.13547         46.7629         4.14561 
        3.14159         46.7183         4.12544 
