# k  (h/Mpc)    P(k)  (Mpc/h)^3    P_linear(k)  (Mpc/h)^3
     0.00783031         7104.49         7115.54 
       0.013688          8792.7         8743.62 
       0.019231         8832.69         8807.59 
      0.0249154         8035.42         8096.12 
      0.0312784          6961.3         6967.23 
      0.0375637         5931.58         5907.15 
      0.0433917         5100.35         5135.13 
      0.0492413         4596.61         4584.27 
      0.0555754         4113.44         4181.76 
      0.0619321         3920.68         3885.73 
       0.067871         3579.99         3628.03 
      0.0738098         3301.32         3343.41 
      0.0800417         2954.07         3007.98 
      0.0862327         2646.68         2662.12 
      0.0921407         2366.87         2355.06 
      0.0982031          2093.1         2091.77 
       0.104506         1937.63         1886.61 
       0.110769         1796.13         1746.46 
       0.116806          1685.6         1653.87 
       0.122832         1616.44         1581.05 
       0.129052          1515.8         1505.69 
       0.135211         1435.37         1418.05 
       0.141259         1355.51         1317.44 
       0.147318         1261.66         1209.05 
       0.153489         1147.81         1101.96 
       0.159709         1068.24         1007.79 
       0.165845         1014.89         934.032 
       0.171974         950.162         879.453 
       0.178125          910.47         839.561 
       0.184229         879.725         808.145 
        0.19034         827.639         778.224 
       0.196428         811.364         745.217 
       0.202534         781.877         707.157 
       0.208729           738.6         664.701 
       0.214876         694.886           621.9 
       0.220989         667.521         582.152 
       0.227147           630.2         547.549 
        0.23329         602.962         519.442 
       0.239377         588.684         497.295 
       0.245482         551.144         479.084 
       0.251667         546.832         462.566 
       0.257832          530.25         446.095 
       0.263955         510.684         428.619 
       0.270079         491.778         409.869 
        0.27624         483.529         390.338 
       0.282372         462.851         371.294 
        0.28843         448.659         353.829 
       0.294538         428.152         338.227 
       0.300721         423.056          324.63 
        0.30691         403.725         312.907 
       0.313033         396.034         302.577 
       0.319153         381.357         292.842 
       0.325316         371.894         283.106 
        0.33145         360.089          273.21 
       0.337538         355.773         263.197 
       0.343633         343.677         253.202 
       0.349808         332.622         243.413 
       0.355968         328.077         234.283 
       0.362074         319.583         225.996 
       0.368217          311.68         218.461 
       0.374374         300.831         211.573 
       0.380519         296.694         205.173 
       0.386598         289.509         199.117 
       0.392688         286.077         193.159 
        0.39888         278.657         187.155 
       0.405048         272.647         181.234 
       0.411186         266.826         175.459 
       0.417313         261.259         169.911 
       0.423458         256.917         164.638 
       0.429607         250.969         159.679 
       0.435692         243.541         155.095 
       0.441815         242.075         150.758 
       0.447964         237.701         146.614 
       0.454126         228.277         142.615 
       0.460267         226.024         138.745 
       0.466387         223.115          134.97 
        0.47254         218.361         131.258 
       0.478662         216.983         127.671 
       0.484765         210.453         124.224 
       0.490885         207.546         120.908 
       0.497035         204.952         117.725 
       0.503198         199.642         114.687 
       0.509342         197.351         111.796 
       0.515458         194.415         109.031 
       0.521598          191.77         106.345 
       0.527764         188.756         103.727 
       0.533884         186.201         101.203 
           0.54          183.24          98.753 
       0.546137         182.151         96.3655 
       0.552299         178.849         94.0433 
       0.558452         175.898         91.8046 
       0.564573          172.93         89.6595 
       0.570708         170.269         87.5909 
       0.576825         168.011          85.602 
       0.582926           165.4         83.6836 
       0.589034         163.235         81.8206 
       0.595184         161.459         79.9982 
       0.601379          159.64         78.2158 
       0.607522         156.292            76.5 
       0.613639         155.515         74.8421 
       0.619772         152.184         73.2297 
       0.625918         150.803         71.6625 
       0.632068          149.06         70.1414 
       0.638161         147.759         68.6791 
         0.6443         145.707         67.2494 
       0.650464         144.286         65.8566 
       0.656582          142.39         64.5145 
       0.662703         140.349         63.2102 
       0.668861          138.38         61.9351 
       0.675024         136.965         60.6943 
       0.681124         135.962            59.5 
       0.687237         133.546         58.3351 
       0.693381         131.793         57.1958 
       0.699536         130.822         56.0849 
       0.705665         130.991         55.0084 
       0.711789         127.689         53.9614 
       0.717957         127.184         52.9348 
        0.72409         125.376         51.9411 
       0.730186         123.416         50.9793 
       0.736317         122.979         50.0371 
       0.742472         121.985         49.1156 
       0.748622         120.736         48.2184 
        0.75476         119.636         47.3459 
       0.760888         117.994         46.4965 
       0.767043         117.003         45.6647 
       0.773185          115.72         44.8551 
       0.779291         114.485         44.0699 
       0.785407         113.585         43.3025 
       0.791564         112.521         42.5487 
       0.797719         110.828         41.8134 
       0.803834         110.418         41.1002 
       0.809972         108.831         40.4013 
       0.816124         108.396         39.7172 
       0.822261         107.339         39.0509 
       0.828378         106.335         38.4021 
       0.834502         105.587         37.7675 
       0.840667         104.439         37.1433 
       0.846816         103.247         36.5351 
       0.852925         102.358         35.9445 
       0.859047         101.248         35.3658 
       0.865192         100.768          34.798 
       0.871341         99.8905         34.2424 
       0.877463         98.6141         33.7016 
       0.883569          97.849         33.1739 
       0.889708         97.2743         32.6549 
       0.895864          96.475         32.1457 
       0.902008         95.5761         31.6486 
       0.908149         95.0541         31.1623 
       0.914301         94.0805         30.6855 
       0.920448         93.3715         30.2193 
       0.926574          92.617         29.7644 
       0.932687         92.3212         29.3199 
       0.938823         90.9147          28.883 
       0.944975         90.2281         28.4541 
       0.951105         89.5559         28.0354 
       0.957225         88.5201          27.626 
       0.963368         88.0819         27.2234 
       0.969511         87.7125         26.8289 
       0.975621         87.1946         26.4443 
       0.981748         86.2215         26.0664 
       0.987916         85.7433         25.6935 
        0.99406         85.0087         25.3293 
        1.00019         84.2295          24.973 
        1.00632         83.6647         24.6239 
        1.01246         82.9903          24.281 
        1.01859           82.01         23.9452 
        1.02471         82.1918         23.6163 
        1.03085         81.2302         23.2924 
        1.03698         80.5829         22.9753 
        1.04314         79.8495         22.6628 
        1.04929         79.3866          22.357 
        1.05541         78.6331          22.058 
        1.06154          78.447         21.7638 
        1.06769         77.8633         21.4745 
        1.07382         77.5364         21.1915 
        1.07993         77.0502         20.9142 
        1.08607         76.2651         20.6408 
        1.09222         75.9547          20.372 
        1.09836         75.2793         20.1083 
        1.10449         74.7361         19.8497 
        1.11063         74.2733         19.5953 
        1.11677         73.6911         19.3455 
         1.1229           73.17         19.1005 
        1.12903         72.2554         18.8596 
        1.13518         72.3825         18.6226 
        1.14131         71.9662         18.3899 
        1.14745         71.1256         18.1613 
        1.15359         70.9028         17.9365 
        1.15973         70.3424         17.7155 
        1.16584         69.8324         17.4993 
        1.17197         69.4381         17.2863 
        1.17811         69.0575         17.0763 
        1.18424         68.3295         16.8704 
        1.19038          68.061         16.6673 
        1.19652         67.8133         16.4676 
        1.20267         67.2517         16.2712 
        1.20881         66.9938         16.0781 
        1.21495         66.3901         15.8884 
        1.22108         65.9492         15.7018 
         1.2272         65.3105         15.5187 
        1.23334         65.1577         15.3381 
        1.23949         64.8009         15.1599 
        1.24562         64.4545         14.9851 
        1.25174         64.1659         14.8134 
        1.25789         63.7626         14.6438 
        1.26402         63.1691         14.4771 
        1.27014         62.6875         14.3135 
        1.27628         62.4118          14.152 
        1.28244         62.0683         13.9926 
        1.28858         61.7467         13.8359 
        1.29471         61.3563          13.682 
        1.30084         61.0999         13.5306 
        1.30697         60.6439         13.3813 
        1.31312         60.2465          13.234 
        1.31925         60.1686         13.0894 
        1.32537         59.7583         12.9471 
        1.33151         59.3363         12.8064 
        1.33765         59.0303         12.6679 
        1.34378         58.5918         12.5317 
        1.34992            58.2         12.3975 
        1.35606          57.971         12.2649 
         1.3622         57.6345         12.1345 
        1.36833         57.3836         12.0063 
        1.37445         57.1912         11.8801 
        1.38059         56.6895         11.7553 
        1.38675         56.4109         11.6319 
        1.39288         56.0759         11.5109 
        1.39901         55.8389         11.3916 
        1.40515         55.6502         11.2738 
         1.4113         55.3035         11.1576 
        1.41742         55.0191         11.0436 
        1.42355          54.683          10.931 
         1.4297         54.3079         10.8195 
        1.43585         54.1254         10.7097 
        1.44198         53.8847         10.6019 
        1.44809         53.6583         10.4957 
        1.45423         53.4379         10.3906 
        1.46036         53.2107         10.2871 
        1.46649         52.8495         10.1851 
        1.47263         52.5709         10.0843 
        1.47877          52.382         9.98492 
        1.48491         52.0513         9.88674 
        1.49104          51.761          9.7901 
        1.49718         51.4085         9.69467 
        1.50333         51.3228         9.60037 
        1.50947          51.065         9.50752 
         1.5156          50.727         9.41604 
        1.52172         50.5995         9.32576 
        1.52787         50.4457         9.23649 
          1.534         50.1758          9.1485 
        1.54013         49.8523         9.06174 
        1.54627         49.6344         8.97596 
        1.55241         49.3948         8.89128 
        1.55855         49.0611         8.80781 
        1.56467         48.7813         8.72565 
         1.5708         48.7984         8.64431 
        1.57695         48.5021         8.56389 
        1.58308         48.3122         8.48468 
        1.58922         48.2896         8.40641 
        1.59535         47.9972         8.32917 
         1.6015         47.6403          8.2528 
        1.60764         47.4655         8.17742 
        1.61376         47.2451          8.1032 
        1.61989         46.9045         8.02984 
        1.62604         46.8682         7.95722 
        1.63218         46.6677         7.88556 
        1.63831         46.4327         7.81494 
        1.64444         46.2193         7.74517 
        1.65059         46.0057         7.67608 
        1.65673          45.794         7.60792 
        1.66285         45.6141         7.54077 
        1.66898         45.3527         7.47442 
        1.67512         45.2324         7.40873 
        1.68127         44.9898         7.34378 
         1.6874         44.9233         7.27975 
        1.69353         44.6484         7.21653 
        1.69967         44.4311         7.15391 
        1.70581         44.4774         7.09205 
        1.71193         44.1682         7.03117 
        1.71806         43.9141         6.97087 
        1.72421         43.7872         6.91116 
        1.73035         43.5563         6.85221 
        1.73649         43.3617         6.79397 
        1.74262         43.2567         6.73646 
        1.74876          43.163         6.67957 
        1.75489          42.914         6.62346 
        1.76101         42.8007         6.56801 
        1.76715         42.6294         6.51313 
        1.77329         42.4557          6.4588 
        1.77943         42.2409         6.40507 
        1.78557         42.0954         6.35204 
        1.79171         41.9632         6.29959 
        1.79785         41.8372         6.24774 
        1.80399          41.665         6.19647 
        1.81012         41.6067         6.14586 
        1.81625         41.1516         6.09583 
        1.82239         41.2077         6.04629 
        1.82853          40.928         5.99732 
        1.83466         40.7671         5.94895 
        1.84078         40.6631         5.90116 
        1.84692         40.4593         5.85382 
        1.85306         40.3577         5.80694 
         1.8592         40.2487         5.76065 
        1.86533         39.9669         5.71489 
        1.87147         39.9659         5.66958 
        1.87761         39.9055         5.62474 
        1.88375         39.6122         5.58043 
        1.88988         39.6054         5.53666 
        1.89601          39.364         5.49333 
        1.90215         39.2117         5.45042 
        1.90829         39.1735           5.408 
        1.91442         38.9309         5.36603 
        1.92056         38.8549         5.32454 
         1.9267         38.6731         5.28344 
        1.93284         38.4857         5.24276 
        1.93897         38.4202         5.20258 
        1.94509         38.2651         5.16291 
        1.95123          38.146         5.12355 
        1.95737         37.9659         5.08458 
        1.96349         37.9163         5.04611 
        1.96964         37.7105         5.00793 
        1.97578          37.633         4.97013 
        1.98192         37.4902          4.9328 
        1.98805         37.4425         4.89584 
        1.99419         37.1913         4.85927 
        2.00033          37.057         4.82305 
        2.00647         36.9887         4.78721 
         2.0126         36.8737          4.7518 
        2.01874         36.7801         4.71669 
        2.02488         36.7022          4.6819 
        2.03101          36.522         4.64754 
        2.03714         36.3629         4.61355 
        2.04328          36.167         4.57986 
        2.04941         36.1314         4.54654 
        2.05554         35.9385         4.51357 
        2.06167         35.9549         4.48089 
        2.06781          35.728         4.44852 
        2.07396         35.5847         4.41644 
        2.08009          35.563         4.38472 
        2.08622         35.4519         4.35335 
        2.09237         35.2912         4.32223 
        2.09851         35.1158          4.2914 
        2.10464            35.1         4.26093 
        2.11077         34.8525         4.23079 
        2.11691         34.8263         4.20088 
        2.12305         34.6261         4.17125 
        2.12918         34.6627         4.14199 
        2.13531         34.4798           4.113 
        2.14145         34.4296         4.08422 
         2.1476         34.1917         4.05568 
        2.15372         34.1346         4.02756 
        2.15985         34.0159         3.99967 
        2.16599         33.9354         3.97197 
        2.17213         33.7952         3.94457 
        2.17827         33.6264         3.91743 
         2.1844         33.5165         3.89056 
        2.19054         33.4371         3.86395 
        2.19666         33.3847         3.83761 
         2.2028         33.2423         3.81151 
        2.20893         33.1594         3.78563 
        2.21508         33.0598         3.75996 
        2.22122         32.9011         3.73452 
        2.22736         32.8129         3.70937 
        2.23349         32.6712         3.68446 
        2.23962         32.5812         3.65977 
        2.24577         32.4687         3.63528 
         2.2519         32.4207         3.61105 
        2.25802         32.2893         3.58708 
        2.26417         32.1798         3.56326 
        2.27031         32.1361         3.53964 
        2.27644         32.0046         3.51629 
        2.28257         31.8387         3.49317 
        2.28872         31.7684          3.4702 
        2.29486         31.6287         3.44745 
        2.30099          31.557         3.42495 
        2.30712         31.4951         3.40264 
        2.31326         31.4212         3.38049 
         2.3194         31.2921         3.35855 
        2.32553         31.1115         3.33684 
        2.33166         31.0355         3.31534 
         2.3378         30.9315         3.29399 
        2.34394           30.75         3.27283 
        2.35007         30.7013         3.25188 
        2.35619         30.6778         3.23114 
        2.36233         30.6082         3.21054 
        2.36848         30.4304         3.19007 
        2.37462         30.3407         3.16982 
        2.38075         30.2645         3.14977 
        2.38689         30.1935         3.12987 
        2.39303         30.0449         3.11015 
        2.39916         29.9458         3.09062 
        2.40529         29.8283         3.07126 
        2.41143         29.8094         3.05205 
        2.41757         29.6259           3.033 
         2.4237         29.6226         3.01414 
        2.42983         29.4403         2.99545 
        2.43598         29.3953         2.97686 
        2.44211         29.3204         2.95847 
        2.44823         29.1984         2.94027 
        2.45437         29.1485         2.92217 
        2.46052         29.0468         2.90421 
        2.46665         28.9654         2.88644 
        2.47279         28.8398         2.86882 
        2.47892         28.7353         2.85133 
        2.48507         28.7113         2.83397 
         2.4912         28.6104          2.8168 
        2.49733         28.4907         2.79977 
        2.50347         28.4529         2.78285 
        2.50961         28.4008         2.76608 
        2.51575         28.2357         2.74945 
        2.52188         28.1449         2.73298 
        2.52802         28.1004         2.71662 
        2.53416         28.0162          2.7004 
        2.54029          27.862         2.68433 
        2.54641         27.8536          2.6684 
        2.55255          27.756         2.65259 
        2.55869         27.6446         2.63688 
        2.56483         27.6038         2.62131 
        2.57096         27.5309          2.6059 
        2.57709         27.4353          2.5906 
        2.58323         27.3289          2.5754 
        2.58937         27.2754         2.56033 
        2.59551         27.1916         2.54539 
        2.60164         27.1205         2.53058 
        2.60778         27.0395         2.51586 
        2.61392         26.9385         2.50128 
        2.62006         26.8551          2.4868 
        2.62619         26.8315         2.47247 
        2.63232         26.7266         2.45824 
        2.63846         26.6186          2.4441 
        2.64459         26.5877          2.4301 
        2.65072         26.5275         2.41621 
        2.65686         26.4174         2.40242 
          2.663         26.3445         2.38872 
        2.66915         26.2873         2.37513 
        2.67527         26.2343         2.36167 
        2.68141         26.1614         2.34831 
        2.68755         26.1259         2.33504 
        2.69368         26.0076         2.32188 
        2.69981         25.9384         2.30885 
        2.70595          25.889         2.29588 
        2.71209         25.8162         2.28301 
        2.71823         25.7426         2.27026 
        2.72436         25.7536         2.25761 
         2.7305          25.616         2.24505 
        2.73663         25.5756         2.23258 
        2.74276         25.4979         2.22022 
         2.7489         25.4621         2.20795 
        2.75504          25.411         2.19576 
        2.76118         25.3497         2.18365 
        2.76732         25.2942         2.17166 
        2.77345         25.2098         2.15975 
        2.77959          25.149         2.14794 
        2.78572         25.1488         2.13621 
        2.79186         25.0976         2.12458 
        2.79798         25.0365         2.11304 
        2.80412         24.9541         2.10157 
        2.81027         24.9212         2.09017 
         2.8164         24.8328         2.07889 
        2.82253         24.7934         2.06768 
        2.82867         24.7643         2.05655 
        2.83481         24.7138          2.0455 
        2.84095          24.638         2.03454 
        2.84708         24.6806         2.02366 
        2.85322         24.6157         2.01286 
        2.85935         24.5858         2.00213 
        2.86549         24.5402         1.99149 
        2.87162         24.4803         1.98093 
        2.87776         24.4701         1.97044 
        2.88389         24.3889         1.96003 
        2.89003         24.3465         1.94969 
        2.89617         24.3547         1.93943 
        2.90231         24.3383         1.92924 
        2.90844         24.2617         1.91913 
        2.91458         24.2486         1.90909 
        2.92071         24.2217         1.89913 
        2.92684          24.197         1.88923 
        2.93298         24.1304         1.87941 
         2.9391         24.1042         1.86968 
        2.94524         24.0988         1.85999 
        2.95138         24.0716         1.85038 
        2.95752         24.0787         1.84082 
        2.96367         24.0066         1.83132 
         2.9698         24.0131         1.82192 
        2.97594           23.97         1.81257 
        2.98207         23.9893         1.80328 
        2.98821         23.9366         1.79407 
        2.99434         23.8826         1.78493 
        3.00048          23.928         1.77584 
        3.00662         23.9078         1.76681 
        3.01275           23.88         1.75786 
        3.01888         23.9008         1.74897 
        3.02503         23.8615         1.74013 
        3.03117         23.8338         1.73135 
        3.03729         23.8682         1.72265 
        3.04342         23.8504         1.71401 
        3.04957         23.8989          1.7054 
         3.0557         23.8607         1.69687 
        3.06183         23.8539         1.68841 
        3.06796         23.8453            1.68 
        3.07411         23.8817         1.67163 
        3.08025         23.8876         1.66333 
        3.08637         23.8682          1.6551 
         3.0925         23.8715         1.64691 
        3.09865         23.9161         1.63877 
         3.1048         23.9543         1.63068 
        3.11093         23.9163         1.62266 
        3.11706         23.9607          1.6147 
         3.1232         23.9696         1.60679 
        3.12933         23.9608         1.59892 
        3.13547         24.0094         1.59112 
        3.14159         24.0301         1.58338 
