# k  (h/Mpc)    Pcb(k)  (Mpc/h)^3    Pcb_linear(k)  (Mpc/h)^3
     0.00783031         2475.99         2487.12 
       0.013688         3050.11         3059.13 
       0.019231          3075.9         3082.05 
      0.0249154         2817.55         2833.45 
      0.0312784         2436.84         2438.58 
      0.0375637         2071.84         2067.66 
      0.0433917          1791.4          1797.5 
      0.0492413         1610.08         1604.72 
      0.0555754         1451.08         1463.86 
      0.0619321         1370.94         1360.25 
       0.067871         1262.33         1270.06 
      0.0738098         1164.33         1170.43 
      0.0800417         1045.45         1053.02 
      0.0862327         932.451         931.951 
      0.0921407         828.366         824.461 
      0.0982031         733.426         732.295 
       0.104506         671.874         660.475 
       0.110769          622.96         611.411 
       0.116806         585.038             579 
       0.122832         562.048          553.51 
       0.129052         530.388         527.128 
       0.135211         501.022         496.445 
       0.141259         469.844         461.225 
       0.147318         435.241         423.278 
       0.153489         395.939         385.789 
       0.159709         364.778         352.822 
       0.165845         343.913         326.999 
       0.171974         320.513         307.892 
       0.178125         307.788         293.926 
       0.184229         297.535         282.928 
        0.19034         282.054         272.453 
       0.196428         274.415         260.898 
       0.202534         263.523         247.574 
       0.208729         247.574          232.71 
       0.214876         231.554         217.726 
       0.220989         220.441         203.811 
       0.227147         206.455         191.696 
        0.23329         196.859         181.856 
       0.239377         190.627         174.102 
       0.245482         180.529         167.727 
       0.251667         177.644         161.944 
       0.257832         172.192         156.177 
       0.263955         165.433         150.059 
       0.270079         159.087         143.495 
        0.27624         154.375         136.657 
       0.282372         147.555          129.99 
        0.28843         141.131         123.875 
       0.294538         135.526         118.413 
       0.300721         132.112         113.653 
        0.30691         126.087         109.549 
       0.313033         122.906         105.932 
       0.319153         117.618         102.524 
       0.325316         115.662         99.1153 
        0.33145         111.564         95.6512 
       0.337538         108.887         92.1455 
       0.343633         104.971         88.6462 
       0.349808         101.832         85.2194 
       0.355968         98.9462         82.0226 
       0.362074          95.719         79.1214 
       0.368217         93.1733         76.4833 
       0.374374         90.5282          74.072 
       0.380519         88.3325         71.8312 
       0.386598         86.1433         69.7111 
       0.392688         84.3422         67.6252 
        0.39888         82.1747          65.523 
       0.405048          80.134         63.4503 
       0.411186         78.3153         61.4284 
       0.417313          75.882         59.4862 
       0.423458         74.0604         57.6399 
       0.429607         72.1758          55.904 
       0.435692         69.8247         54.2988 
       0.441815         68.9822         52.7806 
       0.447964         67.8784         51.3296 
       0.454126         65.1147         49.9297 
       0.460267         64.2105         48.5748 
       0.466387         62.5977         47.2533 
        0.47254         61.6667         45.9535 
       0.478662         60.6919         44.6977 
       0.484765          58.839         43.4909 
       0.490885         57.6509         42.3302 
       0.497035         56.9681         41.2157 
       0.503198         55.4662         40.1522 
       0.509342         54.0314         39.1401 
       0.515458         53.1821          38.172 
       0.521598         52.3576         37.2317 
       0.527764         51.3479          36.315 
       0.533884         50.5291         35.4313 
           0.54         49.4781         34.5736 
       0.546137         48.8047         33.7378 
       0.552299         48.1045         32.9248 
       0.558452         46.6557         32.1409 
       0.564573         45.9331           31.39 
       0.570708         45.3584         30.6657 
       0.576825         44.3004         29.9695 
       0.582926         43.5185         29.2978 
       0.589034         42.5055         28.6455 
       0.595184         41.9777         28.0076 
       0.601379         41.3091         27.3835 
       0.607522         40.4891         26.7828 
       0.613639         40.1993         26.2024 
       0.619772         39.1398         25.6379 
       0.625918         39.0121         25.0892 
       0.632068         38.3583         24.5567 
       0.638161         37.6781         24.0447 
         0.6443         37.0017         23.5442 
       0.650464         36.4279         23.0566 
       0.656582         36.1023         22.5867 
       0.662703         35.4563           22.13 
       0.668861         34.8721         21.6836 
       0.675024         34.3306         21.2492 
       0.681124         33.7239         20.8311 
       0.687237         33.2198         20.4233 
       0.693381         32.9755         20.0244 
       0.699536         32.1711         19.6355 
       0.705665         32.1456         19.2586 
       0.711789         31.4426          18.892 
       0.717957         31.0754         18.5326 
        0.72409         30.6181         18.1847 
       0.730186         30.1838          17.848 
       0.736317         29.9365         17.5181 
       0.742472         29.3968         17.1955 
       0.748622         29.1486         16.8814 
        0.75476         28.6982         16.5759 
       0.760888         28.2887         16.2785 
       0.767043         27.9957         15.9873 
       0.773185         27.5226         15.7039 
       0.779291         27.4152          15.429 
       0.785407         27.0481         15.1603 
       0.791564         26.5921         14.8964 
       0.797719         26.0471          14.639 
       0.803834         26.0228         14.3893 
       0.809972         25.7598         14.1446 
       0.816124         25.2106         13.9051 
       0.822261         25.0233         13.6718 
       0.828378         24.7418         13.4447 
       0.834502         24.5394         13.2225 
       0.840667         24.2113          13.004 
       0.846816         23.8188          12.791 
       0.852925          23.599         12.5843 
       0.859047         23.3407         12.3816 
       0.865192         23.1508         12.1829 
       0.871341         22.9857         11.9884 
       0.877463         22.5401          11.799 
       0.883569         22.3019         11.6143 
       0.889708         22.0251         11.4326 
       0.895864         21.8613         11.2543 
       0.902008         21.6813         11.0803 
       0.908149         21.4572           10.91 
       0.914301         21.3504         10.7431 
       0.920448         20.9512         10.5799 
       0.926574         20.7633         10.4206 
       0.932687         20.5621          10.265 
       0.938823         20.3258          10.112 
       0.944975         20.1107         9.96185 
       0.951105         19.9287         9.81529 
       0.957225         19.7314         9.67194 
       0.963368         19.5851         9.53099 
       0.969511         19.3772         9.39286 
       0.975621         19.2368         9.25823 
       0.981748         18.9841         9.12591 
       0.987916         18.8879         8.99536 
        0.99406         18.6081         8.86787 
        1.00019         18.3834         8.74312 
        1.00632         18.3341          8.6209 
        1.01246         18.1608         8.50085 
        1.01859         17.9039         8.38329 
        1.02471         17.8285         8.26812 
        1.03085         17.6502         8.15474 
        1.03698         17.3959         8.04373 
        1.04314         17.3033         7.93433 
        1.04929         17.0959         7.82724 
        1.05541         16.9384         7.72257 
        1.06154         16.8142         7.61956 
        1.06769         16.7138         7.51829 
        1.07382         16.4993          7.4192 
        1.07993          16.403         7.32213 
        1.08607         16.2402          7.2264 
        1.09222         16.1223          7.1323 
        1.09836         15.9525         7.03999 
        1.10449         15.8313         6.94943 
        1.11063         15.6769         6.86037 
        1.11677         15.6145         6.77292 
         1.1229         15.5128         6.68715 
        1.12903         15.2981         6.60279 
        1.13518         15.1261         6.51983 
        1.14131         15.0649         6.43835 
        1.14745         14.9391         6.35832 
        1.15359         14.8603         6.27964 
        1.15973         14.7034         6.20227 
        1.16584         14.5048         6.12655 
        1.17197         14.4541           6.052 
        1.17811         14.3457         5.97846 
        1.18424         14.2441         5.90637 
        1.19038          14.163         5.83526 
        1.19652         14.0281         5.76536 
        1.20267          13.894          5.6966 
        1.20881         13.8789         5.62899 
        1.21495         13.7583         5.56258 
        1.22108         13.6026         5.49726 
         1.2272          13.502         5.43315 
        1.23334         13.4039         5.36992 
        1.23949         13.2496         5.30755 
        1.24562         13.2219         5.24635 
        1.25174         13.1261         5.18621 
        1.25789          13.044         5.12683 
        1.26402         12.9659          5.0685 
        1.27014         12.8636         5.01122 
        1.27628         12.6948         4.95466 
        1.28244         12.6444         4.89886 
        1.28858         12.6072         4.84401 
        1.29471         12.4638         4.79013 
        1.30084         12.3619         4.73711 
        1.30697         12.3362         4.68483 
        1.31312         12.1872         4.63326 
        1.31925         12.0977         4.58263 
        1.32537         12.0723         4.53282 
        1.33151         11.9903         4.48357 
        1.33765         11.8864         4.43508 
        1.34378         11.8111          4.3874 
        1.34992         11.7211          4.3404 
        1.35606         11.6775         4.29399 
         1.3622         11.6007         4.24834 
        1.36833         11.4867         4.20346 
        1.37445         11.4473         4.15926 
        1.38059         11.3889         4.11556 
        1.38675         11.2928         4.07238 
        1.39288         11.2494            4.03 
        1.39901         11.1367         3.98824 
        1.40515         11.0978         3.94698 
         1.4113          11.041         3.90633 
        1.41742         10.9642          3.8664 
        1.42355         10.8846         3.82696 
         1.4297         10.8448         3.78796 
        1.43585         10.7861         3.74951 
        1.44198         10.7402         3.71175 
        1.44809         10.6592         3.67458 
        1.45423         10.5864         3.63779 
        1.46036         10.5287         3.60157 
        1.46649         10.4878         3.56583 
        1.47263          10.412         3.53054 
        1.47877         10.3556         3.49576 
        1.48491         10.3037         3.46138 
        1.49104         10.2537         3.42755 
        1.49718         10.2017         3.39414 
        1.50333          10.159         3.36113 
        1.50947         10.0802         3.32862 
         1.5156         10.0514         3.29659 
        1.52172         10.0075         3.26498 
        1.52787         9.94397         3.23373 
          1.534         9.88437         3.20292 
        1.54013         9.86631         3.17255 
        1.54627         9.78337         3.14252 
        1.55241         9.77181         3.11287 
        1.55855         9.71195         3.08365 
        1.56467         9.67399         3.05488 
         1.5708         9.62694         3.02641 
        1.57695         9.57274         2.99825 
        1.58308         9.53239         2.97052 
        1.58922         9.50031         2.94312 
        1.59535         9.48507         2.91608 
         1.6015         9.41136         2.88934 
        1.60764         9.35839         2.86295 
        1.61376          9.3416         2.83696 
        1.61989         9.33001         2.81128 
        1.62604         9.28782         2.78585 
        1.63218         9.27182         2.76076 
        1.63831         9.22382         2.73604 
        1.64444          9.1876         2.71161 
        1.65059         9.14539         2.68743 
        1.65673         9.14013         2.66356 
        1.66285         9.07052         2.64005 
        1.66898         9.04139         2.61682 
        1.67512         9.03784         2.59383 
        1.68127         9.00606         2.57109 
         1.6874         8.99272         2.54867 
        1.69353         8.94189         2.52654 
        1.69967         8.91865         2.50461 
        1.70581         8.91521         2.48296 
        1.71193         8.86576         2.46164 
        1.71806         8.86875         2.44053 
        1.72421         8.83039         2.41962 
        1.73035          8.8298         2.39899 
        1.73649         8.81303          2.3786 
        1.74262         8.77724         2.35846 
        1.74876         8.78739         2.33854 
        1.75489         8.76757          2.3189 
        1.76101         8.73185         2.29949 
        1.76715         8.72093         2.28027 
        1.77329         8.69422         2.26125 
        1.77943         8.65279         2.24244 
        1.78557          8.6891         2.22387 
        1.79171         8.66535         2.20551 
        1.79785         8.65792         2.18736 
        1.80399         8.63487         2.16941 
        1.81012         8.63934         2.15169 
        1.81625         8.63607         2.13418 
        1.82239         8.60313         2.11683 
        1.82853         8.62687         2.09969 
        1.83466         8.61879         2.08275 
        1.84078         8.59376         2.06602 
        1.84692         8.60843         2.04945 
        1.85306         8.59669         2.03303 
         1.8592         8.58548         2.01683 
        1.86533         8.58298         2.00081 
        1.87147         8.60427         1.98494 
        1.87761         8.58182         1.96924 
        1.88375         8.59584         1.95373 
        1.88988         8.59462         1.93841 
        1.89601         8.60621         1.92324 
        1.90215          8.5727         1.90822 
        1.90829         8.60002         1.89336 
        1.91442         8.62039         1.87867 
        1.92056         8.62467         1.86414 
         1.9267         8.60934         1.84976 
        1.93284         8.63217         1.83551 
        1.93897          8.6268         1.82145 
        1.94509          8.6513         1.80756 
        1.95123         8.63336         1.79378 
        1.95737         8.64691         1.78013 
        1.96349         8.66034         1.76667 
        1.96964         8.68455          1.7533 
        1.97578         8.68691         1.74006 
        1.98192         8.69252         1.72699 
        1.98805         8.73974         1.71406 
        1.99419         8.70265         1.70125 
        2.00033         8.77027         1.68857 
        2.00647         8.76296         1.67602 
         2.0126         8.78565         1.66362 
        2.01874         8.82124         1.65133 
        2.02488         8.85193         1.63916 
        2.03101         8.83899         1.62712 
        2.03714         8.84645         1.61522 
        2.04328          8.9027         1.60343 
        2.04941         8.91408         1.59176 
        2.05554         8.91474         1.58022 
        2.06167         8.94147         1.56878 
        2.06781         8.97334         1.55745 
        2.07396         8.98334         1.54621 
        2.08009         9.03094         1.53511 
        2.08622          9.0682         1.52413 
        2.09237         9.08559         1.51323 
        2.09851         9.10836         1.50244 
        2.10464         9.13346         1.49177 
        2.11077         9.15147         1.48122 
        2.11691         9.18729         1.47075 
        2.12305         9.23671         1.46038 
        2.12918         9.26334         1.45013 
        2.13531         9.29061         1.43998 
        2.14145         9.31063          1.4299 
         2.1476         9.35002         1.41991 
        2.15372         9.37664         1.41007 
        2.15985         9.40702          1.4003 
        2.16599         9.44917         1.39061 
        2.17213         9.48061         1.38101 
        2.17827         9.51814         1.37151 
         2.1844         9.56924         1.36211 
        2.19054         9.59521         1.35279 
        2.19666          9.6387         1.34357 
         2.2028         9.64443         1.33443 
        2.20893         9.69611         1.32537 
        2.21508         9.72562         1.31638 
        2.22122         9.77987         1.30747 
        2.22736         9.83174         1.29867 
        2.23349          9.8989         1.28995 
        2.23962         9.90533          1.2813 
        2.24577         9.93822         1.27273 
         2.2519         9.98983         1.26425 
        2.25802         10.0372         1.25585 
        2.26417         10.0472         1.24751 
        2.27031         10.1273         1.23924 
        2.27644         10.1322         1.23107 
        2.28257         10.1911         1.22297 
        2.28872         10.2256         1.21493 
        2.29486          10.264         1.20697 
        2.30099         10.3221         1.19909 
        2.30712         10.3607         1.19128 
        2.31326         10.3882         1.18353 
         2.3194         10.4293         1.17584 
        2.32553         10.4824         1.16825 
        2.33166         10.5557         1.16072 
         2.3378         10.5698         1.15324 
        2.34394         10.6223         1.14583 
        2.35007         10.6462          1.1385 
        2.35619         10.6953         1.13124 
        2.36233         10.7429         1.12403 
        2.36848         10.7858         1.11686 
        2.37462         10.8481         1.10977 
        2.38075         10.9167         1.10275 
        2.38689         10.9478         1.09578 
        2.39303         10.9677         1.08888 
        2.39916         11.0221         1.08204 
        2.40529         11.0741         1.07526 
        2.41143          11.126         1.06854 
        2.41757         11.1899         1.06187 
         2.4237         11.2187         1.05527 
        2.42983         11.1905         1.04872 
        2.43598         11.2777         1.04222 
        2.44211         11.3468         1.03577 
        2.44823         11.3448          1.0294 
        2.45437         11.4047         1.02307 
        2.46052         11.4837         1.01678 
        2.46665         11.5051         1.01056 
        2.47279         11.5629         1.00439 
        2.47892           11.57        0.998265 
        2.48507         11.6309        0.992189 
         2.4912         11.6758        0.986175 
        2.49733         11.7445        0.980214 
        2.50347         11.7636        0.974292 
        2.50961         11.8121        0.968418 
        2.51575         11.8345        0.962596 
        2.52188         11.8893         0.95683 
        2.52802         11.9042        0.951104 
        2.53416         11.9837        0.945423 
        2.54029         12.0021        0.939799 
        2.54641         12.0411        0.934223 
        2.55255          12.064        0.928686 
        2.55869          12.118        0.923185 
        2.56483         12.1775        0.917736 
        2.57096         12.1663        0.912339 
        2.57709         12.2865        0.906982 
        2.58323         12.2604        0.901663 
        2.58937         12.2822        0.896384 
        2.59551         12.3573        0.891155 
        2.60164         12.3867        0.885968 
        2.60778         12.3867        0.880818 
        2.61392         12.4066         0.87571 
        2.62006         12.4483        0.870644 
        2.62619         12.5247        0.865624 
        2.63232         12.5385        0.860643 
        2.63846         12.5732        0.855694 
        2.64459         12.6219        0.850792 
        2.65072         12.6344        0.845928 
        2.65686         12.6716        0.841101 
          2.663         12.6744        0.836304 
        2.66915          12.716        0.831545 
        2.67527         12.7731        0.826834 
        2.68141         12.7393        0.822156 
        2.68755         12.7932        0.817511 
        2.69368         12.8104        0.812905 
        2.69981         12.8672        0.808341 
        2.70595          12.875        0.803801 
        2.71209         12.8982        0.799295 
        2.71823         12.9139        0.794831 
        2.72436         12.9385        0.790402 
         2.7305         12.9595        0.786003 
        2.73663         12.9968         0.78164 
        2.74276         13.0247        0.777314 
         2.7489         13.0325        0.773016 
        2.75504         13.0835        0.768747 
        2.76118         13.1219        0.764509 
        2.76732         13.1687        0.760309 
        2.77345         13.1309        0.756142 
        2.77959         13.1583        0.752005 
        2.78572         13.2029          0.7479 
        2.79186         13.2157        0.743827 
        2.79798         13.2249        0.739789 
        2.80412         13.2681        0.735773 
        2.81027         13.2632        0.731783 
         2.8164         13.2514         0.72783 
        2.82253         13.3397        0.723907 
        2.82867         13.3273        0.720011 
        2.83481         13.3891        0.716143 
        2.84095         13.3897        0.712303 
        2.84708          13.387        0.708497 
        2.85322         13.4141        0.704713 
        2.85935         13.4351        0.700958 
        2.86549         13.4579        0.697233 
        2.87162         13.4714        0.693535 
        2.87776         13.4852        0.689864 
        2.88389         13.4863        0.686218 
        2.89003         13.5167          0.6826 
        2.89617         13.5345        0.679006 
        2.90231         13.5677        0.675439 
        2.90844         13.5688        0.671898 
        2.91458         13.5958        0.668383 
        2.92071         13.6161        0.664897 
        2.92684         13.6325        0.661433 
        2.93298         13.6706        0.657994 
         2.9391         13.6705        0.654585 
        2.94524         13.6739        0.651195 
        2.95138         13.7418        0.647828 
        2.95752         13.7622        0.644481 
        2.96367         13.7302        0.641158 
         2.9698         13.7777        0.637865 
        2.97594         13.7953        0.634591 
        2.98207         13.8231        0.631341 
        2.98821         13.8325        0.628117 
        2.99434         13.8494        0.624915 
        3.00048         13.8898        0.621733 
        3.00662         13.8926        0.618573 
        3.01275         13.9762         0.61544 
        3.01888         13.9571        0.612327 
        3.02503         13.9749         0.60923 
        3.03117         14.0383        0.606157 
        3.03729         14.0496        0.603113 
        3.04342         14.0845        0.600086 
        3.04957         14.1014        0.597073 
         3.0557         14.1147        0.594085 
        3.06183         14.1403        0.591124 
        3.06796         14.1922        0.588179 
        3.07411         14.2037        0.585248 
        3.08025         14.2438        0.582342 
        3.08637         14.2476        0.579461 
         3.0925         14.2892        0.576595 
        3.09865         14.3209        0.573743 
         3.1048         14.4197        0.570912 
        3.11093         14.4487        0.568105 
        3.11706         14.4648        0.565317 
         3.1232          14.504        0.562546 
        3.12933         14.5382        0.559793 
        3.13547         14.6235        0.557061 
        3.14159         14.5773        0.554351 
