#           k/h    CDM            baryon         photon         nu             mass_nu        total          no_nu          total_de       Weyl           v_CDM          v_b            v_b-v_c     
   1.1057517E-05   9.0039824E+06   9.0039824E+06   1.2002458E+07   8.5143800E+03   2.1308691E+06   9.0040385E+06   9.0039824E+06   0.0000000E+00   0.0000000E+00   0.0000000E+00   0.0000000E+00   0.0000000E+00
   1.2406739E-05   9.0039800E+06   9.0039800E+06   1.2001716E+07   8.5140468E+03   2.1308365E+06   9.0040359E+06   9.0039800E+06   0.0000000E+00   0.0000000E+00   0.0000000E+00   0.0000000E+00   0.0000000E+00
   1.3920590E-05   9.0039769E+06   9.0039769E+06   1.2000783E+07   8.5136274E+03   2.1307955E+06   9.0040326E+06   9.0039769E+06   0.0000000E+00   0.0000000E+00   0.0000000E+00   0.0000000E+00   0.0000000E+00
   1.5619158E-05   9.0039730E+06   9.0039730E+06   1.1999607E+07   8.5130994E+03   2.1307438E+06   9.0040285E+06   9.0039730E+06   0.0000000E+00   0.0000000E+00   0.0000000E+00   0.0000000E+00   0.0000000E+00
   1.7524984E-05   9.0039680E+06   9.0039680E+06   1.1998128E+07   8.5124348E+03   2.1306787E+06   9.0040232E+06   9.0039680E+06   0.0000000E+00   0.0000000E+00   0.0000000E+00   0.0000000E+00   0.0000000E+00
   1.9663355E-05   9.0039618E+06   9.0039618E+06   1.1996266E+07   8.5115981E+03   2.1305969E+06   9.0040167E+06   9.0039618E+06   0.0000000E+00   0.0000000E+00   0.0000000E+00   0.0000000E+00   0.0000000E+00
   2.2062648E-05   9.0039540E+06   9.0039540E+06   1.1993922E+07   8.5105450E+03   2.1304938E+06   9.0040084E+06   9.0039540E+06   0.0000000E+00   0.0000000E+00   0.0000000E+00   0.0000000E+00   0.0000000E+00
   2.4754698E-05   9.0039442E+06   9.0039442E+06   1.1990972E+07   8.5092194E+03   2.1303642E+06   9.0039980E+06   9.0039442E+06   0.0000000E+00   0.0000000E+00   0.0000000E+00   0.0000000E+00   0.0000000E+00
   2.7775228E-05   9.0039318E+06   9.0039318E+06   1.1987258E+07   8.5075509E+03   2.1302010E+06   9.0039849E+06   9.0039318E+06   0.0000000E+00   0.0000000E+00   0.0000000E+00   0.0000000E+00   0.0000000E+00
   3.1164318E-05   9.0039163E+06   9.0039163E+06   1.1982585E+07   8.5054510E+03   2.1299957E+06   9.0039684E+06   9.0039163E+06   0.0000000E+00   0.0000000E+00   0.0000000E+00   0.0000000E+00   0.0000000E+00
   3.4966940E-05   9.0038967E+06   9.0038967E+06   1.1976705E+07   8.5028081E+03   2.1297374E+06   9.0039476E+06   9.0038967E+06   0.0000000E+00   0.0000000E+00   0.0000000E+00   0.0000000E+00   0.0000000E+00
   3.9233552E-05   9.0038720E+06   9.0038720E+06   1.1969305E+07   8.4994823E+03   2.1294125E+06   9.0039215E+06   9.0038720E+06   0.0000000E+00   0.0000000E+00   0.0000000E+00   0.0000000E+00   0.0000000E+00
   4.4020769E-05   9.0038410E+06   9.0038410E+06   1.1959996E+07   8.4952975E+03   2.1290039E+06   9.0038886E+06   9.0038410E+06   0.0000000E+00   0.0000000E+00   0.0000000E+00   0.0000000E+00   0.0000000E+00
   4.9392116E-05   9.0038019E+06   9.0038019E+06   1.1948287E+07   8.4900325E+03   2.1284903E+06   9.0038472E+06   9.0038019E+06   0.0000000E+00   0.0000000E+00   0.0000000E+00   0.0000000E+00   0.0000000E+00
   5.5418865E-05   9.0037527E+06   9.0037527E+06   1.1933561E+07   8.4834095E+03   2.1278448E+06   9.0037950E+06   9.0037527E+06   0.0000000E+00   0.0000000E+00   0.0000000E+00   0.0000000E+00   0.0000000E+00
   6.2180990E-05   9.0036907E+06   9.0036907E+06   1.1915047E+07   8.4750802E+03   2.1270339E+06   9.0037294E+06   9.0036907E+06   0.0000000E+00   0.0000000E+00   0.0000000E+00   0.0000000E+00   0.0000000E+00
   6.9768218E-05   9.0036128E+06   9.0036128E+06   1.1891778E+07   8.4646075E+03   2.1260159E+06   9.0036468E+06   9.0036128E+06   0.0000000E+00   0.0000000E+00   0.0000000E+00   0.0000000E+00   0.0000000E+00
   7.8281228E-05   9.0035148E+06   9.0035148E+06   1.1862547E+07   8.4514443E+03   2.1247388E+06   9.0035429E+06   9.0035148E+06   0.0000000E+00   0.0000000E+00   0.0000000E+00   0.0000000E+00   0.0000000E+00
   8.7832982E-05   9.0033914E+06   9.0033914E+06   1.1825844E+07   8.4349063E+03   2.1231380E+06   9.0034122E+06   9.0033914E+06   0.0000000E+00   0.0000000E+00   0.0000000E+00   0.0000000E+00   0.0000000E+00
   9.8550227E-05   9.0032361E+06   9.0032361E+06   1.1779791E+07   8.4141391E+03   2.1211339E+06   9.0032476E+06   9.0032361E+06   0.0000000E+00   0.0000000E+00   0.0000000E+00   0.0000000E+00   0.0000000E+00
   1.1057517E-04   9.0030408E+06   9.0030408E+06   1.1722059E+07   8.3880783E+03   2.1186284E+06   9.0030407E+06   9.0030408E+06   0.0000000E+00   0.0000000E+00   0.0000000E+00   0.0000000E+00   0.0000000E+00
   1.2406739E-04   9.0027952E+06   9.0027952E+06   1.1649763E+07   8.3554019E+03   2.1155018E+06   9.0027804E+06   9.0027952E+06   0.0000000E+00   0.0000000E+00   0.0000000E+00   0.0000000E+00   0.0000000E+00
   1.3920590E-04   9.0024863E+06   9.0024863E+06   1.1559354E+07   8.3144731E+03   2.1116089E+06   9.0024532E+06   9.0024863E+06   0.0000000E+00   0.0000000E+00   0.0000000E+00   0.0000000E+00   0.0000000E+00
   1.5619158E-04   9.0020981E+06   9.0020981E+06   1.1446492E+07   8.2632753E+03   2.1067762E+06   9.0020418E+06   9.0020981E+06   0.0000000E+00   0.0000000E+00   0.0000000E+00   0.0000000E+00   0.0000000E+00
   1.7524984E-04   9.0016104E+06   9.0016104E+06   1.1305907E+07   8.1993384E+03   2.1007986E+06   9.0015250E+06   9.0016104E+06   0.0000000E+00   0.0000000E+00   0.0000000E+00   0.0000000E+00   0.0000000E+00
   1.9663355E-04   9.0009978E+06   9.0009978E+06   1.1131276E+07   8.1196593E+03   2.0934392E+06   9.0008760E+06   9.0009978E+06   0.0000000E+00   0.0000000E+00   0.0000000E+00   0.0000000E+00   0.0000000E+00
   2.2062648E-04   9.0002290E+06   9.0002290E+06   1.0915109E+07   8.0206237E+03   2.0844318E+06   9.0000614E+06   9.0002290E+06   0.0000000E+00   0.0000000E+00   0.0000000E+00   0.0000000E+00   0.0000000E+00
   2.4754698E-04   8.9992648E+06   8.9992648E+06   1.0648710E+07   7.8979377E+03   2.0734896E+06   8.9990399E+06   8.9992648E+06   0.0000000E+00   0.0000000E+00   0.0000000E+00   0.0000000E+00   0.0000000E+00
   2.7775228E-04   8.9980568E+06   8.9980568E+06   1.0322236E+07   7.7465894E+03   2.0603233E+06   8.9977601E+06   8.9980568E+06   0.0000000E+00   0.0000000E+00   0.0000000E+00   0.0000000E+00   0.0000000E+00
   3.1164318E-04   8.9965452E+06   8.9965452E+06   9.9249705E+06   7.5608683E+03   2.0446729E+06   8.9961587E+06   8.9965452E+06   0.0000000E+00   0.0000000E+00   0.0000000E+00   0.0000000E+00   0.0000000E+00
   3.4966940E-04   8.9946562E+06   8.9946562E+06   9.4458952E+06   7.3344854E+03   2.0263588E+06   8.9941579E+06   8.9946562E+06   0.0000000E+00   0.0000000E+00   0.0000000E+00   0.0000000E+00   0.0000000E+00
   3.9233552E-04   8.9923001E+06   8.9923001E+06   8.8747472E+06   7.0608585E+03   2.0053557E+06   8.9916624E+06   8.9923001E+06   0.0000000E+00   0.0000000E+00   0.0000000E+00   0.0000000E+00   0.0000000E+00
   4.4020769E-04   8.9893677E+06   8.9893677E+06   8.2037190E+06   6.7336407E+03   1.9818909E+06   8.9885572E+06   8.9893677E+06   0.0000000E+00   0.0000000E+00   0.0000000E+00   0.0000000E+00   0.0000000E+00
   4.9392116E-04   8.9857277E+06   8.9857277E+06   7.4299813E+06   6.3475889E+03   1.9565559E+06   8.9847035E+06   8.9857277E+06   0.0000000E+00   0.0000000E+00   0.0000000E+00   0.0000000E+00   0.0000000E+00
   5.5418865E-04   8.9812237E+06   8.9812237E+06   6.5590819E+06   5.8998585E+03   1.9303995E+06   8.9799364E+06   8.9812237E+06   0.0000000E+00   0.0000000E+00   0.0000000E+00   0.0000000E+00   0.0000000E+00
   6.2180990E-04   8.9756712E+06   8.9756712E+06   5.6089916E+06   5.3917522E+03   1.9049369E+06   8.9740619E+06   8.9756712E+06   0.0000000E+00   0.0000000E+00   0.0000000E+00   0.0000000E+00   0.0000000E+00
   6.9768218E-04   8.9688554E+06   8.9688554E+06   4.6139903E+06   4.8308070E+03   1.8819576E+06   8.9668550E+06   8.9688554E+06   0.0000000E+00   0.0000000E+00   0.0000000E+00   0.0000000E+00   0.0000000E+00
   7.8281228E-04   8.9605288E+06   8.9605288E+06   3.6266699E+06   4.2328128E+03   1.8629774E+06   8.9580574E+06   8.9605288E+06   0.0000000E+00   0.0000000E+00   0.0000000E+00   0.0000000E+00   0.0000000E+00
   8.7832982E-04   8.9504096E+06   8.9504096E+06   2.7152098E+06   3.6229138E+03   1.8482104E+06   8.9473775E+06   8.9504096E+06   0.0000000E+00   0.0000000E+00   0.0000000E+00   0.0000000E+00   0.0000000E+00
   9.8550227E-04   8.9381786E+06   8.9381786E+06   1.9524530E+06   3.0344410E+03   1.8351561E+06   8.9344878E+06   8.9381786E+06   0.0000000E+00   0.0000000E+00   0.0000000E+00   0.0000000E+00   0.0000000E+00
   1.1057517E-03   8.9234744E+06   8.9234744E+06   1.3947226E+06   2.5039152E+03   1.8174471E+06   8.9190228E+06   8.9234744E+06   0.0000000E+00   0.0000000E+00   0.0000000E+00   0.0000000E+00   0.0000000E+00
   1.2406739E-03   8.9058855E+06   8.9058855E+06   1.0540468E+06   2.0614944E+03   1.7854415E+06   8.9005729E+06   8.9058855E+06   0.0000000E+00   0.0000000E+00   0.0000000E+00   0.0000000E+00   0.0000000E+00
   1.3920590E-03   8.8849404E+06   8.8849404E+06   8.7838721E+05   1.7189061E+03   1.7304536E+06   8.8786766E+06   8.8849404E+06   0.0000000E+00   0.0000000E+00   0.0000000E+00   0.0000000E+00   0.0000000E+00
   1.5619158E-03   8.8600996E+06   8.8600996E+06   7.6465719E+05   1.4615327E+03   1.6526646E+06   8.8528138E+06   8.8600996E+06   0.0000000E+00   0.0000000E+00   0.0000000E+00   0.0000000E+00   0.0000000E+00
   1.7524984E-03   8.8307583E+06   8.8307583E+06   6.2034853E+05   1.2544073E+03   1.5668994E+06   8.8224072E+06   8.8307583E+06   0.0000000E+00   0.0000000E+00   0.0000000E+00   0.0000000E+00   0.0000000E+00
   1.9663355E-03   8.7962649E+06   8.7962649E+06   4.4087537E+05   1.0656903E+03   1.4944277E+06   8.7868365E+06   8.7962649E+06   0.0000000E+00   0.0000000E+00   0.0000000E+00   0.0000000E+00   0.0000000E+00
   2.2062648E-03   8.7559435E+06   8.7559435E+06   3.0822999E+05   8.9122570E+02   1.4382368E+06   8.7454531E+06   8.7559435E+06   0.0000000E+00   0.0000000E+00   0.0000000E+00   0.0000000E+00   0.0000000E+00
   2.4754698E-03   8.7090962E+06   8.7090962E+06   2.6419955E+05   7.4859007E+02   1.3733063E+06   8.6975734E+06   8.7090962E+06   0.0000000E+00   0.0000000E+00   0.0000000E+00   0.0000000E+00   0.0000000E+00
   2.7775228E-03   8.6549759E+06   8.6549759E+06   2.2983457E+05   6.4028303E+02   1.2883969E+06   8.6424464E+06   8.6549759E+06   0.0000000E+00   0.0000000E+00   0.0000000E+00   0.0000000E+00   0.0000000E+00
   3.1164318E-03   8.5927715E+06   8.5927715E+06   1.6252370E+05   5.4627430E+02   1.2129635E+06   8.5792461E+06   8.5927715E+06   0.0000000E+00   0.0000000E+00   0.0000000E+00   0.0000000E+00   0.0000000E+00
   3.4966940E-03   8.5216297E+06   8.5216297E+06   1.3177974E+05   4.6271738E+02   1.1434303E+06   8.5071072E+06   8.5216297E+06   0.0000000E+00   0.0000000E+00   0.0000000E+00   0.0000000E+00   0.0000000E+00
   3.9233552E-03   8.4406478E+06   8.4406478E+06   1.0492530E+05   3.9428306E+02   1.0572841E+06   8.4251294E+06   8.4406478E+06   0.0000000E+00   0.0000000E+00   0.0000000E+00   0.0000000E+00   0.0000000E+00
   4.4020769E-03   8.3488584E+06   8.3488584E+06   7.5830401E+04   3.3228240E+02   9.8464781E+05   8.3323606E+06   8.3488584E+06   0.0000000E+00   0.0000000E+00   0.0000000E+00   0.0000000E+00   0.0000000E+00
   4.9392116E-03   8.2452640E+06   8.2452640E+06   6.5117929E+04   2.8058308E+02   8.9823575E+05   8.2278273E+06   8.2452640E+06   0.0000000E+00   0.0000000E+00   0.0000000E+00   0.0000000E+00   0.0000000E+00
   5.5418865E-03   8.1288479E+06   8.1288479E+06   4.8871418E+04   2.3460828E+02   8.2319703E+05   8.1105504E+06   8.1288479E+06   0.0000000E+00   0.0000000E+00   0.0000000E+00   0.0000000E+00   0.0000000E+00
   6.2180990E-03   7.9985958E+06   7.9985958E+06   3.5916994E+04   1.9588391E+02   7.4410114E+05   7.9795350E+06   7.9985958E+06   0.0000000E+00   0.0000000E+00   0.0000000E+00   0.0000000E+00   0.0000000E+00
   6.9768218E-03   7.8534648E+06   7.8534648E+06   3.0668053E+04   1.6273930E+02   6.6765712E+05   7.8337179E+06   7.8534648E+06   0.0000000E+00   0.0000000E+00   0.0000000E+00   0.0000000E+00   0.0000000E+00
   7.8281228E-03   7.6923698E+06   7.6923698E+06   2.3900425E+04   1.3398079E+02   5.9639868E+05   7.6720496E+06   7.6923698E+06   0.0000000E+00   0.0000000E+00   0.0000000E+00   0.0000000E+00   0.0000000E+00
   8.7832982E-03   7.5142420E+06   7.5142420E+06   1.8545579E+04   1.0979086E+02   5.2892968E+05   7.4934920E+06   7.5142420E+06   0.0000000E+00   0.0000000E+00   0.0000000E+00   0.0000000E+00   0.0000000E+00
   9.8550227E-03   7.3180030E+06   7.3180030E+06   1.4221402E+04   8.9342654E+01   4.6388869E+05   7.2969518E+06   7.3180030E+06   0.0000000E+00   0.0000000E+00   0.0000000E+00   0.0000000E+00   0.0000000E+00
   1.1057517E-02   7.1025671E+06   7.1025671E+06   1.0897218E+04   7.2202496E+01   4.0320087E+05   7.0813714E+06   7.1025671E+06   0.0000000E+00   0.0000000E+00   0.0000000E+00   0.0000000E+00   0.0000000E+00
   1.2406739E-02   6.8668803E+06   6.8668803E+06   7.7430267E+03   5.7880887E+01   3.4847953E+05   6.8456954E+06   6.8668803E+06   0.0000000E+00   0.0000000E+00   0.0000000E+00   0.0000000E+00   0.0000000E+00
   1.3920590E-02   6.6099639E+06   6.6099639E+06   6.3468141E+03   4.6025104E+01   2.9882535E+05   6.5889590E+06   6.6099639E+06   0.0000000E+00   0.0000000E+00   0.0000000E+00   0.0000000E+00   0.0000000E+00
   1.5619158E-02   6.3310060E+06   6.3310060E+06   4.5102906E+03   3.6287034E+01   2.5345616E+05   6.3103469E+06   6.3310060E+06   0.0000000E+00   0.0000000E+00   0.0000000E+00   0.0000000E+00   0.0000000E+00
   1.7524984E-02   6.0295181E+06   6.0295181E+06   3.4374235E+03   2.8359825E+01   2.1279283E+05   6.0093748E+06   6.0295181E+06   0.0000000E+00   0.0000000E+00   0.0000000E+00   0.0000000E+00   0.0000000E+00
   1.9663355E-02   5.7055830E+06   5.7055830E+06   2.6132201E+03   2.1949286E+01   1.7730297E+05   5.6861222E+06   5.7055830E+06   0.0000000E+00   0.0000000E+00   0.0000000E+00   0.0000000E+00   0.0000000E+00
   2.2062646E-02   5.3602158E+06   5.3602158E+06   1.9926464E+03   1.6815360E+01   1.4604937E+05   5.3415967E+06   5.3602158E+06   0.0000000E+00   0.0000000E+00   0.0000000E+00   0.0000000E+00   0.0000000E+00
   2.4754659E-02   4.9958537E+06   4.9958537E+06   1.4735561E+03   1.2743153E+01   1.1943849E+05   4.9782219E+06   4.9958537E+06   0.0000000E+00   0.0000000E+00   0.0000000E+00   0.0000000E+00   0.0000000E+00
   2.7774687E-02   4.6169723E+06   4.6169723E+06   1.0754037E+03   9.5519262E+00   9.6616778E+04   4.6004504E+06   4.6169723E+06   0.0000000E+00   0.0000000E+00   0.0000000E+00   0.0000000E+00   0.0000000E+00
   3.1159156E-02   4.2309180E+06   4.2309180E+06   7.9901815E+02   7.0850535E+00   7.7289435E+04   4.2155951E+06   4.2309180E+06   0.0000000E+00   0.0000000E+00   0.0000000E+00   0.0000000E+00   0.0000000E+00
   3.4931563E-02   3.8493408E+06   3.8493408E+06   5.6581328E+02   5.2108226E+00   6.1743602E+04   3.8352561E+06   3.8493408E+06   0.0000000E+00   0.0000000E+00   0.0000000E+00   0.0000000E+00   0.0000000E+00
   3.9055602E-02   3.4902374E+06   3.4902374E+06   4.1213644E+02   3.8304790E+00   4.9267871E+04   3.4773561E+06   3.4902374E+06   0.0000000E+00   0.0000000E+00   0.0000000E+00   0.0000000E+00   0.0000000E+00
   4.3361287E-02   3.1765071E+06   3.1765071E+06   3.1071837E+02   2.8584036E+00   3.9808897E+04   3.1647019E+06   3.1765071E+06   0.0000000E+00   0.0000000E+00   0.0000000E+00   0.0000000E+00   0.0000000E+00
   4.7575301E-02   2.9236961E+06   2.9236961E+06   2.3602284E+02   2.2024458E+00   3.3064625E+04   2.9127720E+06   2.9236961E+06   0.0000000E+00   0.0000000E+00   0.0000000E+00   0.0000000E+00   0.0000000E+00
   5.1516927E-02   2.7283766E+06   2.7283766E+06   1.8806128E+02   1.7623217E+00   2.8379642E+04   2.7181408E+06   2.7283766E+06   0.0000000E+00   0.0000000E+00   0.0000000E+00   0.0000000E+00   0.0000000E+00
   5.5172153E-02   2.5758742E+06   2.5758742E+06   1.4722032E+02   1.4564469E+00   2.4940578E+04   2.5661801E+06   2.5758742E+06   0.0000000E+00   0.0000000E+00   0.0000000E+00   0.0000000E+00   0.0000000E+00
   5.8601498E-02   2.4520664E+06   2.4520664E+06   1.2897739E+02   1.2325854E+00   2.2343579E+04   2.4428151E+06   2.4520664E+06   0.0000000E+00   0.0000000E+00   0.0000000E+00   0.0000000E+00   0.0000000E+00
   6.1871216E-02   2.3467929E+06   2.3467929E+06   1.0947518E+02   1.0609234E+00   2.0250792E+04   2.3379205E+06   2.3467929E+06   0.0000000E+00   0.0000000E+00   0.0000000E+00   0.0000000E+00   0.0000000E+00
   6.5034736E-02   2.2532252E+06   2.2532252E+06   9.3947878E+01   9.2388049E-01   1.8546086E+04   2.2446915E+06   2.2532252E+06   0.0000000E+00   0.0000000E+00   0.0000000E+00   0.0000000E+00   0.0000000E+00
   6.8132367E-02   2.1667969E+06   2.1667969E+06   8.1840010E+01   8.1105698E-01   1.7087971E+04   2.1585782E+06   2.1667969E+06   0.0000000E+00   0.0000000E+00   0.0000000E+00   0.0000000E+00   0.0000000E+00
   7.1194469E-02   2.0844598E+06   2.0844598E+06   7.1598569E+01   7.1592263E-01   1.5798312E+04   2.0765427E+06   2.0844598E+06   0.0000000E+00   0.0000000E+00   0.0000000E+00   0.0000000E+00   0.0000000E+00
   7.4244365E-02   2.0042345E+06   2.0042345E+06   6.2905246E+01   6.3417508E-01   1.4635176E+04   1.9966131E+06   2.0042345E+06   0.0000000E+00   0.0000000E+00   0.0000000E+00   0.0000000E+00   0.0000000E+00
   7.7300465E-02   1.9249441E+06   1.9249441E+06   5.5539903E+01   5.6293826E-01   1.3575509E+04   1.9176164E+06   1.9249441E+06   0.0000000E+00   0.0000000E+00   0.0000000E+00   0.0000000E+00   0.0000000E+00
   8.0377720E-02   1.8460459E+06   1.8460459E+06   4.9219214E+01   5.0028680E-01   1.2602138E+04   1.8390116E+06   1.8460459E+06   0.0000000E+00   0.0000000E+00   0.0000000E+00   0.0000000E+00   0.0000000E+00
   8.3488622E-02   1.7675124E+06   1.7675124E+06   4.3740850E+01   4.4485333E-01   1.1703338E+04   1.7607713E+06   1.7675124E+06   0.0000000E+00   0.0000000E+00   0.0000000E+00   0.0000000E+00   0.0000000E+00
   8.6643890E-02   1.6897315E+06   1.6897315E+06   3.9119501E+01   3.9563805E-01   1.0873191E+04   1.6832819E+06   1.6897315E+06   0.0000000E+00   0.0000000E+00   0.0000000E+00   0.0000000E+00   0.0000000E+00
   8.9852952E-02   1.6134078E+06   1.6134078E+06   3.5477823E+01   3.5194197E-01   1.0103449E+04   1.6072448E+06   1.6134078E+06   0.0000000E+00   0.0000000E+00   0.0000000E+00   0.0000000E+00   0.0000000E+00
   9.3124289E-02   1.5394549E+06   1.5394549E+06   3.2344833E+01   3.1321422E-01   9.3812344E+03   1.5335702E+06   1.5394549E+06   0.0000000E+00   0.0000000E+00   0.0000000E+00   0.0000000E+00   0.0000000E+00
   9.6465679E-02   1.4688767E+06   1.4688767E+06   2.8259018E+01   2.7898023E-01   8.7143834E+03   1.4632582E+06   1.4688767E+06   0.0000000E+00   0.0000000E+00   0.0000000E+00   0.0000000E+00   0.0000000E+00
   9.9884384E-02   1.4026382E+06   1.4026382E+06   2.4588380E+01   2.4884302E-01   8.1371418E+03   1.3972698E+06   1.4026382E+06   0.0000000E+00   0.0000000E+00   0.0000000E+00   0.0000000E+00   0.0000000E+00
   1.0338728E-01   1.3415323E+06   1.3415323E+06   2.2514188E+01   2.2241262E-01   7.5991219E+03   1.3363949E+06   1.3415323E+06   0.0000000E+00   0.0000000E+00   0.0000000E+00   0.0000000E+00   0.0000000E+00
   1.0698098E-01   1.2860554E+06   1.2860554E+06   2.0094221E+01   1.9930831E-01   7.1320003E+03   1.2811278E+06   1.2860554E+06   0.0000000E+00   0.0000000E+00   0.0000000E+00   0.0000000E+00   0.0000000E+00
   1.1067186E-01   1.2363057E+06   1.2363057E+06   1.7583065E+01   1.7912970E-01   6.7088320E+03   1.2315663E+06   1.2363057E+06   0.0000000E+00   0.0000000E+00   0.0000000E+00   0.0000000E+00   0.0000000E+00
   1.1446619E-01   1.1919212E+06   1.1919212E+06   1.6362822E+01   1.6148555E-01   6.3328844E+03   1.1873499E+06   1.1919212E+06   0.0000000E+00   0.0000000E+00   0.0000000E+00   0.0000000E+00   0.0000000E+00
   1.1837012E-01   1.1520759E+06   1.1520759E+06   1.4983839E+01   1.4596247E-01   6.0108048E+03   1.1476555E+06   1.1520759E+06   0.0000000E+00   0.0000000E+00   0.0000000E+00   0.0000000E+00   0.0000000E+00
   1.2238975E-01   1.1155437E+06   1.1155437E+06   1.3486636E+01   1.3219103E-01   5.7154560E+03   1.1112617E+06   1.1155437E+06   0.0000000E+00   0.0000000E+00   0.0000000E+00   0.0000000E+00   0.0000000E+00
   1.2653115E-01   1.0808370E+06   1.0808370E+06   1.2248211E+01   1.1982163E-01   5.4383359E+03   1.0766865E+06   1.0808370E+06   0.0000000E+00   0.0000000E+00   0.0000000E+00   0.0000000E+00   0.0000000E+00
   1.3080036E-01   1.0464097E+06   1.0464097E+06   1.1055507E+01   1.0855848E-01   5.1711976E+03   1.0423900E+06   1.0464097E+06   0.0000000E+00   0.0000000E+00   0.0000000E+00   0.0000000E+00   0.0000000E+00
   1.3520343E-01   1.0109022E+06   1.0109022E+06   9.6537616E+00   9.8178179E-02   4.9150756E+03   1.0070176E+06   1.0109022E+06   0.0000000E+00   0.0000000E+00   0.0000000E+00   0.0000000E+00   0.0000000E+00
   1.3974644E-01   9.7338865E+05   9.7338865E+05   8.9808909E+00   8.8533057E-02   4.6636539E+03   9.6964695E+05   9.7338865E+05   0.0000000E+00   0.0000000E+00   0.0000000E+00   0.0000000E+00   0.0000000E+00
   1.4443546E-01   9.3357487E+05   9.3357487E+05   7.8735165E+00   7.9553047E-02   4.4041775E+03   9.2998512E+05   9.3357487E+05   0.0000000E+00   0.0000000E+00   0.0000000E+00   0.0000000E+00   0.0000000E+00
   1.4927663E-01   8.9189423E+05   8.9189423E+05   7.0547800E+00   7.1227269E-02   4.1470465E+03   8.8846376E+05   8.9189423E+05   0.0000000E+00   0.0000000E+00   0.0000000E+00   0.0000000E+00   0.0000000E+00
   1.5427610E-01   8.4945620E+05   8.4945620E+05   6.2391173E+00   6.3589245E-02   3.8945272E+03   8.4618807E+05   8.4945620E+05   0.0000000E+00   0.0000000E+00   0.0000000E+00   0.0000000E+00   0.0000000E+00
   1.5944009E-01   8.0783049E+05   8.0783049E+05   5.5425549E+00   5.6686405E-02   3.6555581E+03   8.0472170E+05   8.0783049E+05   0.0000000E+00   0.0000000E+00   0.0000000E+00   0.0000000E+00   0.0000000E+00
   1.6477485E-01   7.6868947E+05   7.6868947E+05   4.9818628E+00   5.0552938E-02   3.4376254E+03   7.6573060E+05   7.6868947E+05   0.0000000E+00   0.0000000E+00   0.0000000E+00   0.0000000E+00   0.0000000E+00
   1.7028673E-01   7.3337899E+05   7.3337899E+05   4.5711114E+00   4.5186882E-02   3.2381603E+03   7.3055539E+05   7.3337899E+05   0.0000000E+00   0.0000000E+00   0.0000000E+00   0.0000000E+00   0.0000000E+00
   1.7598210E-01   7.0252809E+05   7.0252809E+05   3.9755741E+00   4.0537611E-02   3.0683629E+03   6.9982269E+05   7.0252809E+05   0.0000000E+00   0.0000000E+00   0.0000000E+00   0.0000000E+00   0.0000000E+00
   1.8186747E-01   6.7582421E+05   6.7582421E+05   3.5888081E+00   3.6506932E-02   2.9175198E+03   6.7322112E+05   6.7582421E+05   0.0000000E+00   0.0000000E+00   0.0000000E+00   0.0000000E+00   0.0000000E+00
   1.8794943E-01   6.5205601E+05   6.5205601E+05   3.2640811E+00   3.2967013E-02   2.7866675E+03   6.4954398E+05   6.5205601E+05   0.0000000E+00   0.0000000E+00   0.0000000E+00   0.0000000E+00   0.0000000E+00
   1.9423468E-01   6.2945554E+05   6.2945554E+05   2.9823689E+00   2.9787090E-02   2.6643861E+03   6.2703015E+05   6.2945554E+05   0.0000000E+00   0.0000000E+00   0.0000000E+00   0.0000000E+00   0.0000000E+00
   2.0073009E-01   6.0626690E+05   6.0626690E+05   2.6926567E+00   2.6860191E-02   2.5403932E+03   6.0393046E+05   6.0626690E+05   0.0000000E+00   0.0000000E+00   0.0000000E+00   0.0000000E+00   0.0000000E+00
   2.0744272E-01   5.8136222E+05   5.8136222E+05   2.3932154E+00   2.4123344E-02   2.4162193E+03   5.7912140E+05   5.8136222E+05   0.0000000E+00   0.0000000E+00   0.0000000E+00   0.0000000E+00   0.0000000E+00
   2.1437983E-01   5.5466732E+05   5.5466732E+05   2.1165524E+00   2.1564243E-02   2.2846486E+03   5.5252907E+05   5.5466732E+05   0.0000000E+00   0.0000000E+00   0.0000000E+00   0.0000000E+00   0.0000000E+00
   2.2154894E-01   5.2719143E+05   5.2719143E+05   1.8847759E+00   1.9207413E-02   2.1540945E+03   5.2515882E+05   5.2719143E+05   0.0000000E+00   0.0000000E+00   0.0000000E+00   0.0000000E+00   0.0000000E+00
   2.2895792E-01   5.0059497E+05   5.0059497E+05   1.7011182E+00   1.7090678E-02   2.0298618E+03   4.9866464E+05   5.0059497E+05   0.0000000E+00   0.0000000E+00   0.0000000E+00   0.0000000E+00   0.0000000E+00
   2.3661497E-01   4.7643782E+05   4.7643782E+05   1.5039452E+00   1.5237393E-02   1.9179577E+03   4.7460041E+05   4.7643782E+05   0.0000000E+00   0.0000000E+00   0.0000000E+00   0.0000000E+00   0.0000000E+00
   2.4452878E-01   4.5543804E+05   4.5543804E+05   1.3464235E+00   1.3638940E-02   1.8200227E+03   4.5368141E+05   4.5543804E+05   0.0000000E+00   0.0000000E+00   0.0000000E+00   0.0000000E+00   0.0000000E+00
   2.5270856E-01   4.3712260E+05   4.3712260E+05   1.2115784E+00   1.2253362E-02   1.7354523E+03   4.3543642E+05   4.3712260E+05   0.0000000E+00   0.0000000E+00   0.0000000E+00   0.0000000E+00   0.0000000E+00
   2.6116412E-01   4.2009720E+05   4.2009720E+05   1.0852800E+00   1.1022382E-02   1.6581057E+03   4.1847652E+05   4.2009720E+05   0.0000000E+00   0.0000000E+00   0.0000000E+00   0.0000000E+00   0.0000000E+00
   2.6990604E-01   4.0283619E+05   4.0283619E+05   9.8287801E-01   9.8951448E-03   1.5802719E+03   4.0128195E+05   4.0283619E+05   0.0000000E+00   0.0000000E+00   0.0000000E+00   0.0000000E+00   0.0000000E+00
   2.7894576E-01   3.8456039E+05   3.8456039E+05   8.7458652E-01   8.8464487E-03   1.5001868E+03   3.8307652E+05   3.8456039E+05   0.0000000E+00   0.0000000E+00   0.0000000E+00   0.0000000E+00   0.0000000E+00
   2.8829570E-01   3.6565546E+05   3.6565546E+05   7.7598460E-01   7.8790347E-03   1.4189734E+03   3.6424442E+05   3.6565546E+05   0.0000000E+00   0.0000000E+00   0.0000000E+00   0.0000000E+00   0.0000000E+00
   2.9796949E-01   3.4732594E+05   3.4732594E+05   6.9854688E-01   7.0095364E-03   1.3413387E+03   3.4598552E+05   3.4732594E+05   0.0000000E+00   0.0000000E+00   0.0000000E+00   0.0000000E+00   0.0000000E+00
   3.0798212E-01   3.3068904E+05   3.3068904E+05   6.1932399E-01   6.2481094E-03   1.2710844E+03   3.2941273E+05   3.3068904E+05   0.0000000E+00   0.0000000E+00   0.0000000E+00   0.0000000E+00   0.0000000E+00
   3.1835018E-01   3.1595443E+05   3.1595443E+05   5.5372022E-01   5.5867370E-03   1.2088198E+03   3.1473489E+05   3.1595443E+05   0.0000000E+00   0.0000000E+00   0.0000000E+00   0.0000000E+00   0.0000000E+00
   3.2909216E-01   3.0233035E+05   3.0233035E+05   4.9522981E-01   5.0015731E-03   1.1519931E+03   3.0116333E+05   3.0233035E+05   0.0000000E+00   0.0000000E+00   0.0000000E+00   0.0000000E+00   0.0000000E+00
   3.4022873E-01   2.8874831E+05   2.8874831E+05   4.4133402E-01   4.4693238E-03   1.0957473E+03   2.8763364E+05   2.8874831E+05   0.0000000E+00   0.0000000E+00   0.0000000E+00   0.0000000E+00   0.0000000E+00
   3.5178316E-01   2.7478698E+05   2.7478698E+05   3.9520390E-01   3.9792970E-03   1.0388059E+03   2.7372614E+05   2.7478698E+05   0.0000000E+00   0.0000000E+00   0.0000000E+00   0.0000000E+00   0.0000000E+00
   3.6378179E-01   2.6094922E+05   2.6094922E+05   3.5097123E-01   3.5349152E-03   9.8292819E+02   2.5994175E+05   2.6094922E+05   0.0000000E+00   0.0000000E+00   0.0000000E+00   0.0000000E+00   0.0000000E+00
   3.7625459E-01   2.4802896E+05   2.4802896E+05   3.1153727E-01   3.1413921E-03   9.3103813E+02   2.4707131E+05   2.4802896E+05   0.0000000E+00   0.0000000E+00   0.0000000E+00   0.0000000E+00   0.0000000E+00
   3.8923587E-01   2.3623420E+05   2.3623420E+05   2.7743820E-01   2.7954982E-03   8.8399872E+02   2.3532205E+05   2.3623420E+05   0.0000000E+00   0.0000000E+00   0.0000000E+00   0.0000000E+00   0.0000000E+00
   4.0276515E-01   2.2502771E+05   2.2502771E+05   2.4608105E-01   2.4870182E-03   8.3947013E+02   2.2415879E+05   2.2502771E+05   0.0000000E+00   0.0000000E+00   0.0000000E+00   0.0000000E+00   0.0000000E+00
   4.1688831E-01   2.1384196E+05   2.1384196E+05   2.1842734E-01   2.2061871E-03   7.9535225E+02   2.1301619E+05   2.1384196E+05   0.0000000E+00   0.0000000E+00   0.0000000E+00   0.0000000E+00   0.0000000E+00
   4.3165894E-01   2.0274766E+05   2.0274766E+05   1.9324923E-01   1.9513993E-03   7.5212864E+02   2.0196469E+05   2.0274766E+05   0.0000000E+00   0.0000000E+00   0.0000000E+00   0.0000000E+00   0.0000000E+00
   4.4714022E-01   1.9220420E+05   1.9220420E+05   1.7065760E-01   1.7242234E-03   7.1110172E+02   1.9146192E+05   1.9220420E+05   0.0000000E+00   0.0000000E+00   0.0000000E+00   0.0000000E+00   0.0000000E+00
   4.6340723E-01   1.8230576E+05   1.8230576E+05   1.5085667E-01   1.5225781E-03   6.7283666E+02   1.8160168E+05   1.8230576E+05   0.0000000E+00   0.0000000E+00   0.0000000E+00   0.0000000E+00   0.0000000E+00
   4.8055014E-01   1.7268799E+05   1.7268799E+05   1.3281028E-01   1.3412291E-03   6.3581543E+02   1.7202103E+05   1.7268799E+05   0.0000000E+00   0.0000000E+00   0.0000000E+00   0.0000000E+00   0.0000000E+00
   4.9867841E-01   1.6317769E+05   1.6317769E+05   1.1659066E-01   1.1770397E-03   5.9945600E+02   1.6254744E+05   1.6317769E+05   0.0000000E+00   0.0000000E+00   0.0000000E+00   0.0000000E+00   0.0000000E+00
   5.1792653E-01   1.5399038E+05   1.5399038E+05   1.0195349E-01   1.0297901E-03   5.6451812E+02   1.5339560E+05   1.5399038E+05   0.0000000E+00   0.0000000E+00   0.0000000E+00   0.0000000E+00   0.0000000E+00
   5.3846201E-01   1.4517580E+05   1.4517580E+05   8.8882271E-02   8.9823498E-04   5.3109091E+02   1.4461504E+05   1.4517580E+05   0.0000000E+00   0.0000000E+00   0.0000000E+00   0.0000000E+00   0.0000000E+00
   5.6049662E-01   1.3651906E+05   1.3651906E+05   7.7164689E-02   7.7962400E-04   4.9845103E+02   1.3599172E+05   1.3651906E+05   0.0000000E+00   0.0000000E+00   0.0000000E+00   0.0000000E+00   0.0000000E+00
   5.8430264E-01   1.2801610E+05   1.2801610E+05   6.6552097E-02   6.7275088E-04   4.6652382E+02   1.2752160E+05   1.2801610E+05   0.0000000E+00   0.0000000E+00   0.0000000E+00   0.0000000E+00   0.0000000E+00
   6.1023668E-01   1.1972291E+05   1.1972291E+05   5.7077833E-02   5.7686209E-04   4.3549777E+02   1.1926043E+05   1.1972291E+05   0.0000000E+00   0.0000000E+00   0.0000000E+00   0.0000000E+00   0.0000000E+00
   6.3877539E-01   1.1151327E+05   1.1151327E+05   4.8519469E-02   4.9037927E-04   4.0494605E+02   1.1108249E+05   1.1151327E+05   0.0000000E+00   0.0000000E+00   0.0000000E+00   0.0000000E+00   0.0000000E+00
   6.7056981E-01   1.0337418E+05   1.0337418E+05   4.0809389E-02   4.1252318E-04   3.7474090E+02   1.0297483E+05   1.0337418E+05   0.0000000E+00   0.0000000E+00   0.0000000E+00   0.0000000E+00   0.0000000E+00
   7.0652921E-01   9.5250857E+04   9.5250857E+04   3.3874494E-02   3.4242612E-04   3.4471493E+02   9.4882880E+04   9.5250857E+04   0.0000000E+00   0.0000000E+00   0.0000000E+00   0.0000000E+00   0.0000000E+00
   7.4794923E-01   8.7078364E+04   8.7078364E+04   2.7632783E-02   2.7934379E-04   3.1461973E+02   8.6741950E+04   8.7078364E+04   0.0000000E+00   0.0000000E+00   0.0000000E+00   0.0000000E+00   0.0000000E+00
   7.9669905E-01   7.8797032E+04   7.8797032E+04   2.2037737E-02   2.2280019E-04   2.8423207E+02   7.8492605E+04   7.8797032E+04   0.0000000E+00   0.0000000E+00   0.0000000E+00   0.0000000E+00   0.0000000E+00
   8.5545305E-01   7.0361080E+04   7.0361080E+04   1.7067652E-02   1.7256731E-04   2.5339584E+02   7.0089237E+04   7.0361080E+04   0.0000000E+00   0.0000000E+00   0.0000000E+00   0.0000000E+00   0.0000000E+00
   9.2782490E-01   6.1781738E+04   6.1781738E+04   1.2739465E-02   1.2881778E-04   2.2214395E+02   6.1543037E+04   6.1781738E+04   0.0000000E+00   0.0000000E+00   0.0000000E+00   0.0000000E+00   0.0000000E+00
   1.0179439E+00   5.3208717E+04   5.3208717E+04   9.1148257E-03   9.2175123E-05   1.9102268E+02   5.3003134E+04   5.3208717E+04   0.0000000E+00   0.0000000E+00   0.0000000E+00   0.0000000E+00   0.0000000E+00
   1.1288915E+00   4.4984674E+04   4.4984674E+04   6.2643740E-03   6.3366539E-05   1.6127220E+02   4.4810862E+04   4.4984674E+04   0.0000000E+00   0.0000000E+00   0.0000000E+00   0.0000000E+00   0.0000000E+00
   1.2610590E+00   3.7536847E+04   3.7536847E+04   4.1902195E-03   4.2376506E-05   1.3440401E+02   3.7391809E+04   3.7536847E+04   0.0000000E+00   0.0000000E+00   0.0000000E+00   0.0000000E+00   0.0000000E+00
   1.4132738E+00   3.1114630E+04   3.1114630E+04   2.7651219E-03   2.7969043E-05   1.1129662E+02   3.0994405E+04   3.1114630E+04   0.0000000E+00   0.0000000E+00   0.0000000E+00   0.0000000E+00   0.0000000E+00
   1.5853701E+00   2.5717265E+04   2.5717265E+04   1.8161441E-03   1.8372368E-05   9.1914544E+01   2.5617894E+04   2.5717265E+04   0.0000000E+00   0.0000000E+00   0.0000000E+00   0.0000000E+00   0.0000000E+00
   1.7787626E+00   2.1222836E+04   2.1222836E+04   1.1905443E-03   1.2045199E-05   7.5801063E+01   2.1140830E+04   2.1222836E+04   0.0000000E+00   0.0000000E+00   0.0000000E+00   0.0000000E+00   0.0000000E+00
   1.9957991E+00   1.7492305E+04   1.7492305E+04   7.7947566E-04   7.8869427E-06   6.2444053E+01   1.7424713E+04   1.7492305E+04   0.0000000E+00   0.0000000E+00   0.0000000E+00   0.0000000E+00   0.0000000E+00
   2.2393231E+00   1.4401229E+04   1.4401229E+04   5.0974994E-04   5.1584656E-06   5.1388083E+01   1.4345582E+04   1.4401229E+04   0.0000000E+00   0.0000000E+00   0.0000000E+00   0.0000000E+00   0.0000000E+00
   2.5125618E+00   1.1843690E+04   1.1843690E+04   3.3302886E-04   3.3703771E-06   4.2248118E+01   1.1797925E+04   1.1843690E+04   0.0000000E+00   0.0000000E+00   0.0000000E+00   0.0000000E+00   0.0000000E+00
   2.8191407E+00   9.7304371E+03   9.7304371E+03   2.1731499E-04   2.1999638E-06   3.4700470E+01   9.6928376E+03   9.7304371E+03   0.0000000E+00   0.0000000E+00   0.0000000E+00   0.0000000E+00   0.0000000E+00
   3.1631279E+00   7.9865139E+03   7.9865139E+03   1.4167763E-04   1.4346651E-06   2.8475287E+01   7.9556530E+03   7.9865139E+03   0.0000000E+00   0.0000000E+00   0.0000000E+00   0.0000000E+00   0.0000000E+00
   3.5490879E+00   6.5491028E+03   6.5491028E+03   9.2331535E-05   9.3478752E-07   2.3346454E+01   6.5237961E+03   6.5491028E+03   0.0000000E+00   0.0000000E+00   0.0000000E+00   0.0000000E+00   0.0000000E+00
   3.9821421E+00   5.3656821E+03   5.3656821E+03   6.0059152E-05   6.0859686E-07   1.9125180E+01   5.3449483E+03   5.3656821E+03   0.0000000E+00   0.0000000E+00   0.0000000E+00   0.0000000E+00   0.0000000E+00
   4.4680369E+00   4.3924256E+03   4.3924256E+03   3.9053049E-05   3.9593642E-07   1.5654458E+01   4.3754526E+03   4.3924256E+03   0.0000000E+00   0.0000000E+00   0.0000000E+00   0.0000000E+00   0.0000000E+00
   5.0132199E+00   3.5928320E+03   3.5928320E+03   2.5374645E-05   2.5741274E-07   1.2803618E+01   3.5789488E+03   3.5928320E+03   0.0000000E+00   0.0000000E+00   0.0000000E+00   0.0000000E+00   0.0000000E+00
   5.6249252E+00   2.9365547E+03   2.9365547E+03   1.6471766E-05   1.6725285E-07   1.0464181E+01   2.9252074E+03   2.9365547E+03   0.0000000E+00   0.0000000E+00   0.0000000E+00   0.0000000E+00   0.0000000E+00
   6.3112699E+00   2.3984058E+03   2.3984058E+03   1.0685617E-05   1.0861500E-07   8.5460580E+00   2.3891379E+03   2.3984058E+03   0.0000000E+00   0.0000000E+00   0.0000000E+00   0.0000000E+00   0.0000000E+00
   7.0813613E+00   1.9575120E+03   1.9575120E+03   6.9311104E-06   7.0503971E-08   6.9746783E+00   1.9499478E+03   1.9575120E+03   0.0000000E+00   0.0000000E+00   0.0000000E+00   0.0000000E+00   0.0000000E+00
   7.9454181E+00   1.5966007E+03   1.5966007E+03   4.4890433E-06   4.5749498E-08   5.6885116E+00   1.5904312E+03   1.5966007E+03   0.0000000E+00   0.0000000E+00   0.0000000E+00   0.0000000E+00   0.0000000E+00
   8.9149057E+00   1.3013991E+03   1.3013991E+03   2.9065104E-06   2.9679504E-08   4.6365879E+00   1.2963703E+03   1.3013991E+03   0.0000000E+00   0.0000000E+00   0.0000000E+00   0.0000000E+00   0.0000000E+00
