#           k/h    CDM            baryon         photon         nu             mass_nu        total          no_nu          total_de       Weyl           v_CDM          v_b            v_b-v_c     
   1.1057517E-05   8.2740160E+05   8.2740160E+05   1.1031805E+06   1.0569641E+04   5.7496707E+02   8.2790115E+05   8.2740160E+05   0.0000000E+00   0.0000000E+00   0.0000000E+00   0.0000000E+00   0.0000000E+00
   1.2406739E-05   8.2740148E+05   8.2740148E+05   1.1031747E+06   1.0569604E+04   5.7495651E+02   8.2790100E+05   8.2740148E+05   0.0000000E+00   0.0000000E+00   0.0000000E+00   0.0000000E+00   0.0000000E+00
   1.3920590E-05   8.2740131E+05   8.2740131E+05   1.1031674E+06   1.0569558E+04   5.7494322E+02   8.2790082E+05   8.2740131E+05   0.0000000E+00   0.0000000E+00   0.0000000E+00   0.0000000E+00   0.0000000E+00
   1.5619158E-05   8.2740111E+05   8.2740111E+05   1.1031583E+06   1.0569499E+04   5.7492649E+02   8.2790059E+05   8.2740111E+05   0.0000000E+00   0.0000000E+00   0.0000000E+00   0.0000000E+00   0.0000000E+00
   1.7524984E-05   8.2740085E+05   8.2740085E+05   1.1031467E+06   1.0569425E+04   5.7490542E+02   8.2790029E+05   8.2740085E+05   0.0000000E+00   0.0000000E+00   0.0000000E+00   0.0000000E+00   0.0000000E+00
   1.9663355E-05   8.2740053E+05   8.2740053E+05   1.1031322E+06   1.0569332E+04   5.7487891E+02   8.2789993E+05   8.2740053E+05   0.0000000E+00   0.0000000E+00   0.0000000E+00   0.0000000E+00   0.0000000E+00
   2.2062648E-05   8.2740012E+05   8.2740012E+05   1.1031140E+06   1.0569215E+04   5.7484553E+02   8.2789946E+05   8.2740012E+05   0.0000000E+00   0.0000000E+00   0.0000000E+00   0.0000000E+00   0.0000000E+00
   2.4754698E-05   8.2739961E+05   8.2739961E+05   1.1030909E+06   1.0569067E+04   5.7480351E+02   8.2789888E+05   8.2739961E+05   0.0000000E+00   0.0000000E+00   0.0000000E+00   0.0000000E+00   0.0000000E+00
   2.7775228E-05   8.2739896E+05   8.2739896E+05   1.1030620E+06   1.0568881E+04   5.7475060E+02   8.2789815E+05   8.2739896E+05   0.0000000E+00   0.0000000E+00   0.0000000E+00   0.0000000E+00   0.0000000E+00
   3.1164318E-05   8.2739815E+05   8.2739815E+05   1.1030255E+06   1.0568647E+04   5.7468401E+02   8.2789723E+05   8.2739815E+05   0.0000000E+00   0.0000000E+00   0.0000000E+00   0.0000000E+00   0.0000000E+00
   3.4966940E-05   8.2739713E+05   8.2739713E+05   1.1029796E+06   1.0568353E+04   5.7460017E+02   8.2789607E+05   8.2739713E+05   0.0000000E+00   0.0000000E+00   0.0000000E+00   0.0000000E+00   0.0000000E+00
   3.9233552E-05   8.2739584E+05   8.2739584E+05   1.1029219E+06   1.0567982E+04   5.7449464E+02   8.2789460E+05   8.2739584E+05   0.0000000E+00   0.0000000E+00   0.0000000E+00   0.0000000E+00   0.0000000E+00
   4.4020769E-05   8.2739422E+05   8.2739422E+05   1.1028491E+06   1.0567515E+04   5.7436180E+02   8.2789276E+05   8.2739422E+05   0.0000000E+00   0.0000000E+00   0.0000000E+00   0.0000000E+00   0.0000000E+00
   4.9392116E-05   8.2739218E+05   8.2739218E+05   1.1027576E+06   1.0566928E+04   5.7419459E+02   8.2789044E+05   8.2739218E+05   0.0000000E+00   0.0000000E+00   0.0000000E+00   0.0000000E+00   0.0000000E+00
   5.5418865E-05   8.2738961E+05   8.2738961E+05   1.1026423E+06   1.0566188E+04   5.7398412E+02   8.2788753E+05   8.2738961E+05   0.0000000E+00   0.0000000E+00   0.0000000E+00   0.0000000E+00   0.0000000E+00
   6.2180990E-05   8.2738637E+05   8.2738637E+05   1.1024972E+06   1.0565257E+04   5.7371922E+02   8.2788385E+05   8.2738637E+05   0.0000000E+00   0.0000000E+00   0.0000000E+00   0.0000000E+00   0.0000000E+00
   6.9768218E-05   8.2738230E+05   8.2738230E+05   1.1023146E+06   1.0564085E+04   5.7338581E+02   8.2787923E+05   8.2738230E+05   0.0000000E+00   0.0000000E+00   0.0000000E+00   0.0000000E+00   0.0000000E+00
   7.8281228E-05   8.2737718E+05   8.2737718E+05   1.1020847E+06   1.0562610E+04   5.7296623E+02   8.2787341E+05   8.2737718E+05   0.0000000E+00   0.0000000E+00   0.0000000E+00   0.0000000E+00   0.0000000E+00
   8.7832982E-05   8.2737072E+05   8.2737072E+05   1.1017954E+06   1.0560752E+04   5.7243825E+02   8.2786609E+05   8.2737072E+05   0.0000000E+00   0.0000000E+00   0.0000000E+00   0.0000000E+00   0.0000000E+00
   9.8550227E-05   8.2736260E+05   8.2736260E+05   1.1014313E+06   1.0558415E+04   5.7177392E+02   8.2785686E+05   8.2736260E+05   0.0000000E+00   0.0000000E+00   0.0000000E+00   0.0000000E+00   0.0000000E+00
   1.1057517E-04   8.2735238E+05   8.2735238E+05   1.1009730E+06   1.0555473E+04   5.7093818E+02   8.2784526E+05   8.2735238E+05   0.0000000E+00   0.0000000E+00   0.0000000E+00   0.0000000E+00   0.0000000E+00
   1.2406739E-04   8.2733951E+05   8.2733951E+05   1.1003963E+06   1.0551771E+04   5.6988698E+02   8.2783064E+05   8.2733951E+05   0.0000000E+00   0.0000000E+00   0.0000000E+00   0.0000000E+00   0.0000000E+00
   1.3920590E-04   8.2732331E+05   8.2732331E+05   1.0996707E+06   1.0547112E+04   5.6856508E+02   8.2781225E+05   8.2732331E+05   0.0000000E+00   0.0000000E+00   0.0000000E+00   0.0000000E+00   0.0000000E+00
   1.5619158E-04   8.2730292E+05   8.2730292E+05   1.0987578E+06   1.0541249E+04   5.6690325E+02   8.2778911E+05   8.2730292E+05   0.0000000E+00   0.0000000E+00   0.0000000E+00   0.0000000E+00   0.0000000E+00
   1.7524984E-04   8.2727725E+05   8.2727725E+05   1.0976095E+06   1.0533874E+04   5.6481485E+02   8.2775998E+05   8.2727725E+05   0.0000000E+00   0.0000000E+00   0.0000000E+00   0.0000000E+00   0.0000000E+00
   1.9663355E-04   8.2724496E+05   8.2724496E+05   1.0961655E+06   1.0524595E+04   5.6219160E+02   8.2772332E+05   8.2724496E+05   0.0000000E+00   0.0000000E+00   0.0000000E+00   0.0000000E+00   0.0000000E+00
   2.2062648E-04   8.2720432E+05   8.2720432E+05   1.0943500E+06   1.0512927E+04   5.5889842E+02   8.2767720E+05   8.2720432E+05   0.0000000E+00   0.0000000E+00   0.0000000E+00   0.0000000E+00   0.0000000E+00
   2.4754698E-04   8.2715319E+05   8.2715319E+05   1.0920684E+06   1.0498256E+04   5.5476727E+02   8.2761917E+05   8.2715319E+05   0.0000000E+00   0.0000000E+00   0.0000000E+00   0.0000000E+00   0.0000000E+00
   2.7775228E-04   8.2708886E+05   8.2708886E+05   1.0892021E+06   1.0479816E+04   5.4958974E+02   8.2754619E+05   8.2708886E+05   0.0000000E+00   0.0000000E+00   0.0000000E+00   0.0000000E+00   0.0000000E+00
   3.1164318E-04   8.2700795E+05   8.2700795E+05   1.0856035E+06   1.0456647E+04   5.4310837E+02   8.2745440E+05   8.2700795E+05   0.0000000E+00   0.0000000E+00   0.0000000E+00   0.0000000E+00   0.0000000E+00
   3.4966940E-04   8.2690621E+05   8.2690621E+05   1.0810884E+06   1.0427555E+04   5.3500683E+02   8.2733901E+05   8.2690621E+05   0.0000000E+00   0.0000000E+00   0.0000000E+00   0.0000000E+00   0.0000000E+00
   3.9233552E-04   8.2677830E+05   8.2677830E+05   1.0754286E+06   1.0391046E+04   5.2489905E+02   8.2719398E+05   8.2677830E+05   0.0000000E+00   0.0000000E+00   0.0000000E+00   0.0000000E+00   0.0000000E+00
   4.4020769E-04   8.2661756E+05   8.2661756E+05   1.0683417E+06   1.0345270E+04   5.1231813E+02   8.2701179E+05   8.2661756E+05   0.0000000E+00   0.0000000E+00   0.0000000E+00   0.0000000E+00   0.0000000E+00
   4.9392116E-04   8.2641566E+05   8.2641566E+05   1.0594803E+06   1.0287934E+04   4.9670602E+02   8.2678304E+05   8.2641566E+05   0.0000000E+00   0.0000000E+00   0.0000000E+00   0.0000000E+00   0.0000000E+00
   5.5418865E-04   8.2616220E+05   8.2616220E+05   1.0484198E+06   1.0216212E+04   4.7740651E+02   8.2649604E+05   8.2616220E+05   0.0000000E+00   0.0000000E+00   0.0000000E+00   0.0000000E+00   0.0000000E+00
   6.2180990E-04   8.2584424E+05   8.2584424E+05   1.0346451E+06   1.0126644E+04   4.5366503E+02   8.2613627E+05   8.2584424E+05   0.0000000E+00   0.0000000E+00   0.0000000E+00   0.0000000E+00   0.0000000E+00
   6.9768218E-04   8.2544573E+05   8.2544573E+05   1.0175387E+06   1.0015025E+04   4.2464146E+02   8.2568574E+05   8.2544573E+05   0.0000000E+00   0.0000000E+00   0.0000000E+00   0.0000000E+00   0.0000000E+00
   7.8281228E-04   8.2494683E+05   8.2494683E+05   9.9637034E+05   9.8762929E+03   3.8944537E+02   8.2512236E+05   8.2494683E+05   0.0000000E+00   0.0000000E+00   0.0000000E+00   0.0000000E+00   0.0000000E+00
   8.7832982E-04   8.2432315E+05   8.2432315E+05   9.7029349E+05   9.7044354E+03   3.4720717E+02   8.2441904E+05   8.2432315E+05   0.0000000E+00   0.0000000E+00   0.0000000E+00   0.0000000E+00   0.0000000E+00
   9.8550227E-04   8.2354484E+05   8.2354484E+05   9.3835323E+05   9.4924377E+03   2.9720464E+02   8.2354289E+05   8.2354484E+05   0.0000000E+00   0.0000000E+00   0.0000000E+00   0.0000000E+00   0.0000000E+00
   1.1057517E-03   8.2257574E+05   8.2257574E+05   8.9951415E+05   9.2323119E+03   2.3906921E+02   8.2245433E+05   8.2257574E+05   0.0000000E+00   0.0000000E+00   0.0000000E+00   0.0000000E+00   0.0000000E+00
   1.2406739E-03   8.2137236E+05   8.2137236E+05   8.5272026E+05   8.9152718E+03   1.7309991E+02   8.2110628E+05   8.2137236E+05   0.0000000E+00   0.0000000E+00   0.0000000E+00   0.0000000E+00   0.0000000E+00
   1.3920590E-03   8.1988313E+05   8.1988313E+05   7.9700248E+05   8.5321414E+03   1.0070814E+02   8.1944367E+05   8.1988313E+05   0.0000000E+00   0.0000000E+00   0.0000000E+00   0.0000000E+00   0.0000000E+00
   1.5619158E-03   8.1804783E+05   8.1804783E+05   7.3165197E+05   8.0741151E+03   2.4993604E+01   8.1740326E+05   8.1804783E+05   0.0000000E+00   0.0000000E+00   0.0000000E+00   0.0000000E+00   0.0000000E+00
   1.7524984E-03   8.1579754E+05   8.1579754E+05   6.5647624E+05   7.5340092E+03   -4.8606861E+01   8.1491441E+05   8.1579754E+05   0.0000000E+00   0.0000000E+00   0.0000000E+00   0.0000000E+00   0.0000000E+00
   1.9663355E-03   8.1305540E+05   8.1305540E+05   5.7214385E+05   6.9081339E+03   -1.1177456E+02   8.1190071E+05   8.1305540E+05   0.0000000E+00   0.0000000E+00   0.0000000E+00   0.0000000E+00   0.0000000E+00
   2.2062648E-03   8.0973849E+05   8.0973849E+05   4.8059401E+05   6.1988455E+03   -1.5324764E+02   8.0828321E+05   8.0973849E+05   0.0000000E+00   0.0000000E+00   0.0000000E+00   0.0000000E+00   0.0000000E+00
   2.4754698E-03   8.0576098E+05   8.0576098E+05   3.8542866E+05   5.4176283E+03   -1.5990016E+02   8.0398487E+05   8.0576098E+05   0.0000000E+00   0.0000000E+00   0.0000000E+00   0.0000000E+00   0.0000000E+00
   2.7775228E-03   8.0103858E+05   8.0103858E+05   2.9210900E+05   4.5881507E+03   -1.1986368E+02   7.9893608E+05   8.0103858E+05   0.0000000E+00   0.0000000E+00   0.0000000E+00   0.0000000E+00   0.0000000E+00
   3.1164318E-03   7.9549343E+05   7.9549343E+05   2.0766017E+05   3.7480881E+03   -2.8474145E+01   7.9307950E+05   7.9549343E+05   0.0000000E+00   0.0000000E+00   0.0000000E+00   0.0000000E+00   0.0000000E+00
   3.4966940E-03   7.8905780E+05   7.8905780E+05   1.3951521E+05   2.9477182E+03   1.0332725E+02   7.8637165E+05   7.8905780E+05   0.0000000E+00   0.0000000E+00   0.0000000E+00   0.0000000E+00   0.0000000E+00
   3.9233552E-03   7.8167405E+05   7.8167405E+05   9.3263587E+04   2.2428548E+03   2.4156102E+02   7.7877744E+05   7.8167405E+05   0.0000000E+00   0.0000000E+00   0.0000000E+00   0.0000000E+00   0.0000000E+00
   4.4020769E-03   7.7328783E+05   7.7328783E+05   6.9659210E+04   1.6806479E+03   3.3109293E+02   7.7025519E+05   7.7328783E+05   0.0000000E+00   0.0000000E+00   0.0000000E+00   0.0000000E+00   0.0000000E+00
   4.9392116E-03   7.6383444E+05   7.6383444E+05   6.2418317E+04   1.2806067E+03   3.1836062E+02   7.6073455E+05   7.6383444E+05   0.0000000E+00   0.0000000E+00   0.0000000E+00   0.0000000E+00   0.0000000E+00
   5.5418865E-03   7.5322346E+05   7.5322346E+05   5.9540024E+04   1.0202322E+03   1.9755378E+02   7.5009941E+05   7.5322346E+05   0.0000000E+00   0.0000000E+00   0.0000000E+00   0.0000000E+00   0.0000000E+00
   6.2180990E-03   7.4133431E+05   7.4133431E+05   5.0160467E+04   8.4071438E+02   4.9849573E+01   7.3819582E+05   7.4133431E+05   0.0000000E+00   0.0000000E+00   0.0000000E+00   0.0000000E+00   0.0000000E+00
   6.9768218E-03   7.2803546E+05   7.2803546E+05   3.3764917E+04   6.8177284E+02   4.4130647E+00   7.2487559E+05   7.2803546E+05   0.0000000E+00   0.0000000E+00   0.0000000E+00   0.0000000E+00   0.0000000E+00
   7.8281228E-03   7.1321682E+05   7.1321682E+05   2.1011719E+04   5.2568927E+02   8.8888883E+01   7.1004365E+05   7.1321682E+05   0.0000000E+00   0.0000000E+00   0.0000000E+00   0.0000000E+00   0.0000000E+00
   8.7832982E-03   6.9679988E+05   6.9679988E+05   1.8840988E+04   3.9953444E+02   1.4050308E+02   6.9364623E+05   6.9679988E+05   0.0000000E+00   0.0000000E+00   0.0000000E+00   0.0000000E+00   0.0000000E+00
   9.8550227E-03   6.7870119E+05   6.7870119E+05   1.7985076E+04   3.1777881E+02   4.9278488E+01   6.7559452E+05   6.7870119E+05   0.0000000E+00   0.0000000E+00   0.0000000E+00   0.0000000E+00   0.0000000E+00
   1.1057517E-02   6.5880572E+05   6.5880572E+05   1.1012554E+04   2.5177973E+02   1.3953883E+01   6.5575122E+05   6.5880572E+05   0.0000000E+00   0.0000000E+00   0.0000000E+00   0.0000000E+00   0.0000000E+00
   1.2406739E-02   6.3700940E+05   6.3700940E+05   8.2854357E+03   1.9009981E+02   8.3043658E+01   6.3402225E+05   6.3700940E+05   0.0000000E+00   0.0000000E+00   0.0000000E+00   0.0000000E+00   0.0000000E+00
   1.3920590E-02   6.1323652E+05   6.1323652E+05   7.9534721E+03   1.4891149E+02   1.9387104E+01   6.1034039E+05   6.1323652E+05   0.0000000E+00   0.0000000E+00   0.0000000E+00   0.0000000E+00   0.0000000E+00
   1.5619158E-02   5.8740499E+05   5.8740499E+05   4.4169618E+03   1.1402815E+02   3.9486907E+01   5.8460821E+05   5.8740499E+05   0.0000000E+00   0.0000000E+00   0.0000000E+00   0.0000000E+00   0.0000000E+00
   1.7524984E-02   5.5947260E+05   5.5947260E+05   4.5839315E+03   8.7149613E+01   2.1736757E+01   5.5679420E+05   5.5947260E+05   0.0000000E+00   0.0000000E+00   0.0000000E+00   0.0000000E+00   0.0000000E+00
   1.9663355E-02   5.2944805E+05   5.2944805E+05   2.6087631E+03   6.6086571E+01   3.3791880E+01   5.2689995E+05   5.2944805E+05   0.0000000E+00   0.0000000E+00   0.0000000E+00   0.0000000E+00   0.0000000E+00
   2.2062646E-02   4.9742690E+05   4.9742690E+05   2.2864609E+03   5.0271054E+01   6.7616298E+00   4.9502356E+05   4.9742690E+05   0.0000000E+00   0.0000000E+00   0.0000000E+00   0.0000000E+00   0.0000000E+00
   2.4754659E-02   4.6363550E+05   4.6363550E+05   1.8420582E+03   3.7478013E+01   1.9007916E+01   4.6138736E+05   4.6363550E+05   0.0000000E+00   0.0000000E+00   0.0000000E+00   0.0000000E+00   0.0000000E+00
   2.7774687E-02   4.2849079E+05   4.2849079E+05   1.2079815E+03   2.7851571E+01   2.1177605E+01   4.2640734E+05   4.2849079E+05   0.0000000E+00   0.0000000E+00   0.0000000E+00   0.0000000E+00   0.0000000E+00
   3.1159156E-02   3.9267528E+05   3.9267528E+05   8.3130958E+02   2.0568086E+01   1.6899847E+01   3.9076159E+05   3.9267528E+05   0.0000000E+00   0.0000000E+00   0.0000000E+00   0.0000000E+00   0.0000000E+00
   3.4931563E-02   3.5727091E+05   3.5727091E+05   6.1136809E+02   1.5065271E+01   1.4207456E+01   3.5552651E+05   3.5727091E+05   0.0000000E+00   0.0000000E+00   0.0000000E+00   0.0000000E+00   0.0000000E+00
   3.9055602E-02   3.2394873E+05   3.2394873E+05   4.7771270E+02   1.1014309E+01   1.1539943E+01   3.2236464E+05   3.2394873E+05   0.0000000E+00   0.0000000E+00   0.0000000E+00   0.0000000E+00   0.0000000E+00
   4.3361287E-02   2.9483486E+05   2.9483486E+05   3.7713407E+02   8.1564229E+00   7.3852604E+00   2.9339139E+05   2.9483486E+05   0.0000000E+00   0.0000000E+00   0.0000000E+00   0.0000000E+00   0.0000000E+00
   4.7575301E-02   2.7137302E+05   2.7137302E+05   2.8474166E+02   6.2119115E+00   4.6799130E+00   2.7004322E+05   2.7137302E+05   0.0000000E+00   0.0000000E+00   0.0000000E+00   0.0000000E+00   0.0000000E+00
   5.1516927E-02   2.5324596E+05   2.5324596E+05   2.2011836E+02   4.8979542E+00   3.9762791E+00   2.5200417E+05   2.5324596E+05   0.0000000E+00   0.0000000E+00   0.0000000E+00   0.0000000E+00   0.0000000E+00
   5.5172153E-02   2.3909225E+05   2.3909225E+05   1.8068382E+02   3.9857172E+00   3.8837077E+00   2.3791931E+05   2.3909225E+05   0.0000000E+00   0.0000000E+00   0.0000000E+00   0.0000000E+00   0.0000000E+00
   5.8601498E-02   2.2760147E+05   2.2760147E+05   1.5427548E+02   3.3233844E+00   4.0967230E+00   2.2648452E+05   2.2760147E+05   0.0000000E+00   0.0000000E+00   0.0000000E+00   0.0000000E+00   0.0000000E+00
   6.1871216E-02   2.1783076E+05   2.1783076E+05   1.3324081E+02   2.8213661E+00   4.6914886E+00   2.1676145E+05   2.1783076E+05   0.0000000E+00   0.0000000E+00   0.0000000E+00   0.0000000E+00   0.0000000E+00
   6.5034736E-02   2.0914641E+05   2.0914641E+05   1.1318139E+02   2.4288577E+00   5.4063588E+00   2.0811945E+05   2.0914641E+05   0.0000000E+00   0.0000000E+00   0.0000000E+00   0.0000000E+00   0.0000000E+00
   6.8132367E-02   2.0112465E+05   2.0112465E+05   9.2680042E+01   2.1149914E+00   5.5320731E+00   2.0013685E+05   2.0112465E+05   0.0000000E+00   0.0000000E+00   0.0000000E+00   0.0000000E+00   0.0000000E+00
   7.1194469E-02   1.9348258E+05   1.9348258E+05   7.5908903E+01   1.8589272E+00   4.5757323E+00   1.9253213E+05   1.9348258E+05   0.0000000E+00   0.0000000E+00   0.0000000E+00   0.0000000E+00   0.0000000E+00
   7.4244365E-02   1.8603649E+05   1.8603649E+05   6.8427473E+01   1.6448342E+00   3.2473418E+00   1.8512247E+05   1.8603649E+05   0.0000000E+00   0.0000000E+00   0.0000000E+00   0.0000000E+00   0.0000000E+00
   7.7300465E-02   1.7867714E+05   1.7867714E+05   6.7459978E+01   1.4609419E+00   2.8490948E+00   1.7779915E+05   1.7867714E+05   0.0000000E+00   0.0000000E+00   0.0000000E+00   0.0000000E+00   0.0000000E+00
   8.0377720E-02   1.7135415E+05   1.7135415E+05   6.3857616E+01   1.3012002E+00   3.4675983E+00   1.7051203E+05   1.7135415E+05   0.0000000E+00   0.0000000E+00   0.0000000E+00   0.0000000E+00   0.0000000E+00
   8.3488622E-02   1.6406498E+05   1.6406498E+05   5.4298455E+01   1.1622159E+00   4.0259866E+00   1.6325859E+05   1.6406498E+05   0.0000000E+00   0.0000000E+00   0.0000000E+00   0.0000000E+00   0.0000000E+00
   8.6643890E-02   1.5684563E+05   1.5684563E+05   4.3683889E+01   1.0405493E+00   3.8716124E+00   1.5607465E+05   1.5684563E+05   0.0000000E+00   0.0000000E+00   0.0000000E+00   0.0000000E+00   0.0000000E+00
   8.9852952E-02   1.4976148E+05   1.4976148E+05   3.6592002E+01   9.3294743E-01   3.2945365E+00   1.4902524E+05   1.4976148E+05   0.0000000E+00   0.0000000E+00   0.0000000E+00   0.0000000E+00   0.0000000E+00
   9.3124289E-02   1.4289732E+05   1.4289732E+05   3.2879461E+01   8.3673087E-01   2.7885613E+00   1.4219476E+05   1.4289732E+05   0.0000000E+00   0.0000000E+00   0.0000000E+00   0.0000000E+00   0.0000000E+00
   9.6465679E-02   1.3634634E+05   1.3634634E+05   3.0483602E+01   7.5023593E-01   2.4904206E+00   1.3567593E+05   1.3634634E+05   0.0000000E+00   0.0000000E+00   0.0000000E+00   0.0000000E+00   0.0000000E+00
   9.9884384E-02   1.3019810E+05   1.3019810E+05   2.8225847E+01   6.7246163E-01   2.3088071E+00   1.2955787E+05   1.3019810E+05   0.0000000E+00   0.0000000E+00   0.0000000E+00   0.0000000E+00   0.0000000E+00
   1.0338728E-01   1.2452620E+05   1.2452620E+05   2.5904260E+01   6.0248288E-01   2.1762804E+00   1.2391381E+05   1.2452620E+05   0.0000000E+00   0.0000000E+00   0.0000000E+00   0.0000000E+00   0.0000000E+00
   1.0698098E-01   1.1937673E+05   1.1937673E+05   2.3585012E+01   5.3952107E-01   2.0739498E+00   1.1878963E+05   1.1937673E+05   0.0000000E+00   0.0000000E+00   0.0000000E+00   0.0000000E+00   0.0000000E+00
   1.1067186E-01   1.1475881E+05   1.1475881E+05   2.1303182E+01   4.8301424E-01   1.9871902E+00   1.1419438E+05   1.1475881E+05   0.0000000E+00   0.0000000E+00   0.0000000E+00   0.0000000E+00   0.0000000E+00
   1.1446619E-01   1.1063886E+05   1.1063886E+05   1.9047159E+01   4.3246408E-01   1.9081161E+00   1.1009466E+05   1.1063886E+05   0.0000000E+00   0.0000000E+00   0.0000000E+00   0.0000000E+00   0.0000000E+00
   1.1837012E-01   1.0694022E+05   1.0694022E+05   1.6792451E+01   3.8736809E-01   1.8486506E+00   1.0641418E+05   1.0694022E+05   0.0000000E+00   0.0000000E+00   0.0000000E+00   0.0000000E+00   0.0000000E+00
   1.2238975E-01   1.0354910E+05   1.0354910E+05   1.4583498E+01   3.4723347E-01   1.8398971E+00   1.0303972E+05   1.0354910E+05   0.0000000E+00   0.0000000E+00   0.0000000E+00   0.0000000E+00   0.0000000E+00
   1.2653115E-01   1.0032745E+05   1.0032745E+05   1.2676158E+01   3.1157857E-01   1.9109955E+00   9.9833897E+04   1.0032745E+05   0.0000000E+00   0.0000000E+00   0.0000000E+00   0.0000000E+00   0.0000000E+00
   1.3080036E-01   9.7131768E+04   9.7131768E+04   1.1536396E+01   2.7994185E-01   2.0294753E+00   9.6653915E+04   9.7131768E+04   0.0000000E+00   0.0000000E+00   0.0000000E+00   0.0000000E+00   0.0000000E+00
   1.3520343E-01   9.3835868E+04   9.3835868E+04   1.1275496E+01   2.5190345E-01   2.0439241E+00   9.3374210E+04   9.3835868E+04   0.0000000E+00   0.0000000E+00   0.0000000E+00   0.0000000E+00   0.0000000E+00
   1.3974644E-01   9.0353797E+04   9.0353797E+04   1.0823612E+01   2.2703631E-01   1.8113724E+00   8.9909253E+04   9.0353797E+04   0.0000000E+00   0.0000000E+00   0.0000000E+00   0.0000000E+00   0.0000000E+00
   1.4443546E-01   8.6658248E+04   8.6658248E+04   9.0219843E+00   2.0477835E-01   1.5451993E+00   8.6231873E+04   8.6658248E+04   0.0000000E+00   0.0000000E+00   0.0000000E+00   0.0000000E+00   0.0000000E+00
   1.4927663E-01   8.2789431E+04   8.2789431E+04   7.5133460E+00   1.8454114E-01   1.6223609E+00   8.2382075E+04   8.2789431E+04   0.0000000E+00   0.0000000E+00   0.0000000E+00   0.0000000E+00   0.0000000E+00
   1.5427610E-01   7.8850307E+04   7.8850307E+04   7.6162208E+00   1.6613446E-01   1.6460478E+00   7.8462318E+04   7.8850307E+04   0.0000000E+00   0.0000000E+00   0.0000000E+00   0.0000000E+00   0.0000000E+00
   1.5944009E-01   7.4986559E+04   7.4986559E+04   6.3326372E+00   1.4947309E-01   1.3706042E+00   7.4617575E+04   7.4986559E+04   0.0000000E+00   0.0000000E+00   0.0000000E+00   0.0000000E+00   0.0000000E+00
   1.6477485E-01   7.1353405E+04   7.1353405E+04   5.6527604E+00   1.3414993E-01   1.4552231E+00   7.1002286E+04   7.1353405E+04   0.0000000E+00   0.0000000E+00   0.0000000E+00   0.0000000E+00   0.0000000E+00
   1.7028673E-01   6.8075762E+04   6.8075762E+04   5.1859158E+00   1.2022706E-01   1.2636763E+00   6.7740764E+04   6.8075762E+04   0.0000000E+00   0.0000000E+00   0.0000000E+00   0.0000000E+00   0.0000000E+00
   1.7598210E-01   6.5212025E+04   6.5212025E+04   4.5851133E+00   1.0757219E-01   1.3360822E+00   6.4891112E+04   6.5212025E+04   0.0000000E+00   0.0000000E+00   0.0000000E+00   0.0000000E+00   0.0000000E+00
   1.8186747E-01   6.2733198E+04   6.2733198E+04   3.9923482E+00   9.6243821E-02   1.1507374E+00   6.2424475E+04   6.2733198E+04   0.0000000E+00   0.0000000E+00   0.0000000E+00   0.0000000E+00   0.0000000E+00
   1.8794943E-01   6.0526863E+04   6.0526863E+04   3.9322975E+00   8.6099887E-02   1.1822984E+00   6.0228992E+04   6.0526863E+04   0.0000000E+00   0.0000000E+00   0.0000000E+00   0.0000000E+00   0.0000000E+00
   1.9423468E-01   5.8428940E+04   5.8428940E+04   3.3207777E+00   7.7099571E-02   1.1982884E+00   5.8141386E+04   5.8428940E+04   0.0000000E+00   0.0000000E+00   0.0000000E+00   0.0000000E+00   0.0000000E+00
   2.0073009E-01   5.6276455E+04   5.6276455E+04   2.9072118E+00   6.9186114E-02   1.0519211E+00   5.5999489E+04   5.6276455E+04   0.0000000E+00   0.0000000E+00   0.0000000E+00   0.0000000E+00   0.0000000E+00
   2.0744272E-01   5.3964720E+04   5.3964720E+04   2.6886487E+00   6.2121066E-02   9.8739671E-01   5.3699128E+04   5.3964720E+04   0.0000000E+00   0.0000000E+00   0.0000000E+00   0.0000000E+00   0.0000000E+00
   2.1437983E-01   5.1486838E+04   5.1486838E+04   2.4709908E+00   5.5773913E-02   9.7201338E-01   5.1233437E+04   5.1486838E+04   0.0000000E+00   0.0000000E+00   0.0000000E+00   0.0000000E+00   0.0000000E+00
   2.2154894E-01   4.8936469E+04   4.8936469E+04   2.2274647E+00   5.0043563E-02   9.3440515E-01   4.8695615E+04   4.8936469E+04   0.0000000E+00   0.0000000E+00   0.0000000E+00   0.0000000E+00   0.0000000E+00
   2.2895792E-01   4.6467713E+04   4.6467713E+04   1.9794833E+00   4.4833326E-02   8.7857424E-01   4.6239006E+04   4.6467713E+04   0.0000000E+00   0.0000000E+00   0.0000000E+00   0.0000000E+00   0.0000000E+00
   2.3661497E-01   4.4225351E+04   4.4225351E+04   1.7386903E+00   4.0096829E-02   8.1897720E-01   4.4007678E+04   4.4225351E+04   0.0000000E+00   0.0000000E+00   0.0000000E+00   0.0000000E+00   0.0000000E+00
   2.4452878E-01   4.2276036E+04   4.2276036E+04   1.5103566E+00   3.5814019E-02   7.8094880E-01   4.2067954E+04   4.2276036E+04   0.0000000E+00   0.0000000E+00   0.0000000E+00   0.0000000E+00   0.0000000E+00
   2.5270856E-01   4.0575876E+04   4.0575876E+04   1.3380714E+00   3.1976145E-02   7.8973849E-01   4.0376159E+04   4.0575876E+04   0.0000000E+00   0.0000000E+00   0.0000000E+00   0.0000000E+00   0.0000000E+00
   2.6116412E-01   3.8995469E+04   3.8995469E+04   1.2607123E+00   2.8575299E-02   7.8414367E-01   3.8803530E+04   3.8995469E+04   0.0000000E+00   0.0000000E+00   0.0000000E+00   0.0000000E+00   0.0000000E+00
   2.6990604E-01   3.7393214E+04   3.7393214E+04   1.1304395E+00   2.5578115E-02   6.9444122E-01   3.7209160E+04   3.7393214E+04   0.0000000E+00   0.0000000E+00   0.0000000E+00   0.0000000E+00   0.0000000E+00
   2.7894576E-01   3.5696786E+04   3.5696786E+04   9.7921753E-01   2.2895891E-02   6.9402927E-01   3.5521079E+04   3.5696786E+04   0.0000000E+00   0.0000000E+00   0.0000000E+00   0.0000000E+00   0.0000000E+00
   2.8829570E-01   3.3941970E+04   3.3941970E+04   9.0197602E-01   2.0487266E-02   6.3756677E-01   3.3774900E+04   3.3941970E+04   0.0000000E+00   0.0000000E+00   0.0000000E+00   0.0000000E+00   0.0000000E+00
   2.9796949E-01   3.2240557E+04   3.2240557E+04   7.9052167E-01   1.8303017E-02   6.2913805E-01   3.2081860E+04   3.2240557E+04   0.0000000E+00   0.0000000E+00   0.0000000E+00   0.0000000E+00   0.0000000E+00
   3.0798212E-01   3.0696241E+04   3.0696241E+04   6.9015786E-01   1.6327774E-02   5.9670078E-01   3.0545144E+04   3.0696241E+04   0.0000000E+00   0.0000000E+00   0.0000000E+00   0.0000000E+00   0.0000000E+00
   3.1835018E-01   2.9328489E+04   2.9328489E+04   6.2752187E-01   1.4560034E-02   5.4615077E-01   2.9184124E+04   2.9328489E+04   0.0000000E+00   0.0000000E+00   0.0000000E+00   0.0000000E+00   0.0000000E+00
   3.2909216E-01   2.8063823E+04   2.8063823E+04   5.6601460E-01   1.2983415E-02   5.2214764E-01   2.7925681E+04   2.8063823E+04   0.0000000E+00   0.0000000E+00   0.0000000E+00   0.0000000E+00   0.0000000E+00
   3.4022873E-01   2.6803069E+04   2.6803069E+04   5.0389099E-01   1.1581425E-02   5.0644439E-01   2.6671133E+04   2.6803069E+04   0.0000000E+00   0.0000000E+00   0.0000000E+00   0.0000000E+00   0.0000000E+00
   3.5178316E-01   2.5507120E+04   2.5507120E+04   4.4439119E-01   1.0328161E-02   4.9142358E-01   2.5381562E+04   2.5507120E+04   0.0000000E+00   0.0000000E+00   0.0000000E+00   0.0000000E+00   0.0000000E+00
   3.6378179E-01   2.4222643E+04   2.4222643E+04   3.9556655E-01   9.1997842E-03   4.7084713E-01   2.4103407E+04   2.4222643E+04   0.0000000E+00   0.0000000E+00   0.0000000E+00   0.0000000E+00   0.0000000E+00
   3.7625459E-01   2.3023322E+04   2.3023322E+04   3.5735535E-01   8.1830365E-03   4.3133059E-01   2.2909989E+04   2.3023322E+04   0.0000000E+00   0.0000000E+00   0.0000000E+00   0.0000000E+00   0.0000000E+00
   3.8923587E-01   2.1928468E+04   2.1928468E+04   3.1223541E-01   7.2687037E-03   4.1967033E-01   2.1820524E+04   2.1928468E+04   0.0000000E+00   0.0000000E+00   0.0000000E+00   0.0000000E+00   0.0000000E+00
   4.0276515E-01   2.0888221E+04   2.0888221E+04   2.8111955E-01   6.4533684E-03   4.0218653E-01   2.0785397E+04   2.0888221E+04   0.0000000E+00   0.0000000E+00   0.0000000E+00   0.0000000E+00   0.0000000E+00
   4.1688831E-01   1.9849907E+04   1.9849907E+04   2.5007250E-01   5.7264777E-03   3.7553954E-01   1.9752194E+04   1.9849907E+04   0.0000000E+00   0.0000000E+00   0.0000000E+00   0.0000000E+00   0.0000000E+00
   4.3165894E-01   1.8820083E+04   1.8820083E+04   2.2097288E-01   5.0725218E-03   3.5506211E-01   1.8727439E+04   1.8820083E+04   0.0000000E+00   0.0000000E+00   0.0000000E+00   0.0000000E+00   0.0000000E+00
   4.4714022E-01   1.7841387E+04   1.7841387E+04   1.9447351E-01   4.4829519E-03   3.4104265E-01   1.7753560E+04   1.7841387E+04   0.0000000E+00   0.0000000E+00   0.0000000E+00   0.0000000E+00   0.0000000E+00
   4.6340723E-01   1.6922561E+04   1.6922561E+04   1.7105576E-01   3.9548924E-03   3.1628288E-01   1.6839257E+04   1.6922561E+04   0.0000000E+00   0.0000000E+00   0.0000000E+00   0.0000000E+00   0.0000000E+00
   4.8055014E-01   1.6029791E+04   1.6029791E+04   1.5089025E-01   3.4813045E-03   3.0968719E-01   1.5950881E+04   1.6029791E+04   0.0000000E+00   0.0000000E+00   0.0000000E+00   0.0000000E+00   0.0000000E+00
   4.9867841E-01   1.5146999E+04   1.5146999E+04   1.3256145E-01   3.0573062E-03   2.8873355E-01   1.5072435E+04   1.5146999E+04   0.0000000E+00   0.0000000E+00   0.0000000E+00   0.0000000E+00   0.0000000E+00
   5.1792653E-01   1.4294187E+04   1.4294187E+04   1.1573756E-01   2.6754489E-03   2.6881624E-01   1.4223821E+04   1.4294187E+04   0.0000000E+00   0.0000000E+00   0.0000000E+00   0.0000000E+00   0.0000000E+00
   5.3846201E-01   1.3475971E+04   1.3475971E+04   1.0127181E-01   2.3320900E-03   2.5796139E-01   1.3409633E+04   1.3475971E+04   0.0000000E+00   0.0000000E+00   0.0000000E+00   0.0000000E+00   0.0000000E+00
   5.6049662E-01   1.2672409E+04   1.2672409E+04   8.7861172E-02   2.0241512E-03   2.4270506E-01   1.2610026E+04   1.2672409E+04   0.0000000E+00   0.0000000E+00   0.0000000E+00   0.0000000E+00   0.0000000E+00
   5.8430264E-01   1.1883122E+04   1.1883122E+04   7.5672744E-02   1.7471549E-03   2.2269763E-01   1.1824624E+04   1.1883122E+04   0.0000000E+00   0.0000000E+00   0.0000000E+00   0.0000000E+00   0.0000000E+00
   6.1023668E-01   1.1113305E+04   1.1113305E+04   6.4898633E-02   1.4975056E-03   2.1132339E-01   1.1058597E+04   1.1113305E+04   0.0000000E+00   0.0000000E+00   0.0000000E+00   0.0000000E+00   0.0000000E+00
   6.3877539E-01   1.0351245E+04   1.0351245E+04   5.5191521E-02   1.2730728E-03   1.9555071E-01   1.0300288E+04   1.0351245E+04   0.0000000E+00   0.0000000E+00   0.0000000E+00   0.0000000E+00   0.0000000E+00
   6.7056981E-01   9.5957321E+03   9.5957321E+03   4.6436786E-02   1.0708017E-03   1.8368351E-01   9.5484942E+03   9.5957321E+03   0.0000000E+00   0.0000000E+00   0.0000000E+00   0.0000000E+00   0.0000000E+00
   7.0652921E-01   8.8416836E+03   8.8416836E+03   3.8532137E-02   8.8877988E-04   1.6881886E-01   8.7981575E+03   8.8416836E+03   0.0000000E+00   0.0000000E+00   0.0000000E+00   0.0000000E+00   0.0000000E+00
   7.4794923E-01   8.0830707E+03   8.0830707E+03   3.1437869E-02   7.2503388E-04   1.5389687E-01   8.0432790E+03   8.0830707E+03   0.0000000E+00   0.0000000E+00   0.0000000E+00   0.0000000E+00   0.0000000E+00
   7.9669905E-01   7.3143547E+03   7.3143547E+03   2.5071905E-02   5.7836928E-04   1.3676248E-01   7.2783472E+03   7.3143547E+03   0.0000000E+00   0.0000000E+00   0.0000000E+00   0.0000000E+00   0.0000000E+00
   8.5545305E-01   6.5312859E+03   6.5312859E+03   1.9417732E-02   4.4787642E-04   1.2390032E-01   6.4991333E+03   6.5312859E+03   0.0000000E+00   0.0000000E+00   0.0000000E+00   0.0000000E+00   0.0000000E+00
   9.2782490E-01   5.7349070E+03   5.7349070E+03   1.4493783E-02   3.3429112E-04   1.0851485E-01   5.7066747E+03   5.7349070E+03   0.0000000E+00   0.0000000E+00   0.0000000E+00   0.0000000E+00   0.0000000E+00
   1.0179439E+00   4.9391146E+03   4.9391146E+03   1.0370125E-02   2.3916717E-04   9.3919964E-02   4.9147999E+03   4.9391146E+03   0.0000000E+00   0.0000000E+00   0.0000000E+00   0.0000000E+00   0.0000000E+00
   1.1288915E+00   4.1757160E+03   4.1757160E+03   7.1286493E-03   1.6440876E-04   7.9653874E-02   4.1551594E+03   4.1757160E+03   0.0000000E+00   0.0000000E+00   0.0000000E+00   0.0000000E+00   0.0000000E+00
   1.2610590E+00   3.4843699E+03   3.4843699E+03   4.7668647E-03   1.0994775E-04   6.6015498E-02   3.4672167E+03   3.4843699E+03   0.0000000E+00   0.0000000E+00   0.0000000E+00   0.0000000E+00   0.0000000E+00
   1.4132738E+00   2.8882262E+03   2.8882262E+03   3.1459814E-03   7.2563399E-05   5.4142003E-02   2.8740077E+03   2.8882262E+03   0.0000000E+00   0.0000000E+00   0.0000000E+00   0.0000000E+00   0.0000000E+00
   1.5853701E+00   2.3872146E+03   2.3872146E+03   2.0663609E-03   4.7662870E-05   4.4795162E-02   2.3754625E+03   2.3872146E+03   0.0000000E+00   0.0000000E+00   0.0000000E+00   0.0000000E+00   0.0000000E+00
   1.7787626E+00   1.9700181E+03   1.9700181E+03   1.3545916E-03   3.1244265E-05   3.7051915E-02   1.9603199E+03   1.9700181E+03   0.0000000E+00   0.0000000E+00   0.0000000E+00   0.0000000E+00   0.0000000E+00
   1.9957991E+00   1.6237307E+03   1.6237307E+03   8.8685371E-04   2.0453635E-05   3.1079567E-02   1.6157372E+03   1.6237307E+03   0.0000000E+00   0.0000000E+00   0.0000000E+00   0.0000000E+00   0.0000000E+00
   2.2393231E+00   1.3368009E+03   1.3368009E+03   5.7996766E-04   1.3376206E-05   2.5479650E-02   1.3302200E+03   1.3368009E+03   0.0000000E+00   0.0000000E+00   0.0000000E+00   0.0000000E+00   0.0000000E+00
   2.5125618E+00   1.0993968E+03   1.0993968E+03   3.7887092E-04   8.7390120E-06   2.0667632E-02   1.0939845E+03   1.0993968E+03   0.0000000E+00   0.0000000E+00   0.0000000E+00   0.0000000E+00   0.0000000E+00
   2.8191407E+00   9.0323363E+02   9.0323363E+02   2.4725009E-04   5.7034366E-06   1.6921532E-02   8.9878706E+02   9.0323363E+02   0.0000000E+00   0.0000000E+00   0.0000000E+00   0.0000000E+00   0.0000000E+00
   3.1631279E+00   7.4135359E+02   7.4135359E+02   1.6119806E-04   3.7181078E-06   1.4112996E-02   7.3770395E+02   7.4135359E+02   0.0000000E+00   0.0000000E+00   0.0000000E+00   0.0000000E+00   0.0000000E+00
   3.5490879E+00   6.0792560E+02   6.0792560E+02   1.0499894E-04   2.4221049E-06   1.1454766E-02   6.0493282E+02   6.0792560E+02   0.0000000E+00   0.0000000E+00   0.0000000E+00   0.0000000E+00   0.0000000E+00
   3.9821421E+00   4.9807436E+02   4.9807436E+02   6.8332608E-05   1.5763203E-06   9.4779184E-03   4.9562236E+02   4.9807436E+02   0.0000000E+00   0.0000000E+00   0.0000000E+00   0.0000000E+00   0.0000000E+00
   4.4680369E+00   4.0773165E+02   4.0773165E+02   4.4515032E-05   1.0250728E-06   7.7479287E-03   4.0572442E+02   4.0773165E+02   0.0000000E+00   0.0000000E+00   0.0000000E+00   0.0000000E+00   0.0000000E+00
   5.0132199E+00   3.3350926E+02   3.3350926E+02   2.8876921E-05   6.6610064E-07   6.2925665E-03   3.3186742E+02   3.3350926E+02   0.0000000E+00   0.0000000E+00   0.0000000E+00   0.0000000E+00   0.0000000E+00
   5.6249252E+00   2.7259024E+02   2.7259024E+02   1.8745614E-05   4.3248513E-07   5.1968487E-03   2.7124829E+02   2.7259024E+02   0.0000000E+00   0.0000000E+00   0.0000000E+00   0.0000000E+00   0.0000000E+00
   6.3112699E+00   2.2263652E+02   2.2263652E+02   1.2160857E-05   2.8061420E-07   4.2572631E-03   2.2154050E+02   2.2263652E+02   0.0000000E+00   0.0000000E+00   0.0000000E+00   0.0000000E+00   0.0000000E+00
   7.0813613E+00   1.8171053E+02   1.8171053E+02   7.8838383E-06   1.8196315E-07   3.4600271E-03   1.8081598E+02   1.8171053E+02   0.0000000E+00   0.0000000E+00   0.0000000E+00   0.0000000E+00   0.0000000E+00
   7.9454181E+00   1.4820895E+02   1.4820895E+02   5.1077232E-06   1.1792337E-07   2.8035084E-03   1.4747933E+02   1.4820895E+02   0.0000000E+00   0.0000000E+00   0.0000000E+00   0.0000000E+00   0.0000000E+00
   8.9149057E+00   1.2080689E+02   1.2080689E+02   3.3106252E-06   7.6370232E-08   2.3071351E-03   1.2021216E+02   1.2080689E+02   0.0000000E+00   0.0000000E+00   0.0000000E+00   0.0000000E+00   0.0000000E+00
