#           k/h    CDM            baryon         photon         nu             mass_nu        total          no_nu          total_de       Weyl           v_CDM          v_b            v_b-v_c     
   1.1057517E-05   1.2021243E+07   1.2021243E+07   1.6023147E+07   8.6492900E+03   5.6900938E+06   1.2021277E+07   1.2021243E+07   0.0000000E+00   0.0000000E+00   0.0000000E+00   0.0000000E+00   0.0000000E+00
   1.2406739E-05   1.2021240E+07   1.2021240E+07   1.6021802E+07   8.6488244E+03   5.6899868E+06   1.2021273E+07   1.2021240E+07   0.0000000E+00   0.0000000E+00   0.0000000E+00   0.0000000E+00   0.0000000E+00
   1.3920590E-05   1.2021235E+07   1.2021235E+07   1.6020109E+07   8.6482383E+03   5.6898521E+06   1.2021268E+07   1.2021235E+07   0.0000000E+00   0.0000000E+00   0.0000000E+00   0.0000000E+00   0.0000000E+00
   1.5619158E-05   1.2021230E+07   1.2021230E+07   1.6017978E+07   8.6475005E+03   5.6896825E+06   1.2021263E+07   1.2021230E+07   0.0000000E+00   0.0000000E+00   0.0000000E+00   0.0000000E+00   0.0000000E+00
   1.7524984E-05   1.2021223E+07   1.2021223E+07   1.6015296E+07   8.6465718E+03   5.6894690E+06   1.2021255E+07   1.2021223E+07   0.0000000E+00   0.0000000E+00   0.0000000E+00   0.0000000E+00   0.0000000E+00
   1.9663355E-05   1.2021214E+07   1.2021214E+07   1.6011920E+07   8.6454027E+03   5.6892004E+06   1.2021246E+07   1.2021214E+07   0.0000000E+00   0.0000000E+00   0.0000000E+00   0.0000000E+00   0.0000000E+00
   2.2062648E-05   1.2021203E+07   1.2021203E+07   1.6007670E+07   8.6439313E+03   5.6888623E+06   1.2021235E+07   1.2021203E+07   0.0000000E+00   0.0000000E+00   0.0000000E+00   0.0000000E+00   0.0000000E+00
   2.4754698E-05   1.2021189E+07   1.2021189E+07   1.6002322E+07   8.6420792E+03   5.6884368E+06   1.2021220E+07   1.2021189E+07   0.0000000E+00   0.0000000E+00   0.0000000E+00   0.0000000E+00   0.0000000E+00
   2.7775228E-05   1.2021172E+07   1.2021172E+07   1.5995591E+07   8.6397482E+03   5.6879016E+06   1.2021202E+07   1.2021172E+07   0.0000000E+00   0.0000000E+00   0.0000000E+00   0.0000000E+00   0.0000000E+00
   3.1164318E-05   1.2021150E+07   1.2021150E+07   1.5987121E+07   8.6368146E+03   5.6872282E+06   1.2021179E+07   1.2021150E+07   0.0000000E+00   0.0000000E+00   0.0000000E+00   0.0000000E+00   0.0000000E+00
   3.4966940E-05   1.2021122E+07   1.2021122E+07   1.5976464E+07   8.6331231E+03   5.6863812E+06   1.2021150E+07   1.2021122E+07   0.0000000E+00   0.0000000E+00   0.0000000E+00   0.0000000E+00   0.0000000E+00
   3.9233552E-05   1.2021088E+07   1.2021088E+07   1.5963058E+07   8.6284784E+03   5.6853161E+06   1.2021113E+07   1.2021088E+07   0.0000000E+00   0.0000000E+00   0.0000000E+00   0.0000000E+00   0.0000000E+00
   4.4020769E-05   1.2021044E+07   1.2021044E+07   1.5946195E+07   8.6226350E+03   5.6839772E+06   1.2021067E+07   1.2021044E+07   0.0000000E+00   0.0000000E+00   0.0000000E+00   0.0000000E+00   0.0000000E+00
   4.9392116E-05   1.2020989E+07   1.2020989E+07   1.5924990E+07   8.6152850E+03   5.6822947E+06   1.2021010E+07   1.2020989E+07   0.0000000E+00   0.0000000E+00   0.0000000E+00   0.0000000E+00   0.0000000E+00
   5.5418865E-05   1.2020919E+07   1.2020919E+07   1.5898333E+07   8.6060420E+03   5.6801814E+06   1.2020937E+07   1.2020919E+07   0.0000000E+00   0.0000000E+00   0.0000000E+00   0.0000000E+00   0.0000000E+00
   6.2180990E-05   1.2020832E+07   1.2020832E+07   1.5864834E+07   8.5944219E+03   5.6775285E+06   1.2020845E+07   1.2020832E+07   0.0000000E+00   0.0000000E+00   0.0000000E+00   0.0000000E+00   0.0000000E+00
   6.9768218E-05   1.2020722E+07   1.2020722E+07   1.5822757E+07   8.5798183E+03   5.6742008E+06   1.2020730E+07   1.2020722E+07   0.0000000E+00   0.0000000E+00   0.0000000E+00   0.0000000E+00   0.0000000E+00
   7.8281228E-05   1.2020584E+07   1.2020584E+07   1.5769935E+07   8.5614736E+03   5.6700307E+06   1.2020585E+07   1.2020584E+07   0.0000000E+00   0.0000000E+00   0.0000000E+00   0.0000000E+00   0.0000000E+00
   8.7832982E-05   1.2020411E+07   1.2020411E+07   1.5703674E+07   8.5384424E+03   5.6648109E+06   1.2020402E+07   1.2020411E+07   0.0000000E+00   0.0000000E+00   0.0000000E+00   0.0000000E+00   0.0000000E+00
   9.8550227E-05   1.2020192E+07   1.2020192E+07   1.5620633E+07   8.5095482E+03   5.6582871E+06   1.2020173E+07   1.2020192E+07   0.0000000E+00   0.0000000E+00   0.0000000E+00   0.0000000E+00   0.0000000E+00
   1.1057517E-04   1.2019917E+07   1.2019917E+07   1.5516684E+07   8.4733308E+03   5.6501491E+06   1.2019884E+07   1.2019917E+07   0.0000000E+00   0.0000000E+00   0.0000000E+00   0.0000000E+00   0.0000000E+00
   1.2406739E-04   1.2019571E+07   1.2019571E+07   1.5386756E+07   8.4279856E+03   5.6400214E+06   1.2019521E+07   1.2019571E+07   0.0000000E+00   0.0000000E+00   0.0000000E+00   0.0000000E+00   0.0000000E+00
   1.3920590E-04   1.2019137E+07   1.2019137E+07   1.5224656E+07   8.3712928E+03   5.6274559E+06   1.2019065E+07   1.2019137E+07   0.0000000E+00   0.0000000E+00   0.0000000E+00   0.0000000E+00   0.0000000E+00
   1.5619158E-04   1.2018591E+07   1.2018591E+07   1.5022897E+07   8.3005401E+03   5.6119252E+06   1.2018492E+07   1.2018591E+07   0.0000000E+00   0.0000000E+00   0.0000000E+00   0.0000000E+00   0.0000000E+00
   1.7524984E-04   1.2017906E+07   1.2017906E+07   1.4772520E+07   8.2124401E+03   5.5928222E+06   1.2017772E+07   1.2017906E+07   0.0000000E+00   0.0000000E+00   0.0000000E+00   0.0000000E+00   0.0000000E+00
   1.9663355E-04   1.2017045E+07   1.2017045E+07   1.4462973E+07   8.1030521E+03   5.5694695E+06   1.2016869E+07   1.2017045E+07   0.0000000E+00   0.0000000E+00   0.0000000E+00   0.0000000E+00   0.0000000E+00
   2.2062648E-04   1.2015966E+07   1.2015966E+07   1.4082087E+07   7.9677200E+03   5.5411441E+06   1.2015736E+07   1.2015966E+07   0.0000000E+00   0.0000000E+00   0.0000000E+00   0.0000000E+00   0.0000000E+00
   2.4754698E-04   1.2014615E+07   1.2014615E+07   1.3616228E+07   7.8010489E+03   5.5071281E+06   1.2014317E+07   1.2014615E+07   0.0000000E+00   0.0000000E+00   0.0000000E+00   0.0000000E+00   0.0000000E+00
   2.7775228E-04   1.2012924E+07   1.2012924E+07   1.3050768E+07   7.5969548E+03   5.4667965E+06   1.2012542E+07   1.2012924E+07   0.0000000E+00   0.0000000E+00   0.0000000E+00   0.0000000E+00   0.0000000E+00
   3.1164318E-04   1.2010811E+07   1.2010811E+07   1.2371024E+07   7.3488377E+03   5.4197550E+06   1.2010323E+07   1.2010811E+07   0.0000000E+00   0.0000000E+00   0.0000000E+00   0.0000000E+00   0.0000000E+00
   3.4966940E-04   1.2008176E+07   1.2008176E+07   1.1563913E+07   7.0499506E+03   5.3660387E+06   1.2007556E+07   1.2008176E+07   0.0000000E+00   0.0000000E+00   0.0000000E+00   0.0000000E+00   0.0000000E+00
   3.9233552E-04   1.2004897E+07   1.2004897E+07   1.0620550E+07   6.6940515E+03   5.3063693E+06   1.2004113E+07   1.2004897E+07   0.0000000E+00   0.0000000E+00   0.0000000E+00   0.0000000E+00   0.0000000E+00
   4.4020769E-04   1.2000827E+07   1.2000827E+07   9.5399932E+06   6.2764394E+03   5.2424415E+06   1.1999840E+07   1.2000827E+07   0.0000000E+00   0.0000000E+00   0.0000000E+00   0.0000000E+00   0.0000000E+00
   4.9392116E-04   1.1995792E+07   1.1995792E+07   8.3341281E+06   5.7954516E+03   5.1771499E+06   1.1994554E+07   1.1995792E+07   0.0000000E+00   0.0000000E+00   0.0000000E+00   0.0000000E+00   0.0000000E+00
   5.5418865E-04   1.1989585E+07   1.1989585E+07   7.0331990E+06   5.2544146E+03   5.1145742E+06   1.1988038E+07   1.1989585E+07   0.0000000E+00   0.0000000E+00   0.0000000E+00   0.0000000E+00   0.0000000E+00
   6.2180990E-04   1.1981965E+07   1.1981965E+07   5.6905755E+06   4.6638500E+03   5.0594240E+06   1.1980040E+07   1.1981965E+07   0.0000000E+00   0.0000000E+00   0.0000000E+00   0.0000000E+00   0.0000000E+00
   6.9768218E-04   1.1972652E+07   1.1972652E+07   4.3840018E+06   4.0433815E+03   5.0155639E+06   1.1970269E+07   1.1972652E+07   0.0000000E+00   0.0000000E+00   0.0000000E+00   0.0000000E+00   0.0000000E+00
   7.8281228E-04   1.1961327E+07   1.1961327E+07   3.2091337E+06   3.4222906E+03   4.9833711E+06   1.1958393E+07   1.1961327E+07   0.0000000E+00   0.0000000E+00   0.0000000E+00   0.0000000E+00   0.0000000E+00
   8.7832982E-04   1.1947621E+07   1.1947621E+07   2.2608822E+06   2.8371820E+03   4.9563261E+06   1.1944032E+07   1.1947621E+07   0.0000000E+00   0.0000000E+00   0.0000000E+00   0.0000000E+00   0.0000000E+00
   9.8550227E-04   1.1931113E+07   1.1931113E+07   1.6014090E+06   2.3252491E+03   4.9186795E+06   1.1926757E+07   1.1931113E+07   0.0000000E+00   0.0000000E+00   0.0000000E+00   0.0000000E+00   0.0000000E+00
   1.1057517E-03   1.1911315E+07   1.1911315E+07   1.2234824E+06   1.9130375E+03   4.8479542E+06   1.1906073E+07   1.1911315E+07   0.0000000E+00   0.0000000E+00   0.0000000E+00   0.0000000E+00   0.0000000E+00
   1.2406739E-03   1.1887657E+07   1.1887657E+07   1.0336171E+06   1.6042132E+03   4.7262265E+06   1.1881414E+07   1.1887657E+07   0.0000000E+00   0.0000000E+00   0.0000000E+00   0.0000000E+00   0.0000000E+00
   1.3920590E-03   1.1859486E+07   1.1859486E+07   8.8841023E+05   1.3747550E+03   4.5580543E+06   1.1852139E+07   1.1859486E+07   0.0000000E+00   0.0000000E+00   0.0000000E+00   0.0000000E+00   0.0000000E+00
   1.5619158E-03   1.1826064E+07   1.1826064E+07   6.9102090E+05   1.1851784E+03   4.3783648E+06   1.1817529E+07   1.1826064E+07   0.0000000E+00   0.0000000E+00   0.0000000E+00   0.0000000E+00   0.0000000E+00
   1.7524984E-03   1.1786599E+07   1.1786599E+07   4.7580940E+05   1.0083440E+03   4.2252067E+06   1.1776820E+07   1.1786599E+07   0.0000000E+00   0.0000000E+00   0.0000000E+00   0.0000000E+00   0.0000000E+00
   1.9663355E-03   1.1740257E+07   1.1740257E+07   3.5171933E+05   8.4855933E+02   4.0876116E+06   1.1729209E+07   1.1740257E+07   0.0000000E+00   0.0000000E+00   0.0000000E+00   0.0000000E+00   0.0000000E+00
   2.2062648E-03   1.1686163E+07   1.1686163E+07   3.1809597E+05   7.2269497E+02   3.9130289E+06   1.1673844E+07   1.1686163E+07   0.0000000E+00   0.0000000E+00   0.0000000E+00   0.0000000E+00   0.0000000E+00
   2.4754698E-03   1.1623371E+07   1.1623371E+07   2.5432997E+05   6.2404608E+02   3.7102428E+06   1.1609788E+07   1.1623371E+07   0.0000000E+00   0.0000000E+00   0.0000000E+00   0.0000000E+00   0.0000000E+00
   2.7775228E-03   1.1550866E+07   1.1550866E+07   1.7078491E+05   5.3433046E+02   3.5411143E+06   1.1536017E+07   1.1550866E+07   0.0000000E+00   0.0000000E+00   0.0000000E+00   0.0000000E+00   0.0000000E+00
   3.1164318E-03   1.1467583E+07   1.1467583E+07   1.4728893E+05   4.5792701E+02   3.3602942E+06   1.1451454E+07   1.1467583E+07   0.0000000E+00   0.0000000E+00   0.0000000E+00   0.0000000E+00   0.0000000E+00
   3.4966940E-03   1.1372381E+07   1.1372381E+07   1.0811575E+05   3.9418886E+02   3.1553608E+06   1.1354952E+07   1.1372381E+07   0.0000000E+00   0.0000000E+00   0.0000000E+00   0.0000000E+00   0.0000000E+00
   3.9233552E-03   1.1264043E+07   1.1264043E+07   8.9035004E+04   3.3670015E+02   2.9620283E+06   1.1245302E+07   1.1264043E+07   0.0000000E+00   0.0000000E+00   0.0000000E+00   0.0000000E+00   0.0000000E+00
   4.4020769E-03   1.1141288E+07   1.1141288E+07   6.4474498E+04   2.8816348E+02   2.7431730E+06   1.1121242E+07   1.1141288E+07   0.0000000E+00   0.0000000E+00   0.0000000E+00   0.0000000E+00   0.0000000E+00
   4.9392116E-03   1.1002782E+07   1.1002782E+07   5.4759873E+04   2.4460154E+02   2.5372779E+06   1.0981470E+07   1.1002782E+07   0.0000000E+00   0.0000000E+00   0.0000000E+00   0.0000000E+00   0.0000000E+00
   5.5418865E-03   1.0847181E+07   1.0847181E+07   3.9230872E+04   2.0673578E+02   2.3288219E+06   1.0824690E+07   1.0847181E+07   0.0000000E+00   0.0000000E+00   0.0000000E+00   0.0000000E+00   0.0000000E+00
   6.2180990E-03   1.0673135E+07   1.0673135E+07   2.9516341E+04   1.7419483E+02   2.1187447E+06   1.0649565E+07   1.0673135E+07   0.0000000E+00   0.0000000E+00   0.0000000E+00   0.0000000E+00   0.0000000E+00
   6.9768218E-03   1.0479248E+07   1.0479248E+07   2.4138601E+04   1.4592978E+02   1.9115524E+06   1.0454685E+07   1.0479248E+07   0.0000000E+00   0.0000000E+00   0.0000000E+00   0.0000000E+00   0.0000000E+00
   7.8281228E-03   1.0264075E+07   1.0264075E+07   1.8653567E+04   1.2124928E+02   1.7143414E+06   1.0238668E+07   1.0264075E+07   0.0000000E+00   0.0000000E+00   0.0000000E+00   0.0000000E+00   0.0000000E+00
   8.7832982E-03   1.0026198E+07   1.0026198E+07   1.4001525E+04   1.0022294E+02   1.5251632E+06   1.0000110E+07   1.0026198E+07   0.0000000E+00   0.0000000E+00   0.0000000E+00   0.0000000E+00   0.0000000E+00
   9.8550227E-03   9.7641753E+06   9.7641753E+06   1.0576012E+04   8.2168982E+01   1.3467860E+06   9.7375748E+06   9.7641753E+06   0.0000000E+00   0.0000000E+00   0.0000000E+00   0.0000000E+00   0.0000000E+00
   1.1057517E-02   9.4765611E+06   9.4765611E+06   8.8748067E+03   6.6895609E+01   1.1779448E+06   9.4496457E+06   9.4765611E+06   0.0000000E+00   0.0000000E+00   0.0000000E+00   0.0000000E+00   0.0000000E+00
   1.2406739E-02   9.1619492E+06   9.1619492E+06   6.2030765E+03   5.4033684E+01   1.0194063E+06   9.1349229E+06   9.1619492E+06   0.0000000E+00   0.0000000E+00   0.0000000E+00   0.0000000E+00   0.0000000E+00
   1.3920590E-02   8.8190351E+06   8.8190351E+06   5.0911737E+03   4.3283427E+01   8.7452924E+05   8.7921191E+06   8.8190351E+06   0.0000000E+00   0.0000000E+00   0.0000000E+00   0.0000000E+00   0.0000000E+00
   1.5619158E-02   8.4467342E+06   8.4467342E+06   3.9107147E+03   3.4349513E+01   7.4347570E+05   8.4201538E+06   8.4467342E+06   0.0000000E+00   0.0000000E+00   0.0000000E+00   0.0000000E+00   0.0000000E+00
   1.7524984E-02   8.0443953E+06   8.0443953E+06   2.8433218E+03   2.7006340E+01   6.2497113E+05   8.0183794E+06   8.0443953E+06   0.0000000E+00   0.0000000E+00   0.0000000E+00   0.0000000E+00   0.0000000E+00
   1.9663355E-02   7.6121277E+06   7.6121277E+06   2.0519424E+03   2.1016645E+01   5.2084692E+05   7.5869041E+06   7.6121277E+06   0.0000000E+00   0.0000000E+00   0.0000000E+00   0.0000000E+00   0.0000000E+00
   2.2062646E-02   7.1512847E+06   7.1512847E+06   1.5375856E+03   1.6187143E+01   4.2788237E+05   7.1270737E+06   7.1512847E+06   0.0000000E+00   0.0000000E+00   0.0000000E+00   0.0000000E+00   0.0000000E+00
   2.4754659E-02   6.6651166E+06   6.6651166E+06   1.1280521E+03   1.2327272E+01   3.4802816E+05   6.6421209E+06   6.6651166E+06   0.0000000E+00   0.0000000E+00   0.0000000E+00   0.0000000E+00   0.0000000E+00
   2.7774687E-02   6.1595929E+06   6.1595929E+06   8.6154647E+02   9.2804807E+00   2.8008906E+05   6.1379864E+06   6.1595929E+06   0.0000000E+00   0.0000000E+00   0.0000000E+00   0.0000000E+00   0.0000000E+00
   3.1159156E-02   5.6445130E+06   5.6445130E+06   6.0761104E+02   6.9096096E+00   2.2264946E+05   5.6244257E+06   5.6445130E+06   0.0000000E+00   0.0000000E+00   0.0000000E+00   0.0000000E+00   0.0000000E+00
   3.4931563E-02   5.1354174E+06   5.1354174E+06   4.6034347E+02   5.1008983E+00   1.7542629E+05   5.1169131E+06   5.1354174E+06   0.0000000E+00   0.0000000E+00   0.0000000E+00   0.0000000E+00   0.0000000E+00
   3.9055602E-02   4.6563141E+06   4.6563141E+06   3.1750354E+02   3.7615870E+00   1.3817842E+05   4.6393588E+06   4.6563141E+06   0.0000000E+00   0.0000000E+00   0.0000000E+00   0.0000000E+00   0.0000000E+00
   4.3361287E-02   4.2377510E+06   4.2377510E+06   2.3082591E+02   2.8148173E+00   1.1004790E+05   4.2221875E+06   4.2377510E+06   0.0000000E+00   0.0000000E+00   0.0000000E+00   0.0000000E+00   0.0000000E+00
   4.7575301E-02   3.9004662E+06   3.9004662E+06   1.7914325E+02   2.1741792E+00   8.9929279E+04   3.8860461E+06   3.9004662E+06   0.0000000E+00   0.0000000E+00   0.0000000E+00   0.0000000E+00   0.0000000E+00
   5.1516927E-02   3.6398846E+06   3.6398846E+06   1.4634245E+02   1.7433993E+00   7.5994573E+04   3.6263598E+06   3.6398846E+06   0.0000000E+00   0.0000000E+00   0.0000000E+00   0.0000000E+00   0.0000000E+00
   5.5172153E-02   3.4364274E+06   3.4364274E+06   1.2225296E+02   1.4432788E+00   6.5790009E+04   3.4236085E+06   3.4364274E+06   0.0000000E+00   0.0000000E+00   0.0000000E+00   0.0000000E+00   0.0000000E+00
   5.8601498E-02   3.2712530E+06   3.2712530E+06   1.0194676E+02   1.2232884E+00   5.8112910E+04   3.2590120E+06   3.2712530E+06   0.0000000E+00   0.0000000E+00   0.0000000E+00   0.0000000E+00   0.0000000E+00
   6.1871216E-02   3.1308061E+06   3.1308061E+06   8.4246061E+01   1.0541870E+00   5.2002681E+04   3.1190602E+06   3.1308061E+06   0.0000000E+00   0.0000000E+00   0.0000000E+00   0.0000000E+00   0.0000000E+00
   6.5034736E-02   3.0059764E+06   3.0059764E+06   7.5736775E+01   9.1905092E-01   4.6932998E+04   2.9946739E+06   3.0059764E+06   0.0000000E+00   0.0000000E+00   0.0000000E+00   0.0000000E+00   0.0000000E+00
   6.8132367E-02   2.8906720E+06   2.8906720E+06   6.5069290E+01   8.0755520E-01   4.2729569E+04   2.8797821E+06   2.8906720E+06   0.0000000E+00   0.0000000E+00   0.0000000E+00   0.0000000E+00   0.0000000E+00
   7.1194469E-02   2.7808259E+06   2.7808259E+06   5.8450159E+01   7.1337932E-01   3.8944498E+04   2.7703321E+06   2.7808259E+06   0.0000000E+00   0.0000000E+00   0.0000000E+00   0.0000000E+00   0.0000000E+00
   7.4244365E-02   2.6737975E+06   2.6737975E+06   5.0034136E+01   6.3230172E-01   3.5699642E+04   2.6636924E+06   2.6737975E+06   0.0000000E+00   0.0000000E+00   0.0000000E+00   0.0000000E+00   0.0000000E+00
   7.7300465E-02   2.5680167E+06   2.5680167E+06   4.6407307E+01   5.6157607E-01   3.2669542E+04   2.5582980E+06   2.5680167E+06   0.0000000E+00   0.0000000E+00   0.0000000E+00   0.0000000E+00   0.0000000E+00
   8.0377720E-02   2.4627593E+06   2.4627593E+06   3.8957308E+01   4.9926951E-01   3.0000775E+04   2.4534274E+06   2.4627593E+06   0.0000000E+00   0.0000000E+00   0.0000000E+00   0.0000000E+00   0.0000000E+00
   8.3488622E-02   2.3579887E+06   2.3579887E+06   3.6435491E+01   4.4409376E-01   2.7484022E+04   2.3490436E+06   2.3579887E+06   0.0000000E+00   0.0000000E+00   0.0000000E+00   0.0000000E+00   0.0000000E+00
   8.6643890E-02   2.2542224E+06   2.2542224E+06   3.1272074E+01   3.9505516E-01   2.5257162E+04   2.2456620E+06   2.2542224E+06   0.0000000E+00   0.0000000E+00   0.0000000E+00   0.0000000E+00   0.0000000E+00
   8.9852952E-02   2.1524001E+06   2.1524001E+06   2.7536512E+01   3.5149631E-01   2.3139910E+04   2.1442185E+06   2.1524001E+06   0.0000000E+00   0.0000000E+00   0.0000000E+00   0.0000000E+00   0.0000000E+00
   9.3124289E-02   2.0537409E+06   2.0537409E+06   2.5544709E+01   3.1286551E-01   2.1257953E+04   2.0459272E+06   2.0537409E+06   0.0000000E+00   0.0000000E+00   0.0000000E+00   0.0000000E+00   0.0000000E+00
   9.6465679E-02   1.9595840E+06   1.9595840E+06   2.2468194E+01   2.7871064E-01   1.9563246E+04   1.9521223E+06   1.9595840E+06   0.0000000E+00   0.0000000E+00   0.0000000E+00   0.0000000E+00   0.0000000E+00
   9.9884384E-02   1.8712165E+06   1.8712165E+06   1.9628973E+01   2.4865264E-01   1.8024071E+04   1.8640857E+06   1.8712165E+06   0.0000000E+00   0.0000000E+00   0.0000000E+00   0.0000000E+00   0.0000000E+00
   1.0338728E-01   1.7896964E+06   1.7896964E+06   1.7467293E+01   2.2229544E-01   1.6647816E+04   1.7828713E+06   1.7896964E+06   0.0000000E+00   0.0000000E+00   0.0000000E+00   0.0000000E+00   0.0000000E+00
   1.0698098E-01   1.7156860E+06   1.7156860E+06   1.5872072E+01   1.9926592E-01   1.5428351E+04   1.7091386E+06   1.7156860E+06   0.0000000E+00   0.0000000E+00   0.0000000E+00   0.0000000E+00   0.0000000E+00
   1.1067186E-01   1.6493159E+06   1.6493159E+06   1.4539411E+01   1.7916130E-01   1.4340881E+04   1.6430178E+06   1.6493159E+06   0.0000000E+00   0.0000000E+00   0.0000000E+00   0.0000000E+00   0.0000000E+00
   1.1446619E-01   1.5901036E+06   1.5901036E+06   1.2620916E+01   1.6158555E-01   1.3379929E+04   1.5840279E+06   1.5901036E+06   0.0000000E+00   0.0000000E+00   0.0000000E+00   0.0000000E+00   0.0000000E+00
   1.1837012E-01   1.5369469E+06   1.5369469E+06   1.1488493E+01   1.4612796E-01   1.2557998E+04   1.5310710E+06   1.5369469E+06   0.0000000E+00   0.0000000E+00   0.0000000E+00   0.0000000E+00   0.0000000E+00
   1.2238975E-01   1.4882101E+06   1.4882101E+06   1.0331819E+01   1.3240802E-01   1.1780602E+04   1.4825175E+06   1.4882101E+06   0.0000000E+00   0.0000000E+00   0.0000000E+00   0.0000000E+00   0.0000000E+00
   1.2653115E-01   1.4419087E+06   1.4419087E+06   9.6750170E+00   1.2007456E-01   1.1091607E+04   1.4363904E+06   1.4419087E+06   0.0000000E+00   0.0000000E+00   0.0000000E+00   0.0000000E+00   0.0000000E+00
   1.3080036E-01   1.3959801E+06   1.3959801E+06   8.6940020E+00   1.0883401E-01   1.0442891E+04   1.3906350E+06   1.3959801E+06   0.0000000E+00   0.0000000E+00   0.0000000E+00   0.0000000E+00   0.0000000E+00
   1.3520343E-01   1.3486105E+06   1.3486105E+06   7.8545075E+00   9.8460067E-02   9.8141748E+03   1.3434445E+06   1.3486105E+06   0.0000000E+00   0.0000000E+00   0.0000000E+00   0.0000000E+00   0.0000000E+00
   1.3974644E-01   1.2985647E+06   1.2985647E+06   7.1341405E+00   8.8808167E-02   9.1952002E+03   1.2935883E+06   1.2985647E+06   0.0000000E+00   0.0000000E+00   0.0000000E+00   0.0000000E+00   0.0000000E+00
   1.4443546E-01   1.2454503E+06   1.2454503E+06   6.1802592E+00   7.9808288E-02   8.5889627E+03   1.2406755E+06   1.2454503E+06   0.0000000E+00   0.0000000E+00   0.0000000E+00   0.0000000E+00   0.0000000E+00
   1.4927663E-01   1.1898454E+06   1.1898454E+06   5.6701201E+00   7.1454653E-02   8.0105054E+03   1.1852820E+06   1.1898454E+06   0.0000000E+00   0.0000000E+00   0.0000000E+00   0.0000000E+00   0.0000000E+00
   1.5427610E-01   1.1332301E+06   1.1332301E+06   4.8829939E+00   6.3787413E-02   7.4426048E+03   1.1288823E+06   1.1332301E+06   0.0000000E+00   0.0000000E+00   0.0000000E+00   0.0000000E+00   0.0000000E+00
   1.5944009E-01   1.0776985E+06   1.0776985E+06   4.3693930E+00   5.6858467E-02   6.9099906E+03   1.0735624E+06   1.0776985E+06   0.0000000E+00   0.0000000E+00   0.0000000E+00   0.0000000E+00   0.0000000E+00
   1.6477485E-01   1.0254817E+06   1.0254817E+06   3.8824059E+00   5.0705370E-02   6.4287998E+03   1.0215447E+06   1.0254817E+06   0.0000000E+00   0.0000000E+00   0.0000000E+00   0.0000000E+00   0.0000000E+00
   1.7028673E-01   9.7837508E+05   9.7837508E+05   3.5288813E+00   4.5326805E-02   6.0035859E+03   9.7461784E+05   9.7837508E+05   0.0000000E+00   0.0000000E+00   0.0000000E+00   0.0000000E+00   0.0000000E+00
   1.7598210E-01   9.3721787E+05   9.3721787E+05   3.1939165E+00   4.0671181E-02   5.6249100E+03   9.3361767E+05   9.3721787E+05   0.0000000E+00   0.0000000E+00   0.0000000E+00   0.0000000E+00   0.0000000E+00
   1.8186747E-01   9.0159307E+05   9.0159307E+05   2.8917590E+00   3.6638487E-02   5.3059150E+03   8.9812879E+05   9.0159307E+05   0.0000000E+00   0.0000000E+00   0.0000000E+00   0.0000000E+00   0.0000000E+00
   1.8794943E-01   8.6988466E+05   8.6988466E+05   2.5897121E+00   3.3098292E-02   5.0200016E+03   8.6654137E+05   8.6988466E+05   0.0000000E+00   0.0000000E+00   0.0000000E+00   0.0000000E+00   0.0000000E+00
   1.9423468E-01   8.3973410E+05   8.3973410E+05   2.3665046E+00   2.9915963E-02   4.7537006E+03   8.3650593E+05   8.3973410E+05   0.0000000E+00   0.0000000E+00   0.0000000E+00   0.0000000E+00   0.0000000E+00
   2.0073009E-01   8.0879889E+05   8.0879889E+05   2.0879979E+00   2.6983254E-02   4.4935281E+03   8.0568894E+05   8.0879889E+05   0.0000000E+00   0.0000000E+00   0.0000000E+00   0.0000000E+00   0.0000000E+00
   2.0744272E-01   7.7557438E+05   7.7557438E+05   1.9134714E+00   2.4236733E-02   4.2360286E+03   7.7259155E+05   7.7557438E+05   0.0000000E+00   0.0000000E+00   0.0000000E+00   0.0000000E+00   0.0000000E+00
   2.1437983E-01   7.3996161E+05   7.3996161E+05   1.6966909E+00   2.1665012E-02   3.9750991E+03   7.3711518E+05   7.3996161E+05   0.0000000E+00   0.0000000E+00   0.0000000E+00   0.0000000E+00   0.0000000E+00
   2.2154894E-01   7.0330697E+05   7.0330697E+05   1.5201098E+00   1.9295196E-02   3.7169664E+03   7.0060102E+05   7.0330697E+05   0.0000000E+00   0.0000000E+00   0.0000000E+00   0.0000000E+00   0.0000000E+00
   2.2895792E-01   6.6782554E+05   6.6782554E+05   1.3209710E+00   1.7167153E-02   3.4745568E+03   6.6525565E+05   6.6782554E+05   0.0000000E+00   0.0000000E+00   0.0000000E+00   0.0000000E+00   0.0000000E+00
   2.3661497E-01   6.3559832E+05   6.3559832E+05   1.1996065E+00   1.5305779E-02   3.2585119E+03   6.3315204E+05   6.3559832E+05   0.0000000E+00   0.0000000E+00   0.0000000E+00   0.0000000E+00   0.0000000E+00
   2.4452878E-01   6.0758323E+05   6.0758323E+05   1.0726388E+00   1.3702019E-02   3.0712680E+03   6.0524441E+05   6.0758323E+05   0.0000000E+00   0.0000000E+00   0.0000000E+00   0.0000000E+00   0.0000000E+00
   2.5270856E-01   5.8314923E+05   5.8314923E+05   9.4853450E-01   1.2312904E-02   2.9083091E+03   5.8090413E+05   5.8314923E+05   0.0000000E+00   0.0000000E+00   0.0000000E+00   0.0000000E+00   0.0000000E+00
   2.6116412E-01   5.6043624E+05   5.6043624E+05   8.6831707E-01   1.1078681E-02   2.7596935E+03   5.5827828E+05   5.6043624E+05   0.0000000E+00   0.0000000E+00   0.0000000E+00   0.0000000E+00   0.0000000E+00
   2.6990604E-01   5.3740893E+05   5.3740893E+05   7.7844053E-01   9.9472421E-03   2.6141638E+03   5.3533936E+05   5.3740893E+05   0.0000000E+00   0.0000000E+00   0.0000000E+00   0.0000000E+00   0.0000000E+00
   2.7894576E-01   5.1302783E+05   5.1302783E+05   6.9080933E-01   8.8932771E-03   2.4658188E+03   5.1105191E+05   5.1302783E+05   0.0000000E+00   0.0000000E+00   0.0000000E+00   0.0000000E+00   0.0000000E+00
   2.8829570E-01   4.8780744E+05   4.8780744E+05   6.1684264E-01   7.9202489E-03   2.3192916E+03   4.8592844E+05   4.8780744E+05   0.0000000E+00   0.0000000E+00   0.0000000E+00   0.0000000E+00   0.0000000E+00
   2.9796949E-01   4.6335468E+05   4.6335468E+05   5.4798068E-01   7.0457506E-03   2.1797672E+03   4.6156967E+05   4.6335468E+05   0.0000000E+00   0.0000000E+00   0.0000000E+00   0.0000000E+00   0.0000000E+00
   3.0798212E-01   4.4115999E+05   4.4115999E+05   4.8716478E-01   6.2807762E-03   2.0538395E+03   4.3946030E+05   4.4115999E+05   0.0000000E+00   0.0000000E+00   0.0000000E+00   0.0000000E+00   0.0000000E+00
   3.1835018E-01   4.2150307E+05   4.2150307E+05   4.3755545E-01   5.6165041E-03   1.9437643E+03   4.1987896E+05   4.2150307E+05   0.0000000E+00   0.0000000E+00   0.0000000E+00   0.0000000E+00   0.0000000E+00
   3.2909216E-01   4.0332769E+05   4.0332769E+05   3.8999371E-01   5.0290747E-03   1.8427613E+03   4.0177346E+05   4.0332769E+05   0.0000000E+00   0.0000000E+00   0.0000000E+00   0.0000000E+00   0.0000000E+00
   3.4022873E-01   3.8520837E+05   3.8520837E+05   3.4931049E-01   4.4941499E-03   1.7449088E+03   3.8372384E+05   3.8520837E+05   0.0000000E+00   0.0000000E+00   0.0000000E+00   0.0000000E+00   0.0000000E+00
   3.5178316E-01   3.6658306E+05   3.6658306E+05   3.1111444E-01   4.0015433E-03   1.6466507E+03   3.6517020E+05   3.6658306E+05   0.0000000E+00   0.0000000E+00   0.0000000E+00   0.0000000E+00   0.0000000E+00
   3.6378179E-01   3.4812262E+05   3.4812262E+05   2.7480390E-01   3.5545503E-03   1.5515365E+03   3.4678080E+05   3.4812262E+05   0.0000000E+00   0.0000000E+00   0.0000000E+00   0.0000000E+00   0.0000000E+00
   3.7625459E-01   3.3088617E+05   3.3088617E+05   2.4492164E-01   3.1588288E-03   1.4633906E+03   3.2961069E+05   3.3088617E+05   0.0000000E+00   0.0000000E+00   0.0000000E+00   0.0000000E+00   0.0000000E+00
   3.8923587E-01   3.1515121E+05   3.1515121E+05   2.1718230E-01   2.8113302E-03   1.3840738E+03   3.1393630E+05   3.1515121E+05   0.0000000E+00   0.0000000E+00   0.0000000E+00   0.0000000E+00   0.0000000E+00
   4.0276515E-01   3.0020104E+05   3.0020104E+05   1.9400089E-01   2.5011840E-03   1.3093443E+03   2.9904369E+05   3.0020104E+05   0.0000000E+00   0.0000000E+00   0.0000000E+00   0.0000000E+00   0.0000000E+00
   4.1688831E-01   2.8527855E+05   2.8527855E+05   1.7201283E-01   2.2189488E-03   1.2362110E+03   2.8417866E+05   2.8527855E+05   0.0000000E+00   0.0000000E+00   0.0000000E+00   0.0000000E+00   0.0000000E+00
   4.3165894E-01   2.7047804E+05   2.7047804E+05   1.5200018E-01   1.9626543E-03   1.1648809E+03   2.6943515E+05   2.7047804E+05   0.0000000E+00   0.0000000E+00   0.0000000E+00   0.0000000E+00   0.0000000E+00
   4.4714022E-01   2.5641240E+05   2.5641240E+05   1.3395082E-01   1.7341252E-03   1.0978233E+03   2.5542369E+05   2.5641240E+05   0.0000000E+00   0.0000000E+00   0.0000000E+00   0.0000000E+00   0.0000000E+00
   4.6340723E-01   2.4320727E+05   2.4320727E+05   1.1857748E-01   1.5314557E-03   1.0354467E+03   2.4226942E+05   2.4320727E+05   0.0000000E+00   0.0000000E+00   0.0000000E+00   0.0000000E+00   0.0000000E+00
   4.8055014E-01   2.3037655E+05   2.3037655E+05   1.0423794E-01   1.3491432E-03   9.7550221E+02   2.2948814E+05   2.3037655E+05   0.0000000E+00   0.0000000E+00   0.0000000E+00   0.0000000E+00   0.0000000E+00
   4.9867841E-01   2.1768922E+05   2.1768922E+05   9.1601541E-02   1.1839830E-03   9.1704562E+02   2.1684970E+05   2.1768922E+05   0.0000000E+00   0.0000000E+00   0.0000000E+00   0.0000000E+00   0.0000000E+00
   5.1792653E-01   2.0543277E+05   2.0543277E+05   8.0128297E-02   1.0359144E-03   8.6122444E+02   2.0464048E+05   2.0543277E+05   0.0000000E+00   0.0000000E+00   0.0000000E+00   0.0000000E+00   0.0000000E+00
   5.3846201E-01   1.9367356E+05   1.9367356E+05   6.9830783E-02   9.0360647E-04   8.0806183E+02   1.9292659E+05   1.9367356E+05   0.0000000E+00   0.0000000E+00   0.0000000E+00   0.0000000E+00   0.0000000E+00
   5.6049662E-01   1.8212493E+05   1.8212493E+05   6.0600216E-02   7.8429473E-04   7.5644477E+02   1.8142247E+05   1.8212493E+05   0.0000000E+00   0.0000000E+00   0.0000000E+00   0.0000000E+00   0.0000000E+00
   5.8430264E-01   1.7078146E+05   1.7078146E+05   5.2289073E-02   6.7679703E-04   7.0622147E+02   1.7012272E+05   1.7078146E+05   0.0000000E+00   0.0000000E+00   0.0000000E+00   0.0000000E+00   0.0000000E+00
   6.1023668E-01   1.5971782E+05   1.5971782E+05   4.4850955E-02   5.8032583E-04   6.5771177E+02   1.5910174E+05   1.5971782E+05   0.0000000E+00   0.0000000E+00   0.0000000E+00   0.0000000E+00   0.0000000E+00
   6.3877539E-01   1.4876565E+05   1.4876565E+05   3.8112994E-02   4.9335039E-04   6.1008961E+02   1.4819179E+05   1.4876565E+05   0.0000000E+00   0.0000000E+00   0.0000000E+00   0.0000000E+00   0.0000000E+00
   6.7056981E-01   1.3790758E+05   1.3790758E+05   3.2061296E-02   4.1503734E-04   5.6329277E+02   1.3737559E+05   1.3790758E+05   0.0000000E+00   0.0000000E+00   0.0000000E+00   0.0000000E+00   0.0000000E+00
   7.0652921E-01   1.2707056E+05   1.2707056E+05   2.6610214E-02   3.4450589E-04   5.1700467E+02   1.2658036E+05   1.2707056E+05   0.0000000E+00   0.0000000E+00   0.0000000E+00   0.0000000E+00   0.0000000E+00
   7.4794923E-01   1.1616795E+05   1.1616795E+05   2.1707033E-02   2.8105560E-04   4.7080946E+02   1.1571979E+05   1.1616795E+05   0.0000000E+00   0.0000000E+00   0.0000000E+00   0.0000000E+00   0.0000000E+00
   7.9669905E-01   1.0512014E+05   1.0512014E+05   1.7311769E-02   2.2416811E-04   4.2440058E+02   1.0471458E+05   1.0512014E+05   0.0000000E+00   0.0000000E+00   0.0000000E+00   0.0000000E+00   0.0000000E+00
   8.5545305E-01   9.3866049E+04   9.3866049E+04   1.3407201E-02   1.7363258E-04   3.7752761E+02   9.3503901E+04   9.3866049E+04   0.0000000E+00   0.0000000E+00   0.0000000E+00   0.0000000E+00   0.0000000E+00
   9.2782490E-01   8.2420672E+04   8.2420672E+04   1.0006947E-02   1.2961400E-04   3.3023885E+02   8.2102672E+04   8.2420672E+04   0.0000000E+00   0.0000000E+00   0.0000000E+00   0.0000000E+00   0.0000000E+00
   1.0179439E+00   7.0983728E+04   7.0983728E+04   7.1623181E-03   9.2745898E-05   2.8338202E+02   7.0709846E+04   7.0983728E+04   0.0000000E+00   0.0000000E+00   0.0000000E+00   0.0000000E+00   0.0000000E+00
   1.1288915E+00   6.0012342E+04   6.0012342E+04   4.9217407E-03   6.3760874E-05   2.3877180E+02   5.9780785E+04   6.0012342E+04   0.0000000E+00   0.0000000E+00   0.0000000E+00   0.0000000E+00   0.0000000E+00
   1.2610590E+00   5.0076477E+04   5.0076477E+04   3.2908091E-03   4.2640014E-05   1.9865317E+02   4.9883252E+04   5.0076477E+04   0.0000000E+00   0.0000000E+00   0.0000000E+00   0.0000000E+00   0.0000000E+00
   1.4132738E+00   4.1508841E+04   4.1508841E+04   2.1717117E-03   2.8143590E-05   1.6426571E+02   4.1348672E+04   4.1508841E+04   0.0000000E+00   0.0000000E+00   0.0000000E+00   0.0000000E+00   0.0000000E+00
   1.5853701E+00   3.4308420E+04   3.4308420E+04   1.4257215E-03   1.8487415E-05   1.3550189E+02   3.4176033E+04   3.4308420E+04   0.0000000E+00   0.0000000E+00   0.0000000E+00   0.0000000E+00   0.0000000E+00
   1.7787626E+00   2.8312572E+04   2.8312572E+04   9.3514721E-04   1.2120631E-05   1.1164339E+02   2.8203320E+04   2.8312572E+04   0.0000000E+00   0.0000000E+00   0.0000000E+00   0.0000000E+00   0.0000000E+00
   1.9957991E+00   2.3335811E+04   2.3335811E+04   6.1363534E-04   7.9362801E-06   9.1903945E+01   2.3245762E+04   2.3335811E+04   0.0000000E+00   0.0000000E+00   0.0000000E+00   0.0000000E+00   0.0000000E+00
   2.2393231E+00   1.9212124E+04   1.9212124E+04   4.0034808E-04   5.1907524E-06   7.5586969E+01   1.9137987E+04   1.9212124E+04   0.0000000E+00   0.0000000E+00   0.0000000E+00   0.0000000E+00   0.0000000E+00
   2.5125618E+00   1.5800208E+04   1.5800208E+04   2.6151432E-04   3.3914840E-06   6.2113696E+01   1.5739237E+04   1.5800208E+04   0.0000000E+00   0.0000000E+00   0.0000000E+00   0.0000000E+00   0.0000000E+00
   2.8191407E+00   1.2980997E+04   1.2980997E+04   1.7065896E-04   2.2137235E-06   5.0998057E+01   1.2930905E+04   1.2980997E+04   0.0000000E+00   0.0000000E+00   0.0000000E+00   0.0000000E+00   0.0000000E+00
   3.1631279E+00   1.0654495E+04   1.0654495E+04   1.1124883E-04   1.4436316E-06   4.1836567E+01   1.0613380E+04   1.0654495E+04   0.0000000E+00   0.0000000E+00   0.0000000E+00   0.0000000E+00   0.0000000E+00
   3.5490879E+00   8.7368991E+03   8.7368991E+03   7.2476804E-05   9.4062738E-07   3.4292730E+01   8.7031838E+03   8.7368991E+03   0.0000000E+00   0.0000000E+00   0.0000000E+00   0.0000000E+00   0.0000000E+00
   3.9821421E+00   7.1581421E+03   7.1581421E+03   4.7215294E-05   6.1239095E-07   2.8086847E+01   7.1305191E+03   7.1581421E+03   0.0000000E+00   0.0000000E+00   0.0000000E+00   0.0000000E+00   0.0000000E+00
   4.4680369E+00   5.8597572E+03   5.8597572E+03   3.0669213E-05   3.9840048E-07   2.2986353E+01   5.8371446E+03   5.8597572E+03   0.0000000E+00   0.0000000E+00   0.0000000E+00   0.0000000E+00   0.0000000E+00
   5.0132199E+00   4.7930495E+03   4.7930495E+03   1.9931427E-05   2.5900947E-07   1.8798000E+01   4.7745532E+03   4.7930495E+03   0.0000000E+00   0.0000000E+00   0.0000000E+00   0.0000000E+00   0.0000000E+00
   5.6249252E+00   3.9175344E+03   3.9175344E+03   1.2937198E-05   1.6828638E-07   1.5361778E+01   3.9024168E+03   3.9175344E+03   0.0000000E+00   0.0000000E+00   0.0000000E+00   0.0000000E+00   0.0000000E+00
   6.3112699E+00   3.1996101E+03   3.1996101E+03   8.3926211E-06   1.0928264E-07   1.2544907E+01   3.1872628E+03   3.1996101E+03   0.0000000E+00   0.0000000E+00   0.0000000E+00   0.0000000E+00   0.0000000E+00
   7.0813613E+00   2.6114301E+03   2.6114301E+03   5.4418703E-06   7.0934536E-08   1.0237633E+01   2.6013526E+03   2.6114301E+03   0.0000000E+00   0.0000000E+00   0.0000000E+00   0.0000000E+00   0.0000000E+00
   7.9454181E+00   2.1299518E+03   2.1299518E+03   3.5251859E-06   4.6026511E-08   8.3493525E+00   2.1217323E+03   2.1299518E+03   0.0000000E+00   0.0000000E+00   0.0000000E+00   0.0000000E+00   0.0000000E+00
   8.9149057E+00   1.7361342E+03   1.7361342E+03   2.2825746E-06   2.9857341E-08   6.8050718E+00   1.7294345E+03   1.7361342E+03   0.0000000E+00   0.0000000E+00   0.0000000E+00   0.0000000E+00   0.0000000E+00
