#           k/h    CDM            baryon         photon         nu             mass_nu        total          no_nu          total_de       Weyl           v_CDM          v_b            v_b-v_c     
   1.1057517E-05   5.5312245E+05   5.5312245E+05   7.3748742E+05   1.0514004E+04   1.6261971E+02   5.5371635E+05   5.5312245E+05   0.0000000E+00   0.0000000E+00   0.0000000E+00   0.0000000E+00   0.0000000E+00
   1.2406739E-05   5.5312237E+05   5.5312237E+05   7.3748495E+05   1.0513980E+04   1.6261714E+02   5.5371626E+05   5.5312237E+05   0.0000000E+00   0.0000000E+00   0.0000000E+00   0.0000000E+00   0.0000000E+00
   1.3920590E-05   5.5312228E+05   5.5312228E+05   7.3748183E+05   1.0513949E+04   1.6261391E+02   5.5371615E+05   5.5312228E+05   0.0000000E+00   0.0000000E+00   0.0000000E+00   0.0000000E+00   0.0000000E+00
   1.5619158E-05   5.5312216E+05   5.5312216E+05   7.3747791E+05   1.0513911E+04   1.6260983E+02   5.5371602E+05   5.5312216E+05   0.0000000E+00   0.0000000E+00   0.0000000E+00   0.0000000E+00   0.0000000E+00
   1.7524984E-05   5.5312201E+05   5.5312201E+05   7.3747298E+05   1.0513862E+04   1.6260471E+02   5.5371585E+05   5.5312201E+05   0.0000000E+00   0.0000000E+00   0.0000000E+00   0.0000000E+00   0.0000000E+00
   1.9663355E-05   5.5312182E+05   5.5312182E+05   7.3746676E+05   1.0513801E+04   1.6259825E+02   5.5371563E+05   5.5312182E+05   0.0000000E+00   0.0000000E+00   0.0000000E+00   0.0000000E+00   0.0000000E+00
   2.2062648E-05   5.5312159E+05   5.5312159E+05   7.3745894E+05   1.0513723E+04   1.6259013E+02   5.5371536E+05   5.5312159E+05   0.0000000E+00   0.0000000E+00   0.0000000E+00   0.0000000E+00   0.0000000E+00
   2.4754698E-05   5.5312129E+05   5.5312129E+05   7.3744909E+05   1.0513626E+04   1.6257990E+02   5.5371502E+05   5.5312129E+05   0.0000000E+00   0.0000000E+00   0.0000000E+00   0.0000000E+00   0.0000000E+00
   2.7775228E-05   5.5312092E+05   5.5312092E+05   7.3743669E+05   1.0513504E+04   1.6256702E+02   5.5371459E+05   5.5312092E+05   0.0000000E+00   0.0000000E+00   0.0000000E+00   0.0000000E+00   0.0000000E+00
   3.1164318E-05   5.5312045E+05   5.5312045E+05   7.3742108E+05   1.0513350E+04   1.6255080E+02   5.5371405E+05   5.5312045E+05   0.0000000E+00   0.0000000E+00   0.0000000E+00   0.0000000E+00   0.0000000E+00
   3.4966940E-05   5.5311985E+05   5.5311985E+05   7.3740143E+05   1.0513156E+04   1.6253040E+02   5.5371337E+05   5.5311985E+05   0.0000000E+00   0.0000000E+00   0.0000000E+00   0.0000000E+00   0.0000000E+00
   3.9233552E-05   5.5311911E+05   5.5311911E+05   7.3737669E+05   1.0512912E+04   1.6250470E+02   5.5371251E+05   5.5311911E+05   0.0000000E+00   0.0000000E+00   0.0000000E+00   0.0000000E+00   0.0000000E+00
   4.4020769E-05   5.5311817E+05   5.5311817E+05   7.3734555E+05   1.0512605E+04   1.6247236E+02   5.5371144E+05   5.5311817E+05   0.0000000E+00   0.0000000E+00   0.0000000E+00   0.0000000E+00   0.0000000E+00
   4.9392116E-05   5.5311699E+05   5.5311699E+05   7.3730634E+05   1.0512219E+04   1.6243165E+02   5.5371008E+05   5.5311699E+05   0.0000000E+00   0.0000000E+00   0.0000000E+00   0.0000000E+00   0.0000000E+00
   5.5418865E-05   5.5311550E+05   5.5311550E+05   7.3725699E+05   1.0511732E+04   1.6238040E+02   5.5370837E+05   5.5311550E+05   0.0000000E+00   0.0000000E+00   0.0000000E+00   0.0000000E+00   0.0000000E+00
   6.2180990E-05   5.5311362E+05   5.5311362E+05   7.3719486E+05   1.0511120E+04   1.6231589E+02   5.5370622E+05   5.5311362E+05   0.0000000E+00   0.0000000E+00   0.0000000E+00   0.0000000E+00   0.0000000E+00
   6.9768218E-05   5.5311126E+05   5.5311126E+05   7.3711666E+05   1.0510348E+04   1.6223470E+02   5.5370352E+05   5.5311126E+05   0.0000000E+00   0.0000000E+00   0.0000000E+00   0.0000000E+00   0.0000000E+00
   7.8281228E-05   5.5310830E+05   5.5310830E+05   7.3701821E+05   1.0509378E+04   1.6213250E+02   5.5370011E+05   5.5310830E+05   0.0000000E+00   0.0000000E+00   0.0000000E+00   0.0000000E+00   0.0000000E+00
   8.7832982E-05   5.5310456E+05   5.5310456E+05   7.3689429E+05   1.0508155E+04   1.6200388E+02   5.5369582E+05   5.5310456E+05   0.0000000E+00   0.0000000E+00   0.0000000E+00   0.0000000E+00   0.0000000E+00
   9.8550227E-05   5.5309985E+05   5.5309985E+05   7.3673831E+05   1.0506617E+04   1.6184201E+02   5.5369042E+05   5.5309985E+05   0.0000000E+00   0.0000000E+00   0.0000000E+00   0.0000000E+00   0.0000000E+00
   1.1057517E-04   5.5309393E+05   5.5309393E+05   7.3654199E+05   1.0504681E+04   1.6163833E+02   5.5368362E+05   5.5309393E+05   0.0000000E+00   0.0000000E+00   0.0000000E+00   0.0000000E+00   0.0000000E+00
   1.2406739E-04   5.5308647E+05   5.5308647E+05   7.3629490E+05   1.0502244E+04   1.6138206E+02   5.5367507E+05   5.5308647E+05   0.0000000E+00   0.0000000E+00   0.0000000E+00   0.0000000E+00   0.0000000E+00
   1.3920590E-04   5.5307709E+05   5.5307709E+05   7.3598394E+05   1.0499177E+04   1.6105966E+02   5.5366430E+05   5.5307709E+05   0.0000000E+00   0.0000000E+00   0.0000000E+00   0.0000000E+00   0.0000000E+00
   1.5619158E-04   5.5306527E+05   5.5306527E+05   7.3559263E+05   1.0495317E+04   1.6065416E+02   5.5365074E+05   5.5306527E+05   0.0000000E+00   0.0000000E+00   0.0000000E+00   0.0000000E+00   0.0000000E+00
   1.7524984E-04   5.5305040E+05   5.5305040E+05   7.3510027E+05   1.0490459E+04   1.6014425E+02   5.5363368E+05   5.5305040E+05   0.0000000E+00   0.0000000E+00   0.0000000E+00   0.0000000E+00   0.0000000E+00
   1.9663355E-04   5.5303169E+05   5.5303169E+05   7.3448085E+05   1.0484347E+04   1.5950325E+02   5.5361221E+05   5.5303169E+05   0.0000000E+00   0.0000000E+00   0.0000000E+00   0.0000000E+00   0.0000000E+00
   2.2062648E-04   5.5300813E+05   5.5300813E+05   7.3370170E+05   1.0476657E+04   1.5869775E+02   5.5358519E+05   5.5300813E+05   0.0000000E+00   0.0000000E+00   0.0000000E+00   0.0000000E+00   0.0000000E+00
   2.4754698E-04   5.5297849E+05   5.5297849E+05   7.3272188E+05   1.0466984E+04   1.5768603E+02   5.5355119E+05   5.5297849E+05   0.0000000E+00   0.0000000E+00   0.0000000E+00   0.0000000E+00   0.0000000E+00
   2.7775228E-04   5.5294119E+05   5.5294119E+05   7.3149003E+05   1.0454820E+04   1.5641603E+02   5.5350841E+05   5.5294119E+05   0.0000000E+00   0.0000000E+00   0.0000000E+00   0.0000000E+00   0.0000000E+00
   3.1164318E-04   5.5289426E+05   5.5289426E+05   7.2994187E+05   1.0439526E+04   1.5482303E+02   5.5345459E+05   5.5289426E+05   0.0000000E+00   0.0000000E+00   0.0000000E+00   0.0000000E+00   0.0000000E+00
   3.4966940E-04   5.5283523E+05   5.5283523E+05   7.2799704E+05   1.0420303E+04   1.5282681E+02   5.5338691E+05   5.5283523E+05   0.0000000E+00   0.0000000E+00   0.0000000E+00   0.0000000E+00   0.0000000E+00
   3.9233552E-04   5.5276099E+05   5.5276099E+05   7.2555528E+05   1.0396154E+04   1.5032829E+02   5.5330180E+05   5.5276099E+05   0.0000000E+00   0.0000000E+00   0.0000000E+00   0.0000000E+00   0.0000000E+00
   4.4020769E-04   5.5266765E+05   5.5266765E+05   7.2249177E+05   1.0365832E+04   1.4720586E+02   5.5319482E+05   5.5266765E+05   0.0000000E+00   0.0000000E+00   0.0000000E+00   0.0000000E+00   0.0000000E+00
   4.9392116E-04   5.5255031E+05   5.5255031E+05   7.1865160E+05   1.0327784E+04   1.4331124E+02   5.5306040E+05   5.5255031E+05   0.0000000E+00   0.0000000E+00   0.0000000E+00   0.0000000E+00   0.0000000E+00
   5.5418865E-04   5.5240289E+05   5.5240289E+05   7.1384324E+05   1.0280083E+04   1.3846531E+02   5.5289158E+05   5.5240289E+05   0.0000000E+00   0.0000000E+00   0.0000000E+00   0.0000000E+00   0.0000000E+00
   6.2180990E-04   5.5221776E+05   5.5221776E+05   7.0783108E+05   1.0220346E+04   1.3245442E+02   5.5267969E+05   5.5221776E+05   0.0000000E+00   0.0000000E+00   0.0000000E+00   0.0000000E+00   0.0000000E+00
   6.9768218E-04   5.5198542E+05   5.5198542E+05   7.0032710E+05   1.0145636E+04   1.2502791E+02   5.5241395E+05   5.5198542E+05   0.0000000E+00   0.0000000E+00   0.0000000E+00   0.0000000E+00   0.0000000E+00
   7.8281228E-04   5.5169407E+05   5.5169407E+05   6.9098211E+05   1.0052361E+04   1.1589857E+02   5.5208100E+05   5.5169407E+05   0.0000000E+00   0.0000000E+00   0.0000000E+00   0.0000000E+00   0.0000000E+00
   8.7832982E-04   5.5132909E+05   5.5132909E+05   6.7937740E+05   9.9361586E+03   1.0474833E+02   5.5166435E+05   5.5132909E+05   0.0000000E+00   0.0000000E+00   0.0000000E+00   0.0000000E+00   0.0000000E+00
   9.8550227E-04   5.5087244E+05   5.5087244E+05   6.6501807E+05   9.7917875E+03   9.1242863E+01   5.5114375E+05   5.5087244E+05   0.0000000E+00   0.0000000E+00   0.0000000E+00   0.0000000E+00   0.0000000E+00
   1.1057517E-03   5.5030201E+05   5.5030201E+05   6.4733065E+05   9.6130359E+03   7.5060704E+01   5.5049453E+05   5.5030201E+05   0.0000000E+00   0.0000000E+00   0.0000000E+00   0.0000000E+00   0.0000000E+00
   1.2406739E-03   5.4959084E+05   5.4959084E+05   6.2566860E+05   9.3926764E+03   5.5944191E+01   5.4968682E+05   5.4959084E+05   0.0000000E+00   0.0000000E+00   0.0000000E+00   0.0000000E+00   0.0000000E+00
   1.3920590E-03   5.4870637E+05   5.4870637E+05   5.9933157E+05   9.1225121E+03   3.3782055E+01   5.4868494E+05   5.4870637E+05   0.0000000E+00   0.0000000E+00   0.0000000E+00   0.0000000E+00   0.0000000E+00
   1.5619158E-03   5.4760975E+05   5.4760975E+05   5.6760645E+05   8.7935805E+03   8.7342869E+00   5.4744678E+05   5.4760975E+05   0.0000000E+00   0.0000000E+00   0.0000000E+00   0.0000000E+00   0.0000000E+00
   1.7524984E-03   5.4625517E+05   5.4625517E+05   5.2984090E+05   8.3966084E+03   -1.8592048E+01   5.4592359E+05   5.4625517E+05   0.0000000E+00   0.0000000E+00   0.0000000E+00   0.0000000E+00   0.0000000E+00
   1.9663355E-03   5.4458972E+05   5.4458972E+05   4.8556181E+05   7.9228428E+03   -4.6916919E+01   5.4406022E+05   5.4458972E+05   0.0000000E+00   0.0000000E+00   0.0000000E+00   0.0000000E+00   0.0000000E+00
   2.2062648E-03   5.4255363E+05   5.4255363E+05   4.3465028E+05   7.3654001E+03   -7.4036080E+01   5.4179625E+05   5.4255363E+05   0.0000000E+00   0.0000000E+00   0.0000000E+00   0.0000000E+00   0.0000000E+00
   2.4754698E-03   5.4008149E+05   5.4008149E+05   3.7757696E+05   6.7212644E+03   -9.6617036E+01   5.3906812E+05   5.4008149E+05   0.0000000E+00   0.0000000E+00   0.0000000E+00   0.0000000E+00   0.0000000E+00
   2.7775228E-03   5.3710449E+05   5.3710449E+05   3.1568165E+05   5.9939762E+03   -1.1019538E+02   5.3581272E+05   5.3710449E+05   0.0000000E+00   0.0000000E+00   0.0000000E+00   0.0000000E+00   0.0000000E+00
   3.1164318E-03   5.3355405E+05   5.3355405E+05   2.5144071E+05   5.1968252E+03   -1.0963364E+02   5.3197218E+05   5.3355405E+05   0.0000000E+00   0.0000000E+00   0.0000000E+00   0.0000000E+00   0.0000000E+00
   3.4966940E-03   5.2936649E+05   5.2936649E+05   1.8860035E+05   4.3559104E+03   -9.0396884E+01   5.2749915E+05   5.2936649E+05   0.0000000E+00   0.0000000E+00   0.0000000E+00   0.0000000E+00   0.0000000E+00
   3.9233552E-03   5.2448782E+05   5.2448782E+05   1.3197265E+05   3.5117381E+03   -5.0938850E+01   5.2236094E+05   5.2448782E+05   0.0000000E+00   0.0000000E+00   0.0000000E+00   0.0000000E+00   0.0000000E+00
   4.4020769E-03   5.1887698E+05   5.1887698E+05   8.6640450E+04   2.7172170E+03   3.9883678E+00   5.1653945E+05   5.1887698E+05   0.0000000E+00   0.0000000E+00   0.0000000E+00   0.0000000E+00   0.0000000E+00
   4.9392116E-03   5.1250442E+05   5.1250442E+05   5.6407783E+04   2.0295411E+03   6.0522850E+01   5.1002342E+05   5.1250442E+05   0.0000000E+00   0.0000000E+00   0.0000000E+00   0.0000000E+00   0.0000000E+00
   5.5418865E-03   5.0534365E+05   5.0534365E+05   4.1735540E+04   1.4946853E+03   9.6743000E+01   5.0279139E+05   5.0534365E+05   0.0000000E+00   0.0000000E+00   0.0000000E+00   0.0000000E+00   0.0000000E+00
   6.2180990E-03   4.9735572E+05   4.9735572E+05   3.8211191E+04   1.1275705E+03   9.2069764E+01   4.9478970E+05   4.9735572E+05   0.0000000E+00   0.0000000E+00   0.0000000E+00   0.0000000E+00   0.0000000E+00
   6.9768218E-03   4.8847407E+05   4.8847407E+05   3.7442080E+04   8.9851360E+02   4.5660787E+01   4.8592048E+05   4.8847407E+05   0.0000000E+00   0.0000000E+00   0.0000000E+00   0.0000000E+00   0.0000000E+00
   7.8281228E-03   4.7860223E+05   4.7860223E+05   3.1797015E+04   7.4231318E+02   -8.9252638E+00   4.7605736E+05   4.7860223E+05   0.0000000E+00   0.0000000E+00   0.0000000E+00   0.0000000E+00   0.0000000E+00
   8.7832982E-03   4.6763680E+05   4.6763680E+05   2.0869478E+04   5.9769299E+02   -2.1075420E+01   4.6509282E+05   4.6763680E+05   0.0000000E+00   0.0000000E+00   0.0000000E+00   0.0000000E+00   0.0000000E+00
   9.8550227E-03   4.5550276E+05   4.5550276E+05   1.2224705E+04   4.5235669E+02   1.6982645E+01   4.5297621E+05   4.5550276E+05   0.0000000E+00   0.0000000E+00   0.0000000E+00   0.0000000E+00   0.0000000E+00
   1.1057517E-02   4.4215934E+05   4.4215934E+05   1.1076719E+04   3.3878049E+02   3.8750906E+01   4.3968358E+05   4.4215934E+05   0.0000000E+00   0.0000000E+00   0.0000000E+00   0.0000000E+00   0.0000000E+00
   1.2406739E-02   4.2755768E+05   4.2755768E+05   1.1101090E+04   2.6958271E+02   3.9145603E+00   4.2514700E+05   4.2755768E+05   0.0000000E+00   0.0000000E+00   0.0000000E+00   0.0000000E+00   0.0000000E+00
   1.3920590E-02   4.1161906E+05   4.1161906E+05   6.5907430E+03   2.1211306E+02   -6.8285926E+00   4.0927347E+05   4.1161906E+05   0.0000000E+00   0.0000000E+00   0.0000000E+00   0.0000000E+00   0.0000000E+00
   1.5619158E-02   3.9428841E+05   3.9428841E+05   4.6654449E+03   1.5751029E+02   2.1752666E+01   3.9202729E+05   3.9428841E+05   0.0000000E+00   0.0000000E+00   0.0000000E+00   0.0000000E+00   0.0000000E+00
   1.7524984E-02   3.7555149E+05   3.7555149E+05   4.7761407E+03   1.2309474E+02   -1.3264744E+00   3.7338792E+05   3.7555149E+05   0.0000000E+00   0.0000000E+00   0.0000000E+00   0.0000000E+00   0.0000000E+00
   1.9663355E-02   3.5540508E+05   3.5540508E+05   2.4597503E+03   9.2983198E+01   7.6840779E+00   3.5334615E+05   3.5540508E+05   0.0000000E+00   0.0000000E+00   0.0000000E+00   0.0000000E+00   0.0000000E+00
   2.2062646E-02   3.3391675E+05   3.3391675E+05   2.6436175E+03   7.0576609E+01   2.0950064E+00   3.3197687E+05   3.3391675E+05   0.0000000E+00   0.0000000E+00   0.0000000E+00   0.0000000E+00   0.0000000E+00
   2.4754659E-02   3.1123837E+05   3.1123837E+05   1.4187132E+03   5.2745961E+01   7.2817680E+00   3.0942388E+05   3.1123837E+05   0.0000000E+00   0.0000000E+00   0.0000000E+00   0.0000000E+00   0.0000000E+00
   2.7774687E-02   2.8765046E+05   2.8765046E+05   1.2771921E+03   3.9776898E+01   -1.1397783E+00   2.8596939E+05   2.8765046E+05   0.0000000E+00   0.0000000E+00   0.0000000E+00   0.0000000E+00   0.0000000E+00
   3.1159156E-02   2.6361038E+05   2.6361038E+05   9.9856464E+02   2.9218445E+01   3.0327609E+00   2.6206721E+05   2.6361038E+05   0.0000000E+00   0.0000000E+00   0.0000000E+00   0.0000000E+00   0.0000000E+00
   3.4931563E-02   2.3984535E+05   2.3984535E+05   6.3953383E+02   2.1386969E+01   4.5143617E+00   2.3843888E+05   2.3984535E+05   0.0000000E+00   0.0000000E+00   0.0000000E+00   0.0000000E+00   0.0000000E+00
   3.9055602E-02   2.1747717E+05   2.1747717E+05   4.2386005E+02   1.5671599E+01   3.5069091E+00   2.1620013E+05   2.1747717E+05   0.0000000E+00   0.0000000E+00   0.0000000E+00   0.0000000E+00   0.0000000E+00
   4.3361287E-02   1.9793321E+05   1.9793321E+05   3.0010946E+02   1.1604137E+01   2.3262763E+00   1.9676978E+05   1.9793321E+05   0.0000000E+00   0.0000000E+00   0.0000000E+00   0.0000000E+00   0.0000000E+00
   4.7575301E-02   1.8218297E+05   1.8218297E+05   2.3205998E+02   8.8284972E+00   1.1570864E+00   1.8111133E+05   1.8218297E+05   0.0000000E+00   0.0000000E+00   0.0000000E+00   0.0000000E+00   0.0000000E+00
   5.1516927E-02   1.7001373E+05   1.7001373E+05   2.0639684E+02   6.9490218E+00   3.8241411E-01   1.6901315E+05   1.7001373E+05   0.0000000E+00   0.0000000E+00   0.0000000E+00   0.0000000E+00   0.0000000E+00
   5.5172153E-02   1.6051177E+05   1.6051177E+05   1.9004445E+02   5.6273626E+00   8.7682599E-01   1.5956676E+05   1.6051177E+05   0.0000000E+00   0.0000000E+00   0.0000000E+00   0.0000000E+00   0.0000000E+00
   5.8601498E-02   1.5279747E+05   1.5279747E+05   1.5037645E+02   4.6659938E+00   1.7263648E+00   1.5189760E+05   1.5279747E+05   0.0000000E+00   0.0000000E+00   0.0000000E+00   0.0000000E+00   0.0000000E+00
   6.1871216E-02   1.4623794E+05   1.4623794E+05   1.1400105E+02   3.9580409E+00   1.1689449E+00   1.4537645E+05   1.4623794E+05   0.0000000E+00   0.0000000E+00   0.0000000E+00   0.0000000E+00   0.0000000E+00
   6.5034736E-02   1.4040777E+05   1.4040777E+05   1.1036834E+02   3.4070140E+00   5.0315434E-01   1.3958049E+05   1.4040777E+05   0.0000000E+00   0.0000000E+00   0.0000000E+00   0.0000000E+00   0.0000000E+00
   6.8132367E-02   1.3502247E+05   1.3502247E+05   1.0244395E+02   2.9538815E+00   1.2822831E+00   1.3422677E+05   1.3502247E+05   0.0000000E+00   0.0000000E+00   0.0000000E+00   0.0000000E+00   0.0000000E+00
   7.1194469E-02   1.2989213E+05   1.2989213E+05   7.6598899E+01   2.5934657E+00   1.1074220E+00   1.2912652E+05   1.2989213E+05   0.0000000E+00   0.0000000E+00   0.0000000E+00   0.0000000E+00   0.0000000E+00
   7.4244365E-02   1.2489342E+05   1.2489342E+05   7.5179782E+01   2.2956006E+00   4.0382401E-01   1.2415721E+05   1.2489342E+05   0.0000000E+00   0.0000000E+00   0.0000000E+00   0.0000000E+00   0.0000000E+00
   7.7300465E-02   1.1995299E+05   1.1995299E+05   7.0577808E+01   2.0352188E+00   1.1627392E+00   1.1924580E+05   1.1995299E+05   0.0000000E+00   0.0000000E+00   0.0000000E+00   0.0000000E+00   0.0000000E+00
   8.0377720E-02   1.1503701E+05   1.1503701E+05   5.3159755E+01   1.8184742E+00   9.2135967E-01   1.1435871E+05   1.1503701E+05   0.0000000E+00   0.0000000E+00   0.0000000E+00   0.0000000E+00   0.0000000E+00
   8.3488622E-02   1.1014375E+05   1.1014375E+05   5.2226784E+01   1.6311656E+00   3.6323651E-01   1.0949426E+05   1.1014375E+05   0.0000000E+00   0.0000000E+00   0.0000000E+00   0.0000000E+00   0.0000000E+00
   8.6643890E-02   1.0529735E+05   1.0529735E+05   4.9518525E+01   1.4611861E+00   9.3386171E-01   1.0467639E+05   1.0529735E+05   0.0000000E+00   0.0000000E+00   0.0000000E+00   0.0000000E+00   0.0000000E+00
   8.9852952E-02   1.0054170E+05   1.0054170E+05   3.8200898E+01   1.3131099E+00   8.9720621E-01   9.9948716E+04   1.0054170E+05   0.0000000E+00   0.0000000E+00   0.0000000E+00   0.0000000E+00   0.0000000E+00
   9.3124289E-02   9.5933707E+04   9.5933707E+04   3.4593185E+01   1.1826627E+00   3.7446449E-01   9.5367867E+04   9.5933707E+04   0.0000000E+00   0.0000000E+00   0.0000000E+00   0.0000000E+00   0.0000000E+00
   9.6465679E-02   9.1535909E+04   9.1535909E+04   3.4738765E+01   1.0620823E+00   5.2131347E-01   9.0995982E+04   9.1535909E+04   0.0000000E+00   0.0000000E+00   0.0000000E+00   0.0000000E+00   0.0000000E+00
   9.9884384E-02   8.7408420E+04   8.7408420E+04   2.9710436E+01   9.5218995E-01   8.3960023E-01   8.6892798E+04   8.7408420E+04   0.0000000E+00   0.0000000E+00   0.0000000E+00   0.0000000E+00   0.0000000E+00
   1.0338728E-01   8.3600654E+04   8.3600654E+04   2.3426928E+01   8.5429338E-01   6.8070415E-01   8.3107458E+04   8.3600654E+04   0.0000000E+00   0.0000000E+00   0.0000000E+00   0.0000000E+00   0.0000000E+00
   1.0698098E-01   8.0143550E+04   8.0143550E+04   2.1547924E+01   7.6612364E-01   3.4147548E-01   7.9670724E+04   8.0143550E+04   0.0000000E+00   0.0000000E+00   0.0000000E+00   0.0000000E+00   0.0000000E+00
   1.1067186E-01   7.7043234E+04   7.7043234E+04   2.2036838E+01   6.8528152E-01   3.1546420E-01   7.6588682E+04   7.7043234E+04   0.0000000E+00   0.0000000E+00   0.0000000E+00   0.0000000E+00   0.0000000E+00
   1.1446619E-01   7.4277191E+04   7.4277191E+04   2.0470381E+01   6.1159698E-01   5.3683755E-01   7.3838943E+04   7.4277191E+04   0.0000000E+00   0.0000000E+00   0.0000000E+00   0.0000000E+00   0.0000000E+00
   1.1837012E-01   7.1793969E+04   7.1793969E+04   1.7017856E+01   5.4585902E-01   6.6544332E-01   7.1370353E+04   7.1793969E+04   0.0000000E+00   0.0000000E+00   0.0000000E+00   0.0000000E+00   0.0000000E+00
   1.2238975E-01   6.9517210E+04   6.9517210E+04   1.4089682E+01   4.8791841E-01   6.1412566E-01   6.9107006E+04   6.9517210E+04   0.0000000E+00   0.0000000E+00   0.0000000E+00   0.0000000E+00   0.0000000E+00
   1.2653115E-01   6.7354244E+04   6.7354244E+04   1.2418624E+01   4.3687266E-01   5.0205085E-01   6.6956785E+04   6.7354244E+04   0.0000000E+00   0.0000000E+00   0.0000000E+00   0.0000000E+00   0.0000000E+00
   1.3080036E-01   6.5208761E+04   6.5208761E+04   1.1407578E+01   3.9188341E-01   4.1572948E-01   6.4823949E+04   6.5208761E+04   0.0000000E+00   0.0000000E+00   0.0000000E+00   0.0000000E+00   0.0000000E+00
   1.3520343E-01   6.2996058E+04   6.2996058E+04   1.0529916E+01   3.5228504E-01   3.6530140E-01   6.2624290E+04   6.2996058E+04   0.0000000E+00   0.0000000E+00   0.0000000E+00   0.0000000E+00   0.0000000E+00
   1.3974644E-01   6.0658430E+04   6.0658430E+04   9.6117385E+00   3.1739877E-01   3.3784919E-01   6.0300447E+04   6.0658430E+04   0.0000000E+00   0.0000000E+00   0.0000000E+00   0.0000000E+00   0.0000000E+00
   1.4443546E-01   5.8177538E+04   5.8177538E+04   8.6303522E+00   2.8648779E-01   3.2454807E-01   5.7834186E+04   5.8177538E+04   0.0000000E+00   0.0000000E+00   0.0000000E+00   0.0000000E+00   0.0000000E+00
   1.4927663E-01   5.5580354E+04   5.5580354E+04   7.6169994E+00   2.5882125E-01   3.2230674E-01   5.5252322E+04   5.5580354E+04   0.0000000E+00   0.0000000E+00   0.0000000E+00   0.0000000E+00   0.0000000E+00
   1.5427610E-01   5.2935975E+04   5.2935975E+04   6.6638972E+00   2.3375092E-01   3.3119550E-01   5.2623542E+04   5.2935975E+04   0.0000000E+00   0.0000000E+00   0.0000000E+00   0.0000000E+00   0.0000000E+00
   1.5944009E-01   5.0342175E+04   5.0342175E+04   5.9351894E+00   2.1077408E-01   3.4983755E-01   5.0045044E+04   5.0342175E+04   0.0000000E+00   0.0000000E+00   0.0000000E+00   0.0000000E+00   0.0000000E+00
   1.6477485E-01   4.7903135E+04   4.7903135E+04   5.5723436E+00   1.8958054E-01   3.6385847E-01   4.7620395E+04   4.7903135E+04   0.0000000E+00   0.0000000E+00   0.0000000E+00   0.0000000E+00   0.0000000E+00
   1.7028673E-01   4.5702708E+04   4.5702708E+04   5.4222541E+00   1.7005675E-01   3.3720079E-01   4.5432950E+04   4.5702708E+04   0.0000000E+00   0.0000000E+00   0.0000000E+00   0.0000000E+00   0.0000000E+00
   1.7598210E-01   4.3780099E+04   4.3780099E+04   4.9385637E+00   1.5217807E-01   2.5784436E-01   4.3521683E+04   4.3780099E+04   0.0000000E+00   0.0000000E+00   0.0000000E+00   0.0000000E+00   0.0000000E+00
   1.8186747E-01   4.2115860E+04   4.2115860E+04   4.0011975E+00   1.3584803E-01   2.2865789E-01   4.1867262E+04   4.2115860E+04   0.0000000E+00   0.0000000E+00   0.0000000E+00   0.0000000E+00   0.0000000E+00
   1.8794943E-01   4.0634549E+04   4.0634549E+04   3.5871190E+00   1.2109336E-01   3.0372065E-01   4.0394691E+04   4.0634549E+04   0.0000000E+00   0.0000000E+00   0.0000000E+00   0.0000000E+00   0.0000000E+00
   1.9423468E-01   3.9226043E+04   3.9226043E+04   3.6264874E+00   1.0822269E-01   2.5420693E-01   3.8994496E+04   3.9226043E+04   0.0000000E+00   0.0000000E+00   0.0000000E+00   0.0000000E+00   0.0000000E+00
   2.0073009E-01   3.7780950E+04   3.7780950E+04   2.9366910E+00   9.6929470E-02   2.1906124E-01   3.7557929E+04   3.7780950E+04   0.0000000E+00   0.0000000E+00   0.0000000E+00   0.0000000E+00   0.0000000E+00
   2.0744272E-01   3.6228997E+04   3.6228997E+04   2.8151653E+00   8.6973555E-02   2.6554556E-01   3.6015135E+04   3.6228997E+04   0.0000000E+00   0.0000000E+00   0.0000000E+00   0.0000000E+00   0.0000000E+00
   2.1437983E-01   3.4565537E+04   3.4565537E+04   2.4169869E+00   7.8282924E-02   1.9539149E-01   3.4361490E+04   3.4565537E+04   0.0000000E+00   0.0000000E+00   0.0000000E+00   0.0000000E+00   0.0000000E+00
   2.2154894E-01   3.2853424E+04   3.2853424E+04   2.2527134E+00   7.0379870E-02   2.2606964E-01   3.2659483E+04   3.2853424E+04   0.0000000E+00   0.0000000E+00   0.0000000E+00   0.0000000E+00   0.0000000E+00
   2.2895792E-01   3.1196082E+04   3.1196082E+04   1.8671331E+00   6.3192609E-02   2.0934451E-01   3.1011921E+04   3.1196082E+04   0.0000000E+00   0.0000000E+00   0.0000000E+00   0.0000000E+00   0.0000000E+00
   2.3661497E-01   2.9690690E+04   2.9690690E+04   1.7776185E+00   5.6594439E-02   1.6863181E-01   2.9515414E+04   2.9690690E+04   0.0000000E+00   0.0000000E+00   0.0000000E+00   0.0000000E+00   0.0000000E+00
   2.4452878E-01   2.8381996E+04   2.8381996E+04   1.5836358E+00   5.0498560E-02   1.8526472E-01   2.8214446E+04   2.8381996E+04   0.0000000E+00   0.0000000E+00   0.0000000E+00   0.0000000E+00   0.0000000E+00
   2.5270856E-01   2.7240552E+04   2.7240552E+04   1.3798069E+00   4.5004322E-02   1.8847464E-01   2.7079737E+04   2.7240552E+04   0.0000000E+00   0.0000000E+00   0.0000000E+00   0.0000000E+00   0.0000000E+00
   2.6116412E-01   2.6179511E+04   2.6179511E+04   1.2201488E+00   4.0150372E-02   1.7164199E-01   2.6024958E+04   2.6179511E+04   0.0000000E+00   0.0000000E+00   0.0000000E+00   0.0000000E+00   0.0000000E+00
   2.6990604E-01   2.5103829E+04   2.5103829E+04   1.0970199E+00   3.5894998E-02   1.5549769E-01   2.4955626E+04   2.5103829E+04   0.0000000E+00   0.0000000E+00   0.0000000E+00   0.0000000E+00   0.0000000E+00
   2.7894576E-01   2.3964954E+04   2.3964954E+04   9.8797473E-01   3.2155192E-02   1.4358510E-01   2.3823474E+04   2.3964954E+04   0.0000000E+00   0.0000000E+00   0.0000000E+00   0.0000000E+00   0.0000000E+00
   2.8829570E-01   2.2786894E+04   2.2786894E+04   8.7997357E-01   2.8816191E-02   1.3456190E-01   2.2652368E+04   2.2786894E+04   0.0000000E+00   0.0000000E+00   0.0000000E+00   0.0000000E+00   0.0000000E+00
   2.9796949E-01   2.1644677E+04   2.1644677E+04   7.7751400E-01   2.5780486E-02   1.3125956E-01   2.1516892E+04   2.1644677E+04   0.0000000E+00   0.0000000E+00   0.0000000E+00   0.0000000E+00   0.0000000E+00
   3.0798212E-01   2.0607903E+04   2.0607903E+04   6.9475049E-01   2.2999906E-02   1.3813503E-01   2.0486239E+04   2.0607903E+04   0.0000000E+00   0.0000000E+00   0.0000000E+00   0.0000000E+00   0.0000000E+00
   3.1835018E-01   1.9689648E+04   1.9689648E+04   6.3981216E-01   2.0485160E-02   1.3424906E-01   1.9573404E+04   1.9689648E+04   0.0000000E+00   0.0000000E+00   0.0000000E+00   0.0000000E+00   0.0000000E+00
   3.2909216E-01   1.8840598E+04   1.8840598E+04   5.7848855E-01   1.8251791E-02   1.1111344E-01   1.8729366E+04   1.8840598E+04   0.0000000E+00   0.0000000E+00   0.0000000E+00   0.0000000E+00   0.0000000E+00
   3.4022873E-01   1.7994191E+04   1.7994191E+04   4.9926982E-01   1.6267036E-02   1.2267561E-01   1.7887955E+04   1.7994191E+04   0.0000000E+00   0.0000000E+00   0.0000000E+00   0.0000000E+00   0.0000000E+00
   3.5178316E-01   1.7124168E+04   1.7124168E+04   4.5978569E-01   1.4522959E-02   1.0312612E-01   1.7023069E+04   1.7124168E+04   0.0000000E+00   0.0000000E+00   0.0000000E+00   0.0000000E+00   0.0000000E+00
   3.6378179E-01   1.6261849E+04   1.6261849E+04   3.9639110E-01   1.2943686E-02   1.0770017E-01   1.6165840E+04   1.6261849E+04   0.0000000E+00   0.0000000E+00   0.0000000E+00   0.0000000E+00   0.0000000E+00
   3.7625459E-01   1.5456688E+04   1.5456688E+04   3.5764477E-01   1.1515594E-02   9.9756041E-02   1.5365432E+04   1.5456688E+04   0.0000000E+00   0.0000000E+00   0.0000000E+00   0.0000000E+00   0.0000000E+00
   3.8923587E-01   1.4721652E+04   1.4721652E+04   3.2071342E-01   1.0224764E-02   9.3871196E-02   1.4634735E+04   1.4721652E+04   0.0000000E+00   0.0000000E+00   0.0000000E+00   0.0000000E+00   0.0000000E+00
   4.0276515E-01   1.4023278E+04   1.4023278E+04   2.8455049E-01   9.0728604E-03   9.0498304E-02   1.3940485E+04   1.4023278E+04   0.0000000E+00   0.0000000E+00   0.0000000E+00   0.0000000E+00   0.0000000E+00
   4.1688831E-01   1.3326210E+04   1.3326210E+04   2.5165533E-01   8.0511579E-03   8.3796978E-02   1.3247532E+04   1.3326210E+04   0.0000000E+00   0.0000000E+00   0.0000000E+00   0.0000000E+00   0.0000000E+00
   4.3165894E-01   1.2634844E+04   1.2634844E+04   2.2105895E-01   7.1358262E-03   7.6153279E-02   1.2560247E+04   1.2634844E+04   0.0000000E+00   0.0000000E+00   0.0000000E+00   0.0000000E+00   0.0000000E+00
   4.4714022E-01   1.1977798E+04   1.1977798E+04   1.9550786E-01   6.3054246E-03   8.0088180E-02   1.1907080E+04   1.1977798E+04   0.0000000E+00   0.0000000E+00   0.0000000E+00   0.0000000E+00   0.0000000E+00
   4.6340723E-01   1.1360943E+04   1.1360943E+04   1.7344526E-01   5.5615395E-03   7.0837400E-02   1.1293867E+04   1.1360943E+04   0.0000000E+00   0.0000000E+00   0.0000000E+00   0.0000000E+00   0.0000000E+00
   4.8055014E-01   1.0761582E+04   1.0761582E+04   1.5277165E-01   4.8953504E-03   6.8906998E-02   1.0698045E+04   1.0761582E+04   0.0000000E+00   0.0000000E+00   0.0000000E+00   0.0000000E+00   0.0000000E+00
   4.9867841E-01   1.0168923E+04   1.0168923E+04   1.3374036E-01   4.2995357E-03   6.5496522E-02   1.0108885E+04   1.0168923E+04   0.0000000E+00   0.0000000E+00   0.0000000E+00   0.0000000E+00   0.0000000E+00
   5.1792653E-01   9.5963893E+03   9.5963893E+03   1.1722470E-01   3.7622957E-03   6.3254962E-02   9.5397308E+03   9.5963893E+03   0.0000000E+00   0.0000000E+00   0.0000000E+00   0.0000000E+00   0.0000000E+00
   5.3846201E-01   9.0470801E+03   9.0470801E+03   1.0198019E-01   3.2798831E-03   5.5770478E-02   8.9936647E+03   9.0470801E+03   0.0000000E+00   0.0000000E+00   0.0000000E+00   0.0000000E+00   0.0000000E+00
   5.6049662E-01   8.5076100E+03   8.5076100E+03   8.8644573E-02   2.8470523E-03   5.1578610E-02   8.4573796E+03   8.5076100E+03   0.0000000E+00   0.0000000E+00   0.0000000E+00   0.0000000E+00   0.0000000E+00
   5.8430264E-01   7.9777236E+03   7.9777236E+03   7.6394794E-02   2.4571651E-03   4.9884536E-02   7.9306215E+03   7.9777236E+03   0.0000000E+00   0.0000000E+00   0.0000000E+00   0.0000000E+00   0.0000000E+00
   6.1023668E-01   7.4609077E+03   7.4609077E+03   6.5577743E-02   2.1058561E-03   4.7986564E-02   7.4168570E+03   7.4609077E+03   0.0000000E+00   0.0000000E+00   0.0000000E+00   0.0000000E+00   0.0000000E+00
   6.3877539E-01   6.9492993E+03   6.9492993E+03   5.5726154E-02   1.7903478E-03   4.4728239E-02   6.9082692E+03   6.9492993E+03   0.0000000E+00   0.0000000E+00   0.0000000E+00   0.0000000E+00   0.0000000E+00
   6.7056981E-01   6.4420867E+03   6.4420867E+03   4.6873135E-02   1.5058695E-03   4.1823603E-02   6.4040512E+03   6.4420867E+03   0.0000000E+00   0.0000000E+00   0.0000000E+00   0.0000000E+00   0.0000000E+00
   7.0652921E-01   5.9358571E+03   5.9358571E+03   3.8892755E-02   1.2499517E-03   3.7838832E-02   5.9008104E+03   5.9358571E+03   0.0000000E+00   0.0000000E+00   0.0000000E+00   0.0000000E+00   0.0000000E+00
   7.4794923E-01   5.4265631E+03   5.4265631E+03   3.1727908E-02   1.0196494E-03   3.4238510E-02   5.3945232E+03   5.4265631E+03   0.0000000E+00   0.0000000E+00   0.0000000E+00   0.0000000E+00   0.0000000E+00
   7.9669905E-01   4.9104865E+03   4.9104865E+03   2.5302433E-02   8.1330033E-04   3.0463193E-02   4.8814937E+03   4.9104865E+03   0.0000000E+00   0.0000000E+00   0.0000000E+00   0.0000000E+00   0.0000000E+00
   8.5545305E-01   4.3847740E+03   4.3847740E+03   1.9597426E-02   6.2969488E-04   2.8956774E-02   4.3588851E+03   4.3847740E+03   0.0000000E+00   0.0000000E+00   0.0000000E+00   0.0000000E+00   0.0000000E+00
   9.2782490E-01   3.8501258E+03   3.8501258E+03   1.4627761E-02   4.7006266E-04   2.4819682E-02   3.8273935E+03   3.8501258E+03   0.0000000E+00   0.0000000E+00   0.0000000E+00   0.0000000E+00   0.0000000E+00
   1.0179439E+00   3.3158713E+03   3.3158713E+03   1.0465950E-02   3.3632298E-04   2.1240977E-02   3.2962934E+03   3.3158713E+03   0.0000000E+00   0.0000000E+00   0.0000000E+00   0.0000000E+00   0.0000000E+00
   1.1288915E+00   2.8033643E+03   2.8033643E+03   7.1945071E-03   2.3120275E-04   1.7977655E-02   2.7868124E+03   2.8033643E+03   0.0000000E+00   0.0000000E+00   0.0000000E+00   0.0000000E+00   0.0000000E+00
   1.2610590E+00   2.3392297E+03   2.3392297E+03   4.8108790E-03   1.5460099E-04   1.4977624E-02   2.3254181E+03   2.3392297E+03   0.0000000E+00   0.0000000E+00   0.0000000E+00   0.0000000E+00   0.0000000E+00
   1.4132738E+00   1.9390091E+03   1.9390091E+03   3.1750267E-03   1.0203884E-04   1.2239275E-02   1.9275605E+03   1.9390091E+03   0.0000000E+00   0.0000000E+00   0.0000000E+00   0.0000000E+00   0.0000000E+00
   1.5853701E+00   1.6026553E+03   1.6026553E+03   2.0854314E-03   6.7020902E-05   1.0115865E-02   1.5931927E+03   1.6026553E+03   0.0000000E+00   0.0000000E+00   0.0000000E+00   0.0000000E+00   0.0000000E+00
   1.7787626E+00   1.3225708E+03   1.3225708E+03   1.3670871E-03   4.3931118E-05   8.4443774E-03   1.3147619E+03   1.3225708E+03   0.0000000E+00   0.0000000E+00   0.0000000E+00   0.0000000E+00   0.0000000E+00
   1.9957991E+00   1.0900909E+03   1.0900909E+03   8.9503379E-04   2.8760633E-05   7.1032190E-03   1.0836547E+03   1.0900909E+03   0.0000000E+00   0.0000000E+00   0.0000000E+00   0.0000000E+00   0.0000000E+00
   2.2393231E+00   8.9746083E+02   8.9746083E+02   5.8531810E-04   1.8810598E-05   5.6879663E-03   8.9216191E+02   8.9746083E+02   0.0000000E+00   0.0000000E+00   0.0000000E+00   0.0000000E+00   0.0000000E+00
   2.5125618E+00   7.3807970E+02   7.3807970E+02   3.8236523E-04   1.2288715E-05   4.6179644E-03   7.3372183E+02   7.3807970E+02   0.0000000E+00   0.0000000E+00   0.0000000E+00   0.0000000E+00   0.0000000E+00
   2.8191407E+00   6.0638569E+02   6.0638569E+02   2.4952953E-04   8.0193327E-06   3.8459436E-03   6.0280538E+02   6.0638569E+02   0.0000000E+00   0.0000000E+00   0.0000000E+00   0.0000000E+00   0.0000000E+00
   3.1631279E+00   4.9770763E+02   4.9770763E+02   1.6268483E-04   5.2288238E-06   3.0815102E-03   4.9476899E+02   4.9770763E+02   0.0000000E+00   0.0000000E+00   0.0000000E+00   0.0000000E+00   0.0000000E+00
   3.5490879E+00   4.0813084E+02   4.0813084E+02   1.0596664E-04   3.4054972E-06   2.6214287E-03   4.0572109E+02   4.0813084E+02   0.0000000E+00   0.0000000E+00   0.0000000E+00   0.0000000E+00   0.0000000E+00
   3.9821421E+00   3.3438227E+02   3.3438227E+02   6.8962524E-05   2.2165191E-06   2.1129753E-03   3.3240796E+02   3.3438227E+02   0.0000000E+00   0.0000000E+00   0.0000000E+00   0.0000000E+00   0.0000000E+00
   4.4680369E+00   2.7373075E+02   2.7373075E+02   4.4842746E-05   1.4412924E-06   1.7599701E-03   2.7211455E+02   2.7373075E+02   0.0000000E+00   0.0000000E+00   0.0000000E+00   0.0000000E+00   0.0000000E+00
   5.0132199E+00   2.2390160E+02   2.2390160E+02   2.9135937E-05   9.3658424E-07   1.4073416E-03   2.2257961E+02   2.2390160E+02   0.0000000E+00   0.0000000E+00   0.0000000E+00   0.0000000E+00   0.0000000E+00
   5.6249252E+00   1.8300365E+02   1.8300365E+02   1.8962161E-05   6.0811015E-07   1.1660067E-03   1.8192313E+02   1.8300365E+02   0.0000000E+00   0.0000000E+00   0.0000000E+00   0.0000000E+00   0.0000000E+00
   6.3112699E+00   1.4946726E+02   1.4946726E+02   1.2276447E-05   3.9457961E-07   9.4118529E-04   1.4858475E+02   1.4946726E+02   0.0000000E+00   0.0000000E+00   0.0000000E+00   0.0000000E+00   0.0000000E+00
   7.0813613E+00   1.2199162E+02   1.2199162E+02   7.9574931E-06   2.5585171E-07   7.6757551E-04   1.2127134E+02   1.2199162E+02   0.0000000E+00   0.0000000E+00   0.0000000E+00   0.0000000E+00   0.0000000E+00
   7.9454181E+00   9.9500359E+01   9.9500359E+01   5.1551577E-06   1.6578273E-07   6.3500402E-04   9.8912874E+01   9.9500359E+01   0.0000000E+00   0.0000000E+00   0.0000000E+00   0.0000000E+00   0.0000000E+00
   8.9149057E+00   8.1104003E+01   8.1104003E+01   3.3376946E-06   1.0736832E-07   5.1579342E-04   8.0625136E+01   8.1104003E+01   0.0000000E+00   0.0000000E+00   0.0000000E+00   0.0000000E+00   0.0000000E+00
