#           k/h    CDM            baryon         photon         nu             mass_nu        total          no_nu          total_de       Weyl           v_CDM          v_b            v_b-v_c     
   1.1057517E-05   1.7223512E+07   1.7223512E+07   2.2953467E+07   9.6698257E+03   2.3523261E+07   1.7223519E+07   1.7223512E+07   0.0000000E+00   0.0000000E+00   0.0000000E+00   0.0000000E+00   0.0000000E+00
   1.2406739E-05   1.7223507E+07   1.7223507E+07   2.2950557E+07   9.6690336E+03   2.3522442E+07   1.7223514E+07   1.7223507E+07   0.0000000E+00   0.0000000E+00   0.0000000E+00   0.0000000E+00   0.0000000E+00
   1.3920590E-05   1.7223500E+07   1.7223500E+07   2.2946893E+07   9.6680365E+03   2.3521412E+07   1.7223507E+07   1.7223500E+07   0.0000000E+00   0.0000000E+00   0.0000000E+00   0.0000000E+00   0.0000000E+00
   1.5619158E-05   1.7223492E+07   1.7223492E+07   2.2942282E+07   9.6667814E+03   2.3520115E+07   1.7223498E+07   1.7223492E+07   0.0000000E+00   0.0000000E+00   0.0000000E+00   0.0000000E+00   0.0000000E+00
   1.7524984E-05   1.7223481E+07   1.7223481E+07   2.2936478E+07   9.6652016E+03   2.3518483E+07   1.7223487E+07   1.7223481E+07   0.0000000E+00   0.0000000E+00   0.0000000E+00   0.0000000E+00   0.0000000E+00
   1.9663355E-05   1.7223467E+07   1.7223467E+07   2.2929173E+07   9.6632131E+03   2.3516429E+07   1.7223473E+07   1.7223467E+07   0.0000000E+00   0.0000000E+00   0.0000000E+00   0.0000000E+00   0.0000000E+00
   2.2062648E-05   1.7223450E+07   1.7223450E+07   2.2919980E+07   9.6607103E+03   2.3513844E+07   1.7223455E+07   1.7223450E+07   0.0000000E+00   0.0000000E+00   0.0000000E+00   0.0000000E+00   0.0000000E+00
   2.4754698E-05   1.7223429E+07   1.7223429E+07   2.2908411E+07   9.6575606E+03   2.3510592E+07   1.7223433E+07   1.7223429E+07   0.0000000E+00   0.0000000E+00   0.0000000E+00   0.0000000E+00   0.0000000E+00
   2.7775228E-05   1.7223402E+07   1.7223402E+07   2.2893855E+07   9.6535970E+03   2.3506502E+07   1.7223405E+07   1.7223402E+07   0.0000000E+00   0.0000000E+00   0.0000000E+00   0.0000000E+00   0.0000000E+00
   3.1164318E-05   1.7223368E+07   1.7223368E+07   2.2875542E+07   9.6486097E+03   2.3501358E+07   1.7223370E+07   1.7223368E+07   0.0000000E+00   0.0000000E+00   0.0000000E+00   0.0000000E+00   0.0000000E+00
   3.4966940E-05   1.7223326E+07   1.7223326E+07   2.2852506E+07   9.6423350E+03   2.3494889E+07   1.7223326E+07   1.7223326E+07   0.0000000E+00   0.0000000E+00   0.0000000E+00   0.0000000E+00   0.0000000E+00
   3.9233552E-05   1.7223272E+07   1.7223272E+07   2.2823536E+07   9.6344422E+03   2.3486759E+07   1.7223270E+07   1.7223272E+07   0.0000000E+00   0.0000000E+00   0.0000000E+00   0.0000000E+00   0.0000000E+00
   4.4020769E-05   1.7223205E+07   1.7223205E+07   2.2787115E+07   9.6245158E+03   2.3476543E+07   1.7223200E+07   1.7223205E+07   0.0000000E+00   0.0000000E+00   0.0000000E+00   0.0000000E+00   0.0000000E+00
   4.9392116E-05   1.7223120E+07   1.7223120E+07   2.2741339E+07   9.6120355E+03   2.3463715E+07   1.7223112E+07   1.7223120E+07   0.0000000E+00   0.0000000E+00   0.0000000E+00   0.0000000E+00   0.0000000E+00
   5.5418865E-05   1.7223013E+07   1.7223013E+07   2.2683832E+07   9.5963492E+03   2.3447615E+07   1.7223001E+07   1.7223013E+07   0.0000000E+00   0.0000000E+00   0.0000000E+00   0.0000000E+00   0.0000000E+00
   6.2180990E-05   1.7222879E+07   1.7222879E+07   2.2611628E+07   9.5766418E+03   2.3427426E+07   1.7222861E+07   1.7222879E+07   0.0000000E+00   0.0000000E+00   0.0000000E+00   0.0000000E+00   0.0000000E+00
   6.9768218E-05   1.7222709E+07   1.7222709E+07   2.2521031E+07   9.5518956E+03   2.3402135E+07   1.7222685E+07   1.7222709E+07   0.0000000E+00   0.0000000E+00   0.0000000E+00   0.0000000E+00   0.0000000E+00
   7.8281228E-05   1.7222497E+07   1.7222497E+07   2.2407457E+07   9.5208430E+03   2.3370494E+07   1.7222464E+07   1.7222497E+07   0.0000000E+00   0.0000000E+00   0.0000000E+00   0.0000000E+00   0.0000000E+00
   8.7832982E-05   1.7222229E+07   1.7222229E+07   2.2265233E+07   9.4819097E+03   2.3330974E+07   1.7222186E+07   1.7222229E+07   0.0000000E+00   0.0000000E+00   0.0000000E+00   0.0000000E+00   0.0000000E+00
   9.8550227E-05   1.7221892E+07   1.7221892E+07   2.2087377E+07   9.4331476E+03   2.3281712E+07   1.7221837E+07   1.7221892E+07   0.0000000E+00   0.0000000E+00   0.0000000E+00   0.0000000E+00   0.0000000E+00
   1.1057517E-04   1.7221469E+07   1.7221469E+07   2.1865350E+07   9.3721568E+03   2.3220469E+07   1.7221397E+07   1.7221469E+07   0.0000000E+00   0.0000000E+00   0.0000000E+00   0.0000000E+00   0.0000000E+00
   1.2406739E-04   1.7220938E+07   1.7220938E+07   2.1588788E+07   9.2959990E+03   2.3144577E+07   1.7220845E+07   1.7220938E+07   0.0000000E+00   0.0000000E+00   0.0000000E+00   0.0000000E+00   0.0000000E+00
   1.3920590E-04   1.7220270E+07   1.7220270E+07   2.1245250E+07   9.2011042E+03   2.3050926E+07   1.7220151E+07   1.7220270E+07   0.0000000E+00   0.0000000E+00   0.0000000E+00   0.0000000E+00   0.0000000E+00
   1.5619158E-04   1.7219432E+07   1.7219432E+07   2.0820007E+07   9.0831787E+03   2.2935967E+07   1.7219280E+07   1.7219432E+07   0.0000000E+00   0.0000000E+00   0.0000000E+00   0.0000000E+00   0.0000000E+00
   1.7524984E-04   1.7218380E+07   1.7218380E+07   2.0295951E+07   8.9371268E+03   2.2795793E+07   1.7218187E+07   1.7218380E+07   0.0000000E+00   0.0000000E+00   0.0000000E+00   0.0000000E+00   0.0000000E+00
   1.9663355E-04   1.7217062E+07   1.7217062E+07   1.9653728E+07   8.7570090E+03   2.2626329E+07   1.7216818E+07   1.7217062E+07   0.0000000E+00   0.0000000E+00   0.0000000E+00   0.0000000E+00   0.0000000E+00
   2.2062648E-04   1.7215412E+07   1.7215412E+07   1.8872258E+07   8.5360707E+03   2.2423677E+07   1.7215103E+07   1.7215412E+07   0.0000000E+00   0.0000000E+00   0.0000000E+00   0.0000000E+00   0.0000000E+00
   2.4754698E-04   1.7213349E+07   1.7213349E+07   1.7929882E+07   8.2668956E+03   2.2184706E+07   1.7212960E+07   1.7213349E+07   0.0000000E+00   0.0000000E+00   0.0000000E+00   0.0000000E+00   0.0000000E+00
   2.7775228E-04   1.7210775E+07   1.7210775E+07   1.6806431E+07   7.9417573E+03   2.1907953E+07   1.7210284E+07   1.7210775E+07   0.0000000E+00   0.0000000E+00   0.0000000E+00   0.0000000E+00   0.0000000E+00
   3.1164318E-04   1.7207567E+07   1.7207567E+07   1.5486578E+07   7.5532675E+03   2.1594878E+07   1.7206950E+07   1.7207567E+07   0.0000000E+00   0.0000000E+00   0.0000000E+00   0.0000000E+00   0.0000000E+00
   3.4966940E-04   1.7203582E+07   1.7203582E+07   1.3964815E+07   7.0954352E+03   2.1251452E+07   1.7202807E+07   1.7203582E+07   0.0000000E+00   0.0000000E+00   0.0000000E+00   0.0000000E+00   0.0000000E+00
   3.9233552E-04   1.7198644E+07   1.7198644E+07   1.2252151E+07   6.5652372E+03   2.0889823E+07   1.7197673E+07   1.7198644E+07   0.0000000E+00   0.0000000E+00   0.0000000E+00   0.0000000E+00   0.0000000E+00
   4.4020769E-04   1.7192545E+07   1.7192545E+07   1.0384103E+07   5.9647357E+03   2.0529480E+07   1.7191331E+07   1.7192545E+07   0.0000000E+00   0.0000000E+00   0.0000000E+00   0.0000000E+00   0.0000000E+00
   4.9392116E-04   1.7185041E+07   1.7185041E+07   8.4283959E+06   5.3035920E+03   2.0196754E+07   1.7183527E+07   1.7185041E+07   0.0000000E+00   0.0000000E+00   0.0000000E+00   0.0000000E+00   0.0000000E+00
   5.5418865E-04   1.7175847E+07   1.7175847E+07   6.4890043E+06   4.6014812E+03   1.9920946E+07   1.7173964E+07   1.7175847E+07   0.0000000E+00   0.0000000E+00   0.0000000E+00   0.0000000E+00   0.0000000E+00
   6.2180990E-04   1.7164630E+07   1.7164630E+07   4.7009639E+06   3.8893726E+03   1.9725225E+07   1.7162297E+07   1.7164630E+07   0.0000000E+00   0.0000000E+00   0.0000000E+00   0.0000000E+00   0.0000000E+00
   6.9768218E-04   1.7151007E+07   1.7151007E+07   3.2091596E+06   3.2080339E+03   1.9611894E+07   1.7148128E+07   1.7151007E+07   0.0000000E+00   0.0000000E+00   0.0000000E+00   0.0000000E+00   0.0000000E+00
   7.8281228E-04   1.7134528E+07   1.7134528E+07   2.1270122E+06   2.6018790E+03   1.9546191E+07   1.7130993E+07   1.7134528E+07   0.0000000E+00   0.0000000E+00   0.0000000E+00   0.0000000E+00   0.0000000E+00
   8.7832982E-04   1.7114667E+07   1.7114667E+07   1.4821089E+06   2.1072960E+03   1.9450847E+07   1.7110353E+07   1.7114667E+07   0.0000000E+00   0.0000000E+00   0.0000000E+00   0.0000000E+00   0.0000000E+00
   9.8550227E-04   1.7090800E+07   1.7090800E+07   1.1769569E+06   1.7379530E+03   1.9230312E+07   1.7085573E+07   1.7090800E+07   0.0000000E+00   0.0000000E+00   0.0000000E+00   0.0000000E+00   0.0000000E+00
   1.1057517E-03   1.7062189E+07   1.7062189E+07   1.0126267E+06   1.4751432E+03   1.8833547E+07   1.7055910E+07   1.7062189E+07   0.0000000E+00   0.0000000E+00   0.0000000E+00   0.0000000E+00   0.0000000E+00
   1.2406739E-03   1.7027982E+07   1.7027982E+07   8.0558653E+05   1.2748874E+03   1.8319119E+07   1.7020515E+07   1.7027982E+07   0.0000000E+00   0.0000000E+00   0.0000000E+00   0.0000000E+00   0.0000000E+00
   1.3920590E-03   1.6987231E+07   1.6987231E+07   5.3471837E+05   1.0960125E+03   1.7827115E+07   1.6978450E+07   1.6987231E+07   0.0000000E+00   0.0000000E+00   0.0000000E+00   0.0000000E+00   0.0000000E+00
   1.5619158E-03   1.6938914E+07   1.6938914E+07   3.4003043E+05   9.2965402E+02   1.7408583E+07   1.6928714E+07   1.6938914E+07   0.0000000E+00   0.0000000E+00   0.0000000E+00   0.0000000E+00   0.0000000E+00
   1.7524984E-03   1.6881940E+07   1.6881940E+07   2.8940926E+05   7.9311215E+02   1.6918797E+07   1.6870242E+07   1.6881940E+07   0.0000000E+00   0.0000000E+00   0.0000000E+00   0.0000000E+00   0.0000000E+00
   1.9663355E-03   1.6815128E+07   1.6815128E+07   2.3982638E+05   6.8837356E+02   1.6278835E+07   1.6801881E+07   1.6815128E+07   0.0000000E+00   0.0000000E+00   0.0000000E+00   0.0000000E+00   0.0000000E+00
   2.2062648E-03   1.6737201E+07   1.6737201E+07   1.3268818E+05   5.9494055E+02   1.5691931E+07   1.6722371E+07   1.6737201E+07   0.0000000E+00   0.0000000E+00   0.0000000E+00   0.0000000E+00   0.0000000E+00
   2.4754698E-03   1.6646812E+07   1.6646812E+07   1.0616421E+05   5.1253596E+02   1.5140379E+07   1.6630367E+07   1.6646812E+07   0.0000000E+00   0.0000000E+00   0.0000000E+00   0.0000000E+00   0.0000000E+00
   2.7775228E-03   1.6542530E+07   1.6542530E+07   8.6672227E+04   4.4751470E+02   1.4438842E+07   1.6524427E+07   1.6542530E+07   0.0000000E+00   0.0000000E+00   0.0000000E+00   0.0000000E+00   0.0000000E+00
   3.1164318E-03   1.6422811E+07   1.6422811E+07   5.2071903E+04   3.8838512E+02   1.3789663E+07   1.6402996E+07   1.6422811E+07   0.0000000E+00   0.0000000E+00   0.0000000E+00   0.0000000E+00   0.0000000E+00
   3.4966940E-03   1.6286017E+07   1.6286017E+07   4.2764542E+04   3.3809203E+02   1.3042540E+07   1.6264439E+07   1.6286017E+07   0.0000000E+00   0.0000000E+00   0.0000000E+00   0.0000000E+00   0.0000000E+00
   3.9233552E-03   1.6130408E+07   1.6130408E+07   3.1038493E+04   2.9264657E+02   1.2312478E+07   1.6107027E+07   1.6130408E+07   0.0000000E+00   0.0000000E+00   0.0000000E+00   0.0000000E+00   0.0000000E+00
   4.4020769E-03   1.5954150E+07   1.5954150E+07   1.7647372E+04   2.5329351E+02   1.1505641E+07   1.5928951E+07   1.5954150E+07   0.0000000E+00   0.0000000E+00   0.0000000E+00   0.0000000E+00   0.0000000E+00
   4.9392116E-03   1.5755344E+07   1.5755344E+07   1.6711479E+04   2.1797623E+02   1.0694143E+07   1.5728356E+07   1.5755344E+07   0.0000000E+00   0.0000000E+00   0.0000000E+00   0.0000000E+00   0.0000000E+00
   5.5418865E-03   1.5532077E+07   1.5532077E+07   1.2595346E+04   1.8650672E+02   9.8907909E+06   1.5503389E+07   1.5532077E+07   0.0000000E+00   0.0000000E+00   0.0000000E+00   0.0000000E+00   0.0000000E+00
   6.2180990E-03   1.5282423E+07   1.5282423E+07   9.4491556E+03   1.5900401E+02   9.0796611E+06   1.5252127E+07   1.5282423E+07   0.0000000E+00   0.0000000E+00   0.0000000E+00   0.0000000E+00   0.0000000E+00
   6.9768218E-03   1.5004376E+07   1.5004376E+07   6.8135461E+03   1.3469551E+02   8.2626683E+06   1.4972574E+07   1.5004376E+07   0.0000000E+00   0.0000000E+00   0.0000000E+00   0.0000000E+00   0.0000000E+00
   7.8281228E-03   1.4695881E+07   1.4695881E+07   4.2888427E+03   1.1332726E+02   7.4623994E+06   1.4662757E+07   1.4695881E+07   0.0000000E+00   0.0000000E+00   0.0000000E+00   0.0000000E+00   0.0000000E+00
   8.7832982E-03   1.4354916E+07   1.4354916E+07   2.2567537E+03   9.4716349E+01   6.6920356E+06   1.4320660E+07   1.4354916E+07   0.0000000E+00   0.0000000E+00   0.0000000E+00   0.0000000E+00   0.0000000E+00
   9.8550227E-03   1.3979414E+07   1.3979414E+07   2.5120174E+03   7.8560683E+01   5.9444993E+06   1.3944251E+07   1.3979414E+07   0.0000000E+00   0.0000000E+00   0.0000000E+00   0.0000000E+00   0.0000000E+00
   1.1057517E-02   1.3567312E+07   1.3567312E+07   1.3132653E+03   6.4653038E+01   5.2371006E+06   1.3531498E+07   1.3567312E+07   0.0000000E+00   0.0000000E+00   0.0000000E+00   0.0000000E+00   0.0000000E+00
   1.2406739E-02   1.3116598E+07   1.3116598E+07   8.5026275E+02   5.2760651E+01   4.5656326E+06   1.3080412E+07   1.3116598E+07   0.0000000E+00   0.0000000E+00   0.0000000E+00   0.0000000E+00   0.0000000E+00
   1.3920590E-02   1.2625406E+07   1.2625406E+07   6.4384765E+02   4.2684397E+01   3.9428550E+06   1.2589150E+07   1.2625406E+07   0.0000000E+00   0.0000000E+00   0.0000000E+00   0.0000000E+00   0.0000000E+00
   1.5619158E-02   1.2092185E+07   1.2092185E+07   6.6359055E+02   3.4208296E+01   3.3678373E+06   1.2056176E+07   1.2092185E+07   0.0000000E+00   0.0000000E+00   0.0000000E+00   0.0000000E+00   0.0000000E+00
   1.7524984E-02   1.1516002E+07   1.1516002E+07   3.5007469E+02   2.7141769E+01   2.8462780E+06   1.1480569E+07   1.1516002E+07   0.0000000E+00   0.0000000E+00   0.0000000E+00   0.0000000E+00   0.0000000E+00
   1.9663355E-02   1.0897013E+07   1.0897013E+07   2.6090666E+02   2.1310361E+01   2.3761215E+06   1.0862486E+07   1.0897013E+07   0.0000000E+00   0.0000000E+00   0.0000000E+00   0.0000000E+00   0.0000000E+00
   2.2062646E-02   1.0237154E+07   1.0237154E+07   2.2002260E+02   1.6546862E+01   1.9578446E+06   1.0203857E+07   1.0237154E+07   0.0000000E+00   0.0000000E+00   0.0000000E+00   0.0000000E+00   0.0000000E+00
   2.4754659E-02   9.5410760E+06   9.5410760E+06   1.6054091E+02   1.2698082E+01   1.5934347E+06   9.5093121E+06   9.5410760E+06   0.0000000E+00   0.0000000E+00   0.0000000E+00   0.0000000E+00   0.0000000E+00
   2.7774687E-02   8.8173212E+06   8.8173212E+06   1.1725835E+02   9.6284599E+00   1.2778587E+06   8.7873562E+06   8.8173212E+06   0.0000000E+00   0.0000000E+00   0.0000000E+00   0.0000000E+00   0.0000000E+00
   3.1159156E-02   8.0799146E+06   8.0799146E+06   7.5636086E+01   7.2167480E+00   1.0124926E+06   8.0519543E+06   8.0799146E+06   0.0000000E+00   0.0000000E+00   0.0000000E+00   0.0000000E+00   0.0000000E+00
   3.4931563E-02   7.3510985E+06   7.3510985E+06   5.7731623E+01   5.3603841E+00   7.9206994E+05   7.3252558E+06   7.3510985E+06   0.0000000E+00   0.0000000E+00   0.0000000E+00   0.0000000E+00   0.0000000E+00
   3.9055602E-02   6.6652358E+06   6.6652358E+06   3.5535843E+01   3.9753971E+00   6.1764529E+05   6.6414866E+06   6.6652358E+06   0.0000000E+00   0.0000000E+00   0.0000000E+00   0.0000000E+00   0.0000000E+00
   4.3361287E-02   6.0660508E+06   6.0660508E+06   2.3197438E+01   2.9896546E+00   4.8579320E+05   6.0441964E+06   6.0660508E+06   0.0000000E+00   0.0000000E+00   0.0000000E+00   0.0000000E+00   0.0000000E+00
   4.7575301E-02   5.5832241E+06   5.5832241E+06   1.3108054E+01   2.3189862E+00   3.9150590E+05   5.5629345E+06   5.5832241E+06   0.0000000E+00   0.0000000E+00   0.0000000E+00   0.0000000E+00   0.0000000E+00
   5.1516927E-02   5.2102021E+06   5.2102021E+06   1.7102733E+01   1.8660291E+00   3.2524751E+05   5.1911421E+06   5.2102021E+06   0.0000000E+00   0.0000000E+00   0.0000000E+00   0.0000000E+00   0.0000000E+00
   5.5172153E-02   4.9189556E+06   4.9189556E+06   1.2932855E+01   1.5492824E+00   2.7728476E+05   4.9008675E+06   4.9189556E+06   0.0000000E+00   0.0000000E+00   0.0000000E+00   0.0000000E+00   0.0000000E+00
   5.8601498E-02   4.6825118E+06   4.6825118E+06   1.0399439E+01   1.3163530E+00   2.4115004E+05   4.6652211E+06   4.6825118E+06   0.0000000E+00   0.0000000E+00   0.0000000E+00   0.0000000E+00   0.0000000E+00
   6.1871216E-02   4.4814660E+06   4.4814660E+06   6.7315995E+00   1.1367756E+00   2.1250089E+05   4.4648599E+06   4.4814660E+06   0.0000000E+00   0.0000000E+00   0.0000000E+00   0.0000000E+00   0.0000000E+00
   6.5034736E-02   4.3027766E+06   4.3027766E+06   7.8338917E+00   9.9282838E-01   1.8884410E+05   4.2867853E+06   4.3027766E+06   0.0000000E+00   0.0000000E+00   0.0000000E+00   0.0000000E+00   0.0000000E+00
   6.8132367E-02   4.1377233E+06   4.1377233E+06   3.8383157E+00   8.7379779E-01   1.6894583E+05   4.1223055E+06   4.1377233E+06   0.0000000E+00   0.0000000E+00   0.0000000E+00   0.0000000E+00   0.0000000E+00
   7.1194469E-02   3.9804840E+06   3.9804840E+06   4.7602960E+00   7.7294827E-01   1.5182618E+05   3.9656180E+06   3.9804840E+06   0.0000000E+00   0.0000000E+00   0.0000000E+00   0.0000000E+00   0.0000000E+00
   7.4244365E-02   3.8272791E+06   3.8272791E+06   5.8529312E+00   6.8595638E-01   1.3652711E+05   3.8129558E+06   3.8272791E+06   0.0000000E+00   0.0000000E+00   0.0000000E+00   0.0000000E+00   0.0000000E+00
   7.7300465E-02   3.6758605E+06   3.6758605E+06   4.1176211E+00   6.0988518E-01   1.2288312E+05   3.6620782E+06   3.6758605E+06   0.0000000E+00   0.0000000E+00   0.0000000E+00   0.0000000E+00   0.0000000E+00
   8.0377720E-02   3.5251918E+06   3.5251918E+06   2.5852282E+00   5.4273253E-01   1.1072915E+05   3.5119518E+06   3.5251918E+06   0.0000000E+00   0.0000000E+00   0.0000000E+00   0.0000000E+00   0.0000000E+00
   8.3488622E-02   3.3752204E+06   3.3752204E+06   2.6711085E+00   4.8313925E-01   9.9764737E+04   3.3625239E+06   3.3752204E+06   0.0000000E+00   0.0000000E+00   0.0000000E+00   0.0000000E+00   0.0000000E+00
   8.6643890E-02   3.2266871E+06   3.2266871E+06   3.3918518E+00   4.3012021E-01   8.9737724E+04   3.2145317E+06   3.2266871E+06   0.0000000E+00   0.0000000E+00   0.0000000E+00   0.0000000E+00   0.0000000E+00
   8.9852952E-02   3.0809369E+06   3.0809369E+06   1.4956333E+00   3.8294701E-01   8.0730667E+04   3.0693150E+06   3.0809369E+06   0.0000000E+00   0.0000000E+00   0.0000000E+00   0.0000000E+00   0.0000000E+00
   9.3124289E-02   2.9397145E+06   2.9397145E+06   2.6883436E+00   3.4107325E-01   7.2611142E+04   2.9286114E+06   2.9397145E+06   0.0000000E+00   0.0000000E+00   0.0000000E+00   0.0000000E+00   0.0000000E+00
   9.6465679E-02   2.8049370E+06   2.8049370E+06   1.7347979E+00   3.0402476E-01   6.5401430E+04   2.7943306E+06   2.8049370E+06   0.0000000E+00   0.0000000E+00   0.0000000E+00   0.0000000E+00   0.0000000E+00
   9.9884384E-02   2.6784468E+06   2.6784468E+06   1.3441029E+00   2.7139977E-01   5.8911025E+04   2.6683076E+06   2.6784468E+06   0.0000000E+00   0.0000000E+00   0.0000000E+00   0.0000000E+00   0.0000000E+00
   1.0338728E-01   2.5617582E+06   2.5617582E+06   1.0951439E+00   2.4278386E-01   5.3178988E+04   2.5520507E+06   2.5617582E+06   0.0000000E+00   0.0000000E+00   0.0000000E+00   0.0000000E+00   0.0000000E+00
   1.0698098E-01   2.4558189E+06   2.4558189E+06   9.6825233E-01   2.1777465E-01   4.8135810E+04   2.4465039E+06   2.4558189E+06   0.0000000E+00   0.0000000E+00   0.0000000E+00   0.0000000E+00   0.0000000E+00
   1.1067186E-01   2.3608162E+06   2.3608162E+06   1.1734976E+00   1.9594130E-01   4.3697135E+04   2.3518535E+06   2.3608162E+06   0.0000000E+00   0.0000000E+00   0.0000000E+00   0.0000000E+00   0.0000000E+00
   1.1446619E-01   2.2760593E+06   2.2760593E+06   1.2756794E+00   1.7684751E-01   3.9737816E+04   2.2674109E+06   2.2760593E+06   0.0000000E+00   0.0000000E+00   0.0000000E+00   0.0000000E+00   0.0000000E+00
   1.1837012E-01   2.1999703E+06   2.1999703E+06   7.2219219E-01   1.6005393E-01   3.6262459E+04   2.1916043E+06   2.1999703E+06   0.0000000E+00   0.0000000E+00   0.0000000E+00   0.0000000E+00   0.0000000E+00
   1.2238975E-01   2.1302082E+06   2.1302082E+06   9.9966379E-01   1.4513760E-01   3.3162788E+04   2.1221013E+06   2.1302082E+06   0.0000000E+00   0.0000000E+00   0.0000000E+00   0.0000000E+00   0.0000000E+00
   1.2653115E-01   2.0639320E+06   2.0639320E+06   6.7088668E-01   1.3171398E-01   3.0345964E+04   2.0560717E+06   2.0639320E+06   0.0000000E+00   0.0000000E+00   0.0000000E+00   0.0000000E+00   0.0000000E+00
   1.3080036E-01   1.9981896E+06   1.9981896E+06   5.4391333E-01   1.1946294E-01   2.7729018E+04   1.9905745E+06   1.9981896E+06   0.0000000E+00   0.0000000E+00   0.0000000E+00   0.0000000E+00   0.0000000E+00
   1.3520343E-01   1.9303848E+06   1.9303848E+06   6.2512238E-01   1.0813800E-01   2.5280693E+04   1.9230233E+06   1.9303848E+06   0.0000000E+00   0.0000000E+00   0.0000000E+00   0.0000000E+00   0.0000000E+00
   1.3974644E-01   1.8587492E+06   1.8587492E+06   5.4274465E-01   9.7583014E-02   2.2946115E+04   1.8516566E+06   1.8587492E+06   0.0000000E+00   0.0000000E+00   0.0000000E+00   0.0000000E+00   0.0000000E+00
   1.4443546E-01   1.7827213E+06   1.7827213E+06   5.4282070E-01   8.7725036E-02   2.0779575E+04   1.7759149E+06   1.7827213E+06   0.0000000E+00   0.0000000E+00   0.0000000E+00   0.0000000E+00   0.0000000E+00
   1.4927663E-01   1.7031287E+06   1.7031287E+06   3.4466065E-01   7.8564867E-02   1.8722577E+04   1.6966226E+06   1.7031287E+06   0.0000000E+00   0.0000000E+00   0.0000000E+00   0.0000000E+00   0.0000000E+00
   1.5427610E-01   1.6220899E+06   1.6220899E+06   2.9216421E-01   7.0149388E-02   1.6809969E+04   1.6158902E+06   1.6220899E+06   0.0000000E+00   0.0000000E+00   0.0000000E+00   0.0000000E+00   0.0000000E+00
   1.5944009E-01   1.5426024E+06   1.5426024E+06   3.1459319E-01   6.2540754E-02   1.5076095E+04   1.5367036E+06   1.5426024E+06   0.0000000E+00   0.0000000E+00   0.0000000E+00   0.0000000E+00   0.0000000E+00
   1.6477485E-01   1.4678597E+06   1.4678597E+06   3.5094259E-01   5.5784508E-02   1.3506922E+04   1.4622441E+06   1.4678597E+06   0.0000000E+00   0.0000000E+00   0.0000000E+00   0.0000000E+00   0.0000000E+00
   1.7028673E-01   1.4004316E+06   1.4004316E+06   2.6321905E-01   4.9881642E-02   1.2152901E+04   1.3950717E+06   1.4004316E+06   0.0000000E+00   0.0000000E+00   0.0000000E+00   0.0000000E+00   0.0000000E+00
   1.7598210E-01   1.3415195E+06   1.3415195E+06   2.1894352E-01   4.4775303E-02   1.0962722E+04   1.3363829E+06   1.3415195E+06   0.0000000E+00   0.0000000E+00   0.0000000E+00   0.0000000E+00   0.0000000E+00
   1.8186747E-01   1.2905265E+06   1.2905265E+06   2.3627452E-01   4.0354897E-02   9.9268436E+03   1.2855832E+06   1.2905265E+06   0.0000000E+00   0.0000000E+00   0.0000000E+00   0.0000000E+00   0.0000000E+00
   1.8794943E-01   1.2451393E+06   1.2451393E+06   1.5550478E-01   3.6474047E-02   9.0170016E+03   1.2403681E+06   1.2451393E+06   0.0000000E+00   0.0000000E+00   0.0000000E+00   0.0000000E+00   0.0000000E+00
   1.9423468E-01   1.2019821E+06   1.2019821E+06   1.6138719E-01   3.2983086E-02   8.1848401E+03   1.1973746E+06   1.2019821E+06   0.0000000E+00   0.0000000E+00   0.0000000E+00   0.0000000E+00   0.0000000E+00
   2.0073009E-01   1.1577017E+06   1.1577017E+06   1.4096868E-01   2.9761110E-02   7.4179355E+03   1.1532625E+06   1.1577017E+06   0.0000000E+00   0.0000000E+00   0.0000000E+00   0.0000000E+00   0.0000000E+00
   2.0744272E-01   1.1101445E+06   1.1101445E+06   1.2602758E-01   2.6738982E-02   6.6946101E+03   1.1058863E+06   1.1101445E+06   0.0000000E+00   0.0000000E+00   0.0000000E+00   0.0000000E+00   0.0000000E+00
   2.1437983E-01   1.0591688E+06   1.0591688E+06   1.3021176E-01   2.3905411E-02   6.0007135E+03   1.0551050E+06   1.0591688E+06   0.0000000E+00   0.0000000E+00   0.0000000E+00   0.0000000E+00   0.0000000E+00
   2.2154894E-01   1.0067018E+06   1.0067018E+06   1.0474205E-01   2.1292236E-02   5.3607834E+03   1.0028382E+06   1.0067018E+06   0.0000000E+00   0.0000000E+00   0.0000000E+00   0.0000000E+00   0.0000000E+00
   2.2895792E-01   9.5591417E+05   9.5591417E+05   9.9417568E-02   1.8945545E-02   4.7875865E+03   9.5224451E+05   9.5591417E+05   0.0000000E+00   0.0000000E+00   0.0000000E+00   0.0000000E+00   0.0000000E+00
   2.3661497E-01   9.0978457E+05   9.0978457E+05   7.3969342E-02   1.6893867E-02   4.2760241E+03   9.0629112E+05   9.0978457E+05   0.0000000E+00   0.0000000E+00   0.0000000E+00   0.0000000E+00   0.0000000E+00
   2.4452878E-01   8.6968416E+05   8.6968416E+05   7.1825087E-02   1.5127482E-02   3.8374982E+03   8.6634390E+05   8.6968416E+05   0.0000000E+00   0.0000000E+00   0.0000000E+00   0.0000000E+00   0.0000000E+00
   2.5270856E-01   8.3470966E+05   8.3470966E+05   6.6538000E-02   1.3598365E-02   3.4586701E+03   8.3150302E+05   8.3470966E+05   0.0000000E+00   0.0000000E+00   0.0000000E+00   0.0000000E+00   0.0000000E+00
   2.6116412E-01   8.0219859E+05   8.0219859E+05   5.9181933E-02   1.2239306E-02   3.1177318E+03   7.9911620E+05   8.0219859E+05   0.0000000E+00   0.0000000E+00   0.0000000E+00   0.0000000E+00   0.0000000E+00
   2.6990604E-01   7.6923763E+05   7.6923763E+05   6.2256092E-02   1.0992107E-02   2.8029111E+03   7.6628130E+05   7.6923763E+05   0.0000000E+00   0.0000000E+00   0.0000000E+00   0.0000000E+00   0.0000000E+00
   2.7894576E-01   7.3433889E+05   7.3433889E+05   4.5938859E-02   9.8287735E-03   2.5076359E+03   7.3151615E+05   7.3433889E+05   0.0000000E+00   0.0000000E+00   0.0000000E+00   0.0000000E+00   0.0000000E+00
   2.8829570E-01   6.9823881E+05   6.9823881E+05   4.0938122E-02   8.7539638E-03   2.2334196E+03   6.9555437E+05   6.9823881E+05   0.0000000E+00   0.0000000E+00   0.0000000E+00   0.0000000E+00   0.0000000E+00
   2.9796949E-01   6.6323751E+05   6.6323751E+05   4.1130264E-02   7.7878143E-03   1.9867785E+03   6.6068721E+05   6.6323751E+05   0.0000000E+00   0.0000000E+00   0.0000000E+00   0.0000000E+00   0.0000000E+00
   3.0798212E-01   6.3146838E+05   6.3146838E+05   3.7146519E-02   6.9431647E-03   1.7698761E+03   6.2903986E+05   6.3146838E+05   0.0000000E+00   0.0000000E+00   0.0000000E+00   0.0000000E+00   0.0000000E+00
   3.1835018E-01   6.0333179E+05   6.0333179E+05   2.9218256E-02   6.2101628E-03   1.5816727E+03   6.0101113E+05   6.0333179E+05   0.0000000E+00   0.0000000E+00   0.0000000E+00   0.0000000E+00   0.0000000E+00
   3.2909216E-01   5.7731584E+05   5.7731584E+05   2.6661016E-02   5.5618206E-03   1.4143718E+03   5.7509493E+05   5.7731584E+05   0.0000000E+00   0.0000000E+00   0.0000000E+00   0.0000000E+00   0.0000000E+00
   3.4022873E-01   5.5138015E+05   5.5138015E+05   2.5404995E-02   4.9711063E-03   1.2617875E+03   5.4925874E+05   5.5138015E+05   0.0000000E+00   0.0000000E+00   0.0000000E+00   0.0000000E+00   0.0000000E+00
   3.5178316E-01   5.2472019E+05   5.2472019E+05   2.2504900E-02   4.4265737E-03   1.1200181E+03   5.2270110E+05   5.2472019E+05   0.0000000E+00   0.0000000E+00   0.0000000E+00   0.0000000E+00   0.0000000E+00
   3.6378179E-01   4.9829623E+05   4.9829623E+05   2.0298976E-02   3.9323321E-03   9.9141352E+02   4.9637859E+05   4.9829623E+05   0.0000000E+00   0.0000000E+00   0.0000000E+00   0.0000000E+00   0.0000000E+00
   3.7625459E-01   4.7362426E+05   4.7362426E+05   1.7618633E-02   3.4949159E-03   8.7753241E+02   4.7180137E+05   4.7362426E+05   0.0000000E+00   0.0000000E+00   0.0000000E+00   0.0000000E+00   0.0000000E+00
   3.8923587E-01   4.5110152E+05   4.5110152E+05   1.4885270E-02   3.1109452E-03   7.7797249E+02   4.4936512E+05   4.5110152E+05   0.0000000E+00   0.0000000E+00   0.0000000E+00   0.0000000E+00   0.0000000E+00
   4.0276515E-01   4.2970211E+05   4.2970211E+05   1.3466507E-02   2.7680569E-03   6.8775521E+02   4.2804792E+05   4.2970211E+05   0.0000000E+00   0.0000000E+00   0.0000000E+00   0.0000000E+00   0.0000000E+00
   4.1688831E-01   4.0834232E+05   4.0834232E+05   1.2269333E-02   2.4558354E-03   6.0637316E+02   4.0677020E+05   4.0834232E+05   0.0000000E+00   0.0000000E+00   0.0000000E+00   0.0000000E+00   0.0000000E+00
   4.3165894E-01   3.8715713E+05   3.8715713E+05   1.0694665E-02   2.1722858E-03   5.3250867E+02   3.8566645E+05   3.8715713E+05   0.0000000E+00   0.0000000E+00   0.0000000E+00   0.0000000E+00   0.0000000E+00
   4.4714022E-01   3.6702382E+05   3.6702382E+05   9.4905592E-03   1.9195974E-03   4.6620294E+02   3.6561054E+05   3.6702382E+05   0.0000000E+00   0.0000000E+00   0.0000000E+00   0.0000000E+00   0.0000000E+00
   4.6340723E-01   3.4812223E+05   3.4812223E+05   8.4237852E-03   1.6954202E-03   4.0788266E+02   3.4678162E+05   3.4812223E+05   0.0000000E+00   0.0000000E+00   0.0000000E+00   0.0000000E+00   0.0000000E+00
   4.8055014E-01   3.2975658E+05   3.2975658E+05   7.4155330E-03   1.4936586E-03   3.5520457E+02   3.2848660E+05   3.2975658E+05   0.0000000E+00   0.0000000E+00   0.0000000E+00   0.0000000E+00   0.0000000E+00
   4.9867841E-01   3.1159616E+05   3.1159616E+05   6.4374634E-03   1.3109232E-03   3.0762585E+02   3.1039603E+05   3.1159616E+05   0.0000000E+00   0.0000000E+00   0.0000000E+00   0.0000000E+00   0.0000000E+00
   5.1792653E-01   2.9405251E+05   2.9405251E+05   5.6382342E-03   1.1470642E-03   2.6503995E+02   2.9291987E+05   2.9405251E+05   0.0000000E+00   0.0000000E+00   0.0000000E+00   0.0000000E+00   0.0000000E+00
   5.3846201E-01   2.7722059E+05   2.7722059E+05   4.8849684E-03   1.0006250E-03   2.2708604E+02   2.7615272E+05   2.7722059E+05   0.0000000E+00   0.0000000E+00   0.0000000E+00   0.0000000E+00   0.0000000E+00
   5.6049662E-01   2.6069009E+05   2.6069009E+05   4.2228248E-03   8.6856176E-04   1.9311268E+02   2.5968583E+05   2.6069009E+05   0.0000000E+00   0.0000000E+00   0.0000000E+00   0.0000000E+00   0.0000000E+00
   5.8430264E-01   2.4445326E+05   2.4445326E+05   3.6540448E-03   7.4956837E-04   1.6266317E+02   2.4351149E+05   2.4445326E+05   0.0000000E+00   0.0000000E+00   0.0000000E+00   0.0000000E+00   0.0000000E+00
   6.1023668E-01   2.2861698E+05   2.2861698E+05   3.1305647E-03   6.4277826E-04   1.3543949E+02   2.2773617E+05   2.2861698E+05   0.0000000E+00   0.0000000E+00   0.0000000E+00   0.0000000E+00   0.0000000E+00
   6.3877539E-01   2.1294024E+05   2.1294024E+05   2.6582428E-03   5.4647420E-04   1.1104684E+02   2.1211978E+05   2.1294024E+05   0.0000000E+00   0.0000000E+00   0.0000000E+00   0.0000000E+00   0.0000000E+00
   6.7056981E-01   1.9739822E+05   1.9739822E+05   2.2278030E-03   4.5974658E-04   8.9466348E+01   1.9663760E+05   1.9739822E+05   0.0000000E+00   0.0000000E+00   0.0000000E+00   0.0000000E+00   0.0000000E+00
   7.0652921E-01   1.8188632E+05   1.8188632E+05   1.8468152E-03   3.8164531E-04   7.0206453E+01   1.8118543E+05   1.8188632E+05   0.0000000E+00   0.0000000E+00   0.0000000E+00   0.0000000E+00   0.0000000E+00
   7.4794923E-01   1.6628052E+05   1.6628052E+05   1.5043358E-03   3.1136771E-04   5.3227612E+01   1.6563973E+05   1.6628052E+05   0.0000000E+00   0.0000000E+00   0.0000000E+00   0.0000000E+00   0.0000000E+00
   7.9669905E-01   1.5046689E+05   1.5046689E+05   1.1770092E-03   2.4836254E-04   3.8354729E+01   1.4988701E+05   1.5046689E+05   0.0000000E+00   0.0000000E+00   0.0000000E+00   0.0000000E+00   0.0000000E+00
   8.5545305E-01   1.3435801E+05   1.3435801E+05   9.3071623E-04   1.9238105E-04   2.5566017E+01   1.3384019E+05   1.3435801E+05   0.0000000E+00   0.0000000E+00   0.0000000E+00   0.0000000E+00   0.0000000E+00
   9.2782490E-01   1.1797532E+05   1.1797532E+05   6.9076010E-04   1.4361854E-04   1.4905765E+01   1.1752061E+05   1.1797532E+05   0.0000000E+00   0.0000000E+00   0.0000000E+00   0.0000000E+00   0.0000000E+00
   1.0179439E+00   1.0160470E+05   1.0160470E+05   4.9320013E-04   1.0277201E-04   6.5663279E+00   1.0121307E+05   1.0160470E+05   0.0000000E+00   0.0000000E+00   0.0000000E+00   0.0000000E+00   0.0000000E+00
   1.1288915E+00   8.5900472E+04   8.5900472E+04   3.3811938E-04   7.0657318E-05   6.4396409E-01   8.5569357E+04   8.5900472E+04   0.0000000E+00   0.0000000E+00   0.0000000E+00   0.0000000E+00   0.0000000E+00
   1.2610590E+00   7.1678469E+04   7.1678469E+04   2.2641476E-04   4.7254426E-05   -3.0342233E+00   7.1402164E+04   7.1678469E+04   0.0000000E+00   0.0000000E+00   0.0000000E+00   0.0000000E+00   0.0000000E+00
   1.4132738E+00   5.9414922E+04   5.9414922E+04   1.4898048E-04   3.1190224E-05   -4.9589357E+00   5.9185883E+04   5.9414922E+04   0.0000000E+00   0.0000000E+00   0.0000000E+00   0.0000000E+00   0.0000000E+00
   1.5853701E+00   4.9108381E+04   4.9108381E+04   9.7989775E-05   2.0489039E-05   -5.7351639E+00   4.8919067E+04   4.9108381E+04   0.0000000E+00   0.0000000E+00   0.0000000E+00   0.0000000E+00   0.0000000E+00
   1.7787626E+00   4.0526042E+04   4.0526042E+04   6.3978988E-05   1.3433087E-05   -5.8109105E+00   4.0369810E+04   4.0526042E+04   0.0000000E+00   0.0000000E+00   0.0000000E+00   0.0000000E+00   0.0000000E+00
   1.9957991E+00   3.3402405E+04   3.3402405E+04   4.1825477E-05   8.7957900E-06   -5.4997979E+00   3.3273633E+04   3.3402405E+04   0.0000000E+00   0.0000000E+00   0.0000000E+00   0.0000000E+00   0.0000000E+00
   2.2393231E+00   2.7499841E+04   2.7499841E+04   2.7323291E-05   5.7529395E-06   -4.9969489E+00   2.7393822E+04   2.7499841E+04   0.0000000E+00   0.0000000E+00   0.0000000E+00   0.0000000E+00   0.0000000E+00
   2.5125618E+00   2.2616090E+04   2.2616090E+04   1.7895885E-05   3.7587640E-06   -4.4154572E+00   2.2528899E+04   2.2616090E+04   0.0000000E+00   0.0000000E+00   0.0000000E+00   0.0000000E+00   0.0000000E+00
   2.8191407E+00   1.8580728E+04   1.8580728E+04   1.1646763E-05   2.4534208E-06   -3.8283217E+00   1.8509093E+04   1.8580728E+04   0.0000000E+00   0.0000000E+00   0.0000000E+00   0.0000000E+00   0.0000000E+00
   3.1631279E+00   1.5250618E+04   1.5250618E+04   7.6013994E-06   1.5999059E-06   -3.2736478E+00   1.5191822E+04   1.5250618E+04   0.0000000E+00   0.0000000E+00   0.0000000E+00   0.0000000E+00   0.0000000E+00
   3.5490879E+00   1.2505809E+04   1.2505809E+04   4.9163335E-06   1.0424130E-06   -2.7705276E+00   1.2457594E+04   1.2505809E+04   0.0000000E+00   0.0000000E+00   0.0000000E+00   0.0000000E+00   0.0000000E+00
   3.9821421E+00   1.0246007E+04   1.0246007E+04   3.2096007E-06   6.7862686E-07   -2.3258486E+00   1.0206505E+04   1.0246007E+04   0.0000000E+00   0.0000000E+00   0.0000000E+00   0.0000000E+00   0.0000000E+00
   4.4680369E+00   8.3875239E+03   8.3875239E+03   2.0904592E-06   4.4146503E-07   -1.9406022E+00   8.3551868E+03   8.3875239E+03   0.0000000E+00   0.0000000E+00   0.0000000E+00   0.0000000E+00   0.0000000E+00
   5.0132199E+00   6.8606591E+03   6.8606591E+03   1.3602542E-06   2.8698465E-07   -1.6110564E+00   6.8342086E+03   6.8606591E+03   0.0000000E+00   0.0000000E+00   0.0000000E+00   0.0000000E+00   0.0000000E+00
   5.6249252E+00   5.6074638E+03   5.6074638E+03   8.8138233E-07   1.8644437E-07   -1.3322380E+00   5.5858448E+03   5.6074638E+03   0.0000000E+00   0.0000000E+00   0.0000000E+00   0.0000000E+00   0.0000000E+00
   6.3112699E+00   4.5798407E+03   4.5798407E+03   5.7222213E-07   1.2105886E-07   -1.0981720E+00   4.5621835E+03   4.5798407E+03   0.0000000E+00   0.0000000E+00   0.0000000E+00   0.0000000E+00   0.0000000E+00
   7.0813613E+00   3.7379310E+03   3.7379310E+03   3.6975414E-07   7.8565803E-08   -9.0284866E-01   3.7235197E+03   3.7379310E+03   0.0000000E+00   0.0000000E+00   0.0000000E+00   0.0000000E+00   0.0000000E+00
   7.9454181E+00   3.0487520E+03   3.0487520E+03   2.3995029E-07   5.0968012E-08   -7.4062074E-01   3.0369978E+03   3.0487520E+03   0.0000000E+00   0.0000000E+00   0.0000000E+00   0.0000000E+00   0.0000000E+00
   8.9149057E+00   2.4850489E+03   2.4850489E+03   1.5615410E-07   3.3054438E-08   -6.0641561E-01   2.4754680E+03   2.4850489E+03   0.0000000E+00   0.0000000E+00   0.0000000E+00   0.0000000E+00   0.0000000E+00
