#           k/h    CDM            baryon         photon         nu             mass_nu        total          no_nu          total_de       Weyl           v_CDM          v_b            v_b-v_c     
   1.1057517E-05   3.2381675E+06   3.2381675E+06   4.3171948E+06   9.3854119E+03   7.2302449E+04   3.2383466E+06   3.2381675E+06   0.0000000E+00   0.0000000E+00   0.0000000E+00   0.0000000E+00   0.0000000E+00
   1.2406739E-05   3.2381668E+06   3.2381668E+06   4.3171002E+06   9.3852855E+03   7.2301408E+04   3.2383458E+06   3.2381668E+06   0.0000000E+00   0.0000000E+00   0.0000000E+00   0.0000000E+00   0.0000000E+00
   1.3920590E-05   3.2381658E+06   3.2381658E+06   4.3169810E+06   9.3851263E+03   7.2300098E+04   3.2383448E+06   3.2381658E+06   0.0000000E+00   0.0000000E+00   0.0000000E+00   0.0000000E+00   0.0000000E+00
   1.5619158E-05   3.2381647E+06   3.2381647E+06   4.3168310E+06   9.3849258E+03   7.2298449E+04   3.2383435E+06   3.2381647E+06   0.0000000E+00   0.0000000E+00   0.0000000E+00   0.0000000E+00   0.0000000E+00
   1.7524984E-05   3.2381633E+06   3.2381633E+06   4.3166422E+06   9.3846735E+03   7.2296374E+04   3.2383420E+06   3.2381633E+06   0.0000000E+00   0.0000000E+00   0.0000000E+00   0.0000000E+00   0.0000000E+00
   1.9663355E-05   3.2381614E+06   3.2381614E+06   4.3164045E+06   9.3843558E+03   7.2293761E+04   3.2383400E+06   3.2381614E+06   0.0000000E+00   0.0000000E+00   0.0000000E+00   0.0000000E+00   0.0000000E+00
   2.2062648E-05   3.2381592E+06   3.2381592E+06   4.3161053E+06   9.3839560E+03   7.2290472E+04   3.2383375E+06   3.2381592E+06   0.0000000E+00   0.0000000E+00   0.0000000E+00   0.0000000E+00   0.0000000E+00
   2.4754698E-05   3.2381563E+06   3.2381563E+06   4.3157286E+06   9.3834526E+03   7.2286331E+04   3.2383343E+06   3.2381563E+06   0.0000000E+00   0.0000000E+00   0.0000000E+00   0.0000000E+00   0.0000000E+00
   2.7775228E-05   3.2381527E+06   3.2381527E+06   4.3152544E+06   9.3828189E+03   7.2281120E+04   3.2383303E+06   3.2381527E+06   0.0000000E+00   0.0000000E+00   0.0000000E+00   0.0000000E+00   0.0000000E+00
   3.1164318E-05   3.2381481E+06   3.2381481E+06   4.3146575E+06   9.3820211E+03   7.2274560E+04   3.2383253E+06   3.2381481E+06   0.0000000E+00   0.0000000E+00   0.0000000E+00   0.0000000E+00   0.0000000E+00
   3.4966940E-05   3.2381423E+06   3.2381423E+06   4.3139062E+06   9.3810170E+03   7.2266305E+04   3.2383190E+06   3.2381423E+06   0.0000000E+00   0.0000000E+00   0.0000000E+00   0.0000000E+00   0.0000000E+00
   3.9233552E-05   3.2381351E+06   3.2381351E+06   4.3129606E+06   9.3797530E+03   7.2255915E+04   3.2383111E+06   3.2381351E+06   0.0000000E+00   0.0000000E+00   0.0000000E+00   0.0000000E+00   0.0000000E+00
   4.4020769E-05   3.2381260E+06   3.2381260E+06   4.3117703E+06   9.3781620E+03   7.2242840E+04   3.2383011E+06   3.2381260E+06   0.0000000E+00   0.0000000E+00   0.0000000E+00   0.0000000E+00   0.0000000E+00
   4.9392116E-05   3.2381146E+06   3.2381146E+06   4.3102723E+06   9.3761595E+03   7.2226389E+04   3.2382886E+06   3.2381146E+06   0.0000000E+00   0.0000000E+00   0.0000000E+00   0.0000000E+00   0.0000000E+00
   5.5418865E-05   3.2381001E+06   3.2381001E+06   4.3083871E+06   9.3736392E+03   7.2205691E+04   3.2382727E+06   3.2381001E+06   0.0000000E+00   0.0000000E+00   0.0000000E+00   0.0000000E+00   0.0000000E+00
   6.2180990E-05   3.2380820E+06   3.2380820E+06   4.3060150E+06   9.3704674E+03   7.2179655E+04   3.2382528E+06   3.2380820E+06   0.0000000E+00   0.0000000E+00   0.0000000E+00   0.0000000E+00   0.0000000E+00
   6.9768218E-05   3.2380591E+06   3.2380591E+06   4.3030303E+06   9.3664760E+03   7.2146913E+04   3.2382278E+06   3.2380591E+06   0.0000000E+00   0.0000000E+00   0.0000000E+00   0.0000000E+00   0.0000000E+00
   7.8281228E-05   3.2380304E+06   3.2380304E+06   4.2992756E+06   9.3614538E+03   7.2105746E+04   3.2381962E+06   3.2380304E+06   0.0000000E+00   0.0000000E+00   0.0000000E+00   0.0000000E+00   0.0000000E+00
   8.7832982E-05   3.2379942E+06   3.2379942E+06   4.2945531E+06   9.3551356E+03   7.2054006E+04   3.2381565E+06   3.2379942E+06   0.0000000E+00   0.0000000E+00   0.0000000E+00   0.0000000E+00   0.0000000E+00
   9.8550227E-05   3.2379486E+06   3.2379486E+06   4.2886148E+06   9.3471881E+03   7.1989003E+04   3.2381066E+06   3.2379486E+06   0.0000000E+00   0.0000000E+00   0.0000000E+00   0.0000000E+00   0.0000000E+00
   1.1057517E-04   3.2378913E+06   3.2378913E+06   4.2811498E+06   9.3371936E+03   7.1907383E+04   3.2380437E+06   3.2378913E+06   0.0000000E+00   0.0000000E+00   0.0000000E+00   0.0000000E+00   0.0000000E+00
   1.2406739E-04   3.2378191E+06   3.2378191E+06   4.2717694E+06   9.3246282E+03   7.1804967E+04   3.2379646E+06   3.2378191E+06   0.0000000E+00   0.0000000E+00   0.0000000E+00   0.0000000E+00   0.0000000E+00
   1.3920590E-04   3.2377283E+06   3.2377283E+06   4.2599877E+06   9.3088363E+03   7.1676566E+04   3.2378650E+06   3.2377283E+06   0.0000000E+00   0.0000000E+00   0.0000000E+00   0.0000000E+00   0.0000000E+00
   1.5619158E-04   3.2376141E+06   3.2376141E+06   4.2451989E+06   9.2889978E+03   7.1515762E+04   3.2377398E+06   3.2376141E+06   0.0000000E+00   0.0000000E+00   0.0000000E+00   0.0000000E+00   0.0000000E+00
   1.7524984E-04   3.2374705E+06   3.2374705E+06   4.2266497E+06   9.2640899E+03   7.1314649E+04   3.2375822E+06   3.2374705E+06   0.0000000E+00   0.0000000E+00   0.0000000E+00   0.0000000E+00   0.0000000E+00
   1.9663355E-04   3.2372898E+06   3.2372898E+06   4.2034062E+06   9.2328389E+03   7.1063558E+04   3.2373842E+06   3.2372898E+06   0.0000000E+00   0.0000000E+00   0.0000000E+00   0.0000000E+00   0.0000000E+00
   2.2062648E-04   3.2370627E+06   3.2370627E+06   4.1743156E+06   9.1936640E+03   7.0750748E+04   3.2371352E+06   3.2370627E+06   0.0000000E+00   0.0000000E+00   0.0000000E+00   0.0000000E+00   0.0000000E+00
   2.4754698E-04   3.2367772E+06   3.2367772E+06   4.1379627E+06   9.1446102E+03   7.0362118E+04   3.2368223E+06   3.2367772E+06   0.0000000E+00   0.0000000E+00   0.0000000E+00   0.0000000E+00   0.0000000E+00
   2.7775228E-04   3.2364186E+06   3.2364186E+06   4.0926217E+06   9.0832722E+03   6.9880969E+04   3.2364294E+06   3.2364186E+06   0.0000000E+00   0.0000000E+00   0.0000000E+00   0.0000000E+00   0.0000000E+00
   3.1164318E-04   3.2359684E+06   3.2359684E+06   4.0362077E+06   9.0067084E+03   6.9287903E+04   3.2359361E+06   3.2359684E+06   0.0000000E+00   0.0000000E+00   0.0000000E+00   0.0000000E+00   0.0000000E+00
   3.4966940E-04   3.2354035E+06   3.2354035E+06   3.9662316E+06   8.9113508E+03   6.8560984E+04   3.2353175E+06   3.2354035E+06   0.0000000E+00   0.0000000E+00   0.0000000E+00   0.0000000E+00   0.0000000E+00
   3.9233552E-04   3.2346953E+06   3.2346953E+06   3.8797689E+06   8.7929173E+03   6.7676363E+04   3.2345422E+06   3.2346953E+06   0.0000000E+00   0.0000000E+00   0.0000000E+00   0.0000000E+00   0.0000000E+00
   4.4020769E-04   3.2338086E+06   3.2338086E+06   3.7734586E+06   8.6463406E+03   6.6609655E+04   3.2335718E+06   3.2338086E+06   0.0000000E+00   0.0000000E+00   0.0000000E+00   0.0000000E+00   0.0000000E+00
   4.9392116E-04   3.2326996E+06   3.2326996E+06   3.6435546E+06   8.4657369E+03   6.5338456E+04   3.2323591E+06   3.2326996E+06   0.0000000E+00   0.0000000E+00   0.0000000E+00   0.0000000E+00   0.0000000E+00
   5.5418865E-04   3.2313151E+06   3.2313151E+06   3.4860685E+06   8.2444507E+03   6.3846495E+04   3.2308461E+06   3.2313151E+06   0.0000000E+00   0.0000000E+00   0.0000000E+00   0.0000000E+00   0.0000000E+00
   6.2180990E-04   3.2295900E+06   3.2295900E+06   3.2970502E+06   7.9752292E+03   6.2129922E+04   3.2289628E+06   3.2295900E+06   0.0000000E+00   0.0000000E+00   0.0000000E+00   0.0000000E+00   0.0000000E+00
   6.9768218E-04   3.2274460E+06   3.2274460E+06   3.0730718E+06   7.6506036E+03   6.0206065E+04   3.2266251E+06   3.2274460E+06   0.0000000E+00   0.0000000E+00   0.0000000E+00   0.0000000E+00   0.0000000E+00
   7.8281228E-04   3.2247896E+06   3.2247896E+06   2.8119809E+06   7.2635714E+03   5.8124334E+04   3.2237330E+06   3.2247896E+06   0.0000000E+00   0.0000000E+00   0.0000000E+00   0.0000000E+00   0.0000000E+00
   8.7832982E-04   3.2215105E+06   3.2215105E+06   2.5139756E+06   6.8086886E+03   5.5977541E+04   3.2201699E+06   3.2215105E+06   0.0000000E+00   0.0000000E+00   0.0000000E+00   0.0000000E+00   0.0000000E+00
   9.8550227E-04   3.2174807E+06   3.2174807E+06   2.1829899E+06   6.2836593E+03   5.3909150E+04   3.2158015E+06   3.2174807E+06   0.0000000E+00   0.0000000E+00   0.0000000E+00   0.0000000E+00   0.0000000E+00
   1.1057517E-03   3.2125541E+06   3.2125541E+06   1.8282316E+06   5.6914253E+03   5.2107801E+04   3.2104770E+06   3.2125541E+06   0.0000000E+00   0.0000000E+00   0.0000000E+00   0.0000000E+00   0.0000000E+00
   1.2406739E-03   3.2065677E+06   3.2065677E+06   1.4654451E+06   5.0425587E+03   5.0775459E+04   3.2040314E+06   3.2065677E+06   0.0000000E+00   0.0000000E+00   0.0000000E+00   0.0000000E+00   0.0000000E+00
   1.3920590E-03   3.1993430E+06   3.1993430E+06   1.1170829E+06   4.3573931E+03   5.0053447E+04   3.1962881E+06   3.1993430E+06   0.0000000E+00   0.0000000E+00   0.0000000E+00   0.0000000E+00   0.0000000E+00
   1.5619158E-03   3.1906885E+06   3.1906885E+06   8.1016444E+05   3.6668028E+03   4.9899737E+04   3.1870643E+06   3.1906885E+06   0.0000000E+00   0.0000000E+00   0.0000000E+00   0.0000000E+00   0.0000000E+00
   1.7524984E-03   3.1804013E+06   3.1804013E+06   5.7056886E+05   3.0100158E+03   4.9945556E+04   3.1761730E+06   3.1804013E+06   0.0000000E+00   0.0000000E+00   0.0000000E+00   0.0000000E+00   0.0000000E+00
   1.9663355E-03   3.1682664E+06   3.1682664E+06   4.1356966E+05   2.4278322E+03   4.9430357E+04   3.1634234E+06   3.1682664E+06   0.0000000E+00   0.0000000E+00   0.0000000E+00   0.0000000E+00   0.0000000E+00
   2.2062648E-03   3.1540518E+06   3.1540518E+06   3.3342234E+05   1.9510239E+03   4.7396977E+04   3.1486133E+06   3.1540518E+06   0.0000000E+00   0.0000000E+00   0.0000000E+00   0.0000000E+00   0.0000000E+00
   2.4754698E-03   3.1375011E+06   3.1375011E+06   2.9944215E+05   1.5873620E+03   4.3304864E+04   3.1315159E+06   3.1375011E+06   0.0000000E+00   0.0000000E+00   0.0000000E+00   0.0000000E+00   0.0000000E+00
   2.7775228E-03   3.1183278E+06   3.1183278E+06   2.6833019E+05   1.3158115E+03   3.7866183E+04   3.1118654E+06   3.1183278E+06   0.0000000E+00   0.0000000E+00   0.0000000E+00   0.0000000E+00   0.0000000E+00
   3.1164318E-03   3.0962207E+06   3.0962207E+06   2.1386271E+05   1.0978233E+03   3.3176058E+04   3.0893530E+06   3.0962207E+06   0.0000000E+00   0.0000000E+00   0.0000000E+00   0.0000000E+00   0.0000000E+00
   3.4966940E-03   3.0708595E+06   3.0708595E+06   1.5091676E+05   9.0465968E+02   3.0960576E+04   3.0636410E+06   3.0708595E+06   0.0000000E+00   0.0000000E+00   0.0000000E+00   0.0000000E+00   0.0000000E+00
   3.9233552E-03   3.0419279E+06   3.0419279E+06   1.1491476E+05   7.3668250E+02   2.9922619E+04   3.0343866E+06   3.0419279E+06   0.0000000E+00   0.0000000E+00   0.0000000E+00   0.0000000E+00   0.0000000E+00
   4.4020769E-03   3.0090988E+06   3.0090988E+06   1.0457062E+05   6.0561984E+02   2.6911256E+04   3.0012474E+06   3.0090988E+06   0.0000000E+00   0.0000000E+00   0.0000000E+00   0.0000000E+00   0.0000000E+00
   4.9392116E-03   2.9720094E+06   2.9720094E+06   8.3044456E+04   5.0122649E+02   2.2862173E+04   2.9638683E+06   2.9720094E+06   0.0000000E+00   0.0000000E+00   0.0000000E+00   0.0000000E+00   0.0000000E+00
   5.5418865E-03   2.9302777E+06   2.9302777E+06   5.7263452E+04   4.0635254E+02   2.1218522E+04   2.9218870E+06   2.9302777E+06   0.0000000E+00   0.0000000E+00   0.0000000E+00   0.0000000E+00   0.0000000E+00
   6.2180990E-03   2.8835361E+06   2.8835361E+06   5.0923799E+04   3.2862343E+02   1.8926594E+04   2.8749493E+06   2.8835361E+06   0.0000000E+00   0.0000000E+00   0.0000000E+00   0.0000000E+00   0.0000000E+00
   6.9768218E-03   2.8314108E+06   2.8314108E+06   3.6116756E+04   2.6664929E+02   1.6118017E+04   2.8226814E+06   2.8314108E+06   0.0000000E+00   0.0000000E+00   0.0000000E+00   0.0000000E+00   0.0000000E+00
   7.8281228E-03   2.7735122E+06   2.7735122E+06   2.8874853E+04   2.1328599E+02   1.4879906E+04   2.7646827E+06   2.7735122E+06   0.0000000E+00   0.0000000E+00   0.0000000E+00   0.0000000E+00   0.0000000E+00
   8.7832982E-03   2.7094525E+06   2.7094525E+06   2.0736039E+04   1.7105331E+02   1.2397736E+04   2.7005701E+06   2.7094525E+06   0.0000000E+00   0.0000000E+00   0.0000000E+00   0.0000000E+00   0.0000000E+00
   9.8550227E-03   2.6388379E+06   2.6388379E+06   1.7596455E+04   1.3534194E+02   1.1139010E+04   2.6299714E+06   2.6388379E+06   0.0000000E+00   0.0000000E+00   0.0000000E+00   0.0000000E+00   0.0000000E+00
   1.1057517E-02   2.5612825E+06   2.5612825E+06   1.2099486E+04   1.0702531E+02   9.7384663E+03   2.5524781E+06   2.5612825E+06   0.0000000E+00   0.0000000E+00   0.0000000E+00   0.0000000E+00   0.0000000E+00
   1.2406739E-02   2.4764039E+06   2.4764039E+06   9.4357740E+03   8.4116104E+01   8.0420784E+03   2.4677231E+06   2.4764039E+06   0.0000000E+00   0.0000000E+00   0.0000000E+00   0.0000000E+00   0.0000000E+00
   1.3920590E-02   2.3838501E+06   2.3838501E+06   7.7084498E+03   6.5701827E+01   6.7150472E+03   2.3753463E+06   2.3838501E+06   0.0000000E+00   0.0000000E+00   0.0000000E+00   0.0000000E+00   0.0000000E+00
   1.5619158E-02   2.2833290E+06   2.2833290E+06   5.9201578E+03   5.0931173E+01   5.6574540E+03   2.2750614E+06   2.2833290E+06   0.0000000E+00   0.0000000E+00   0.0000000E+00   0.0000000E+00   0.0000000E+00
   1.7524984E-02   2.1746656E+06   2.1746656E+06   4.2992345E+03   3.9160342E+01   4.7639987E+03   2.1666872E+06   2.1746656E+06   0.0000000E+00   0.0000000E+00   0.0000000E+00   0.0000000E+00   0.0000000E+00
   1.9663355E-02   2.0578907E+06   2.0578907E+06   3.0776632E+03   2.9874232E+01   4.0816689E+03   2.0502549E+06   2.0578907E+06   0.0000000E+00   0.0000000E+00   0.0000000E+00   0.0000000E+00   0.0000000E+00
   2.2062646E-02   1.9333719E+06   1.9333719E+06   2.5034041E+03   2.2598431E+01   3.4453803E+03   1.9261284E+06   1.9333719E+06   0.0000000E+00   0.0000000E+00   0.0000000E+00   0.0000000E+00   0.0000000E+00
   2.4754659E-02   1.8019895E+06   1.8019895E+06   1.7585784E+03   1.6959314E+01   2.7681415E+03   1.7951821E+06   1.8019895E+06   0.0000000E+00   0.0000000E+00   0.0000000E+00   0.0000000E+00   0.0000000E+00
   2.7774687E-02   1.6653593E+06   1.6653593E+06   1.3537261E+03   1.2593179E+01   2.2945530E+03   1.6590237E+06   1.6653593E+06   0.0000000E+00   0.0000000E+00   0.0000000E+00   0.0000000E+00   0.0000000E+00
   3.1159156E-02   1.5261326E+06   1.5261326E+06   9.7392253E+02   9.2652907E+00   1.8912196E+03   1.5202921E+06   1.5261326E+06   0.0000000E+00   0.0000000E+00   0.0000000E+00   0.0000000E+00   0.0000000E+00
   3.4931563E-02   1.3885129E+06   1.3885129E+06   6.9473376E+02   6.7699006E+00   1.5558366E+03   1.3831727E+06   1.3885129E+06   0.0000000E+00   0.0000000E+00   0.0000000E+00   0.0000000E+00   0.0000000E+00
   3.9055602E-02   1.2589934E+06   1.2589934E+06   5.1734205E+02   4.9439954E+00   1.2814828E+03   1.2541313E+06   1.2589934E+06   0.0000000E+00   0.0000000E+00   0.0000000E+00   0.0000000E+00   0.0000000E+00
   4.3361287E-02   1.1458354E+06   1.1458354E+06   3.5952386E+02   3.6663656E+00   1.0693463E+03   1.1413960E+06   1.1458354E+06   0.0000000E+00   0.0000000E+00   0.0000000E+00   0.0000000E+00   0.0000000E+00
   4.7575301E-02   1.0546482E+06   1.0546482E+06   2.9061281E+02   2.8061737E+00   9.3743459E+02   1.0505520E+06   1.0546482E+06   0.0000000E+00   0.0000000E+00   0.0000000E+00   0.0000000E+00   0.0000000E+00
   5.1516927E-02   9.8419677E+05   9.8419677E+05   2.3509745E+02   2.2331043E+00   8.1287061E+02   9.8036716E+05   9.8419677E+05   0.0000000E+00   0.0000000E+00   0.0000000E+00   0.0000000E+00   0.0000000E+00
   5.5172153E-02   9.2918880E+05   9.2918880E+05   1.9081410E+02   1.8354571E+00   7.3138947E+02   9.2556815E+05   9.2918880E+05   0.0000000E+00   0.0000000E+00   0.0000000E+00   0.0000000E+00   0.0000000E+00
   5.8601498E-02   8.8453068E+05   8.8453068E+05   1.6168465E+02   1.5456700E+00   6.7476703E+02   8.8108025E+05   8.8453068E+05   0.0000000E+00   0.0000000E+00   0.0000000E+00   0.0000000E+00   0.0000000E+00
   6.1871216E-02   8.4655768E+05   8.4655768E+05   1.3960313E+02   1.3247675E+00   6.3184922E+02   8.4325239E+05   8.4655768E+05   0.0000000E+00   0.0000000E+00   0.0000000E+00   0.0000000E+00   0.0000000E+00
   6.5034736E-02   8.1280678E+05   8.1280678E+05   1.1847469E+02   1.1495421E+00   5.9714296E+02   8.0963084E+05   8.1280678E+05   0.0000000E+00   0.0000000E+00   0.0000000E+00   0.0000000E+00   0.0000000E+00
   6.8132367E-02   7.8163095E+05   7.8163095E+05   9.9202932E+01   1.0065272E+00   5.5738861E+02   7.7857481E+05   7.8163095E+05   0.0000000E+00   0.0000000E+00   0.0000000E+00   0.0000000E+00   0.0000000E+00
   7.1194469E-02   7.5193062E+05   7.5193062E+05   8.9417254E+01   8.8673588E-01   5.1672480E+02   7.4898892E+05   7.5193062E+05   0.0000000E+00   0.0000000E+00   0.0000000E+00   0.0000000E+00   0.0000000E+00
   7.4244365E-02   7.2299189E+05   7.2299189E+05   8.3596881E+01   7.8432613E-01   4.9243480E+02   7.2016197E+05   7.2299189E+05   0.0000000E+00   0.0000000E+00   0.0000000E+00   0.0000000E+00   0.0000000E+00
   7.7300465E-02   6.9439021E+05   6.9439021E+05   7.1047768E+01   6.9564106E-01   4.7287709E+02   6.9167101E+05   6.9439021E+05   0.0000000E+00   0.0000000E+00   0.0000000E+00   0.0000000E+00   0.0000000E+00
   8.0377720E-02   6.6592984E+05   6.6592984E+05   6.0014259E+01   6.1826549E-01   4.4028174E+02   6.6332103E+05   6.6592984E+05   0.0000000E+00   0.0000000E+00   0.0000000E+00   0.0000000E+00   0.0000000E+00
   8.3488622E-02   6.3760092E+05   6.3760092E+05   5.5830907E+01   5.5008187E-01   4.1023107E+02   6.3510216E+05   6.3760092E+05   0.0000000E+00   0.0000000E+00   0.0000000E+00   0.0000000E+00   0.0000000E+00
   8.6643890E-02   6.0954340E+05   6.0954340E+05   5.1553213E+01   4.8960963E-01   3.9072918E+02   6.0715377E+05   6.0954340E+05   0.0000000E+00   0.0000000E+00   0.0000000E+00   0.0000000E+00   0.0000000E+00
   8.9852952E-02   5.8201139E+05   5.8201139E+05   4.5026721E+01   4.3595668E-01   3.7222398E+02   5.7972898E+05   5.8201139E+05   0.0000000E+00   0.0000000E+00   0.0000000E+00   0.0000000E+00   0.0000000E+00
   9.3124289E-02   5.5533453E+05   5.5533453E+05   3.8980846E+01   3.8839203E-01   3.5115271E+02   5.5315610E+05   5.5533453E+05   0.0000000E+00   0.0000000E+00   0.0000000E+00   0.0000000E+00   0.0000000E+00
   9.6465679E-02   5.2987498E+05   5.2987498E+05   3.4437054E+01   3.4626285E-01   3.3042105E+02   5.2779587E+05   5.2987498E+05   0.0000000E+00   0.0000000E+00   0.0000000E+00   0.0000000E+00   0.0000000E+00
   9.9884384E-02   5.0598082E+05   5.0598082E+05   3.0888156E+01   3.0906986E-01   3.1128176E+02   5.0399497E+05   5.0598082E+05   0.0000000E+00   0.0000000E+00   0.0000000E+00   0.0000000E+00   0.0000000E+00
   1.0338728E-01   4.8393811E+05   4.8393811E+05   2.7858731E+01   2.7627525E-01   2.9434975E+02   4.8203833E+05   4.8393811E+05   0.0000000E+00   0.0000000E+00   0.0000000E+00   0.0000000E+00   0.0000000E+00
   1.0698098E-01   4.6392593E+05   4.6392593E+05   2.5080338E+01   2.4743135E-01   2.7883835E+02   4.6210432E+05   4.6392593E+05   0.0000000E+00   0.0000000E+00   0.0000000E+00   0.0000000E+00   0.0000000E+00
   1.1067186E-01   4.4597968E+05   4.4597968E+05   2.2307888E+01   2.2211365E-01   2.6492522E+02   4.4422818E+05   4.4597968E+05   0.0000000E+00   0.0000000E+00   0.0000000E+00   0.0000000E+00   0.0000000E+00
   1.1446619E-01   4.2996885E+05   4.2996885E+05   1.9529172E+01   1.9985514E-01   2.5381604E+02   4.2827991E+05   4.2996885E+05   0.0000000E+00   0.0000000E+00   0.0000000E+00   0.0000000E+00   0.0000000E+00
   1.1837012E-01   4.1559541E+05   4.1559541E+05   1.7520045E+01   1.8020276E-01   2.4597090E+02   4.1396264E+05   4.1559541E+05   0.0000000E+00   0.0000000E+00   0.0000000E+00   0.0000000E+00   0.0000000E+00
   1.2238975E-01   4.0241710E+05   4.0241710E+05   1.6743644E+01   1.6279692E-01   2.3678694E+02   4.0083585E+05   4.0241710E+05   0.0000000E+00   0.0000000E+00   0.0000000E+00   0.0000000E+00   0.0000000E+00
   1.2653115E-01   3.8989729E+05   3.8989729E+05   1.4967876E+01   1.4721413E-01   2.2506721E+02   3.8836499E+05   3.8989729E+05   0.0000000E+00   0.0000000E+00   0.0000000E+00   0.0000000E+00   0.0000000E+00
   1.3080036E-01   3.7747826E+05   3.7747826E+05   1.3209982E+01   1.3310247E-01   2.1902966E+02   3.7599455E+05   3.7747826E+05   0.0000000E+00   0.0000000E+00   0.0000000E+00   0.0000000E+00   0.0000000E+00
   1.3520343E-01   3.6466957E+05   3.6466957E+05   1.2376048E+01   1.2022525E-01   2.0824226E+02   3.6323601E+05   3.6466957E+05   0.0000000E+00   0.0000000E+00   0.0000000E+00   0.0000000E+00   0.0000000E+00
   1.3974644E-01   3.5113718E+05   3.5113718E+05   1.0952606E+01   1.0835717E-01   2.0161765E+02   3.4975665E+05   3.5113718E+05   0.0000000E+00   0.0000000E+00   0.0000000E+00   0.0000000E+00   0.0000000E+00
   1.4443546E-01   3.3677501E+05   3.3677501E+05   9.5949209E+00   9.7417456E-02   1.9060487E+02   3.3545078E+05   3.3677501E+05   0.0000000E+00   0.0000000E+00   0.0000000E+00   0.0000000E+00   0.0000000E+00
   1.4927663E-01   3.2173938E+05   3.2173938E+05   8.9520685E+00   8.7326426E-02   1.8094940E+02   3.2047413E+05   3.2173938E+05   0.0000000E+00   0.0000000E+00   0.0000000E+00   0.0000000E+00   0.0000000E+00
   1.5427610E-01   3.0643052E+05   3.0643052E+05   8.0671230E+00   7.8090466E-02   1.7219520E+02   3.0522534E+05   3.0643052E+05   0.0000000E+00   0.0000000E+00   0.0000000E+00   0.0000000E+00   0.0000000E+00
   1.5944009E-01   2.9141467E+05   2.9141467E+05   7.1211306E+00   6.9732450E-02   1.6310673E+02   2.9026843E+05   2.9141467E+05   0.0000000E+00   0.0000000E+00   0.0000000E+00   0.0000000E+00   0.0000000E+00
   1.6477485E-01   2.7729512E+05   2.7729512E+05   6.2684943E+00   6.2263087E-02   1.5451481E+02   2.7620432E+05   2.7729512E+05   0.0000000E+00   0.0000000E+00   0.0000000E+00   0.0000000E+00   0.0000000E+00
   1.7028673E-01   2.6455738E+05   2.6455738E+05   5.5465976E+00   5.5676546E-02   1.4691431E+02   2.6351659E+05   2.6455738E+05   0.0000000E+00   0.0000000E+00   0.0000000E+00   0.0000000E+00   0.0000000E+00
   1.7598210E-01   2.5342836E+05   2.5342836E+05   5.0627709E+00   4.9910067E-02   1.4042815E+02   2.5243127E+05   2.5342836E+05   0.0000000E+00   0.0000000E+00   0.0000000E+00   0.0000000E+00   0.0000000E+00
   1.8186747E-01   2.4379531E+05   2.4379531E+05   4.5198757E+00   4.4874631E-02   1.3385197E+02   2.4283605E+05   2.4379531E+05   0.0000000E+00   0.0000000E+00   0.0000000E+00   0.0000000E+00   0.0000000E+00
   1.8794943E-01   2.3522127E+05   2.3522127E+05   4.0075245E+00   4.0434265E-02   1.2950329E+02   2.3429567E+05   2.3522127E+05   0.0000000E+00   0.0000000E+00   0.0000000E+00   0.0000000E+00   0.0000000E+00
   1.9423468E-01   2.2706847E+05   2.2706847E+05   3.6815930E+00   3.6462835E-02   1.2385432E+02   2.2617489E+05   2.2706847E+05   0.0000000E+00   0.0000000E+00   0.0000000E+00   0.0000000E+00   0.0000000E+00
   2.0073009E-01   2.1870348E+05   2.1870348E+05   3.3700869E+00   3.2835341E-02   1.1948065E+02   2.1784277E+05   2.1870348E+05   0.0000000E+00   0.0000000E+00   0.0000000E+00   0.0000000E+00   0.0000000E+00
   2.0744272E-01   2.0971946E+05   2.0971946E+05   2.9711301E+00   2.9484111E-02   1.1439077E+02   2.0889405E+05   2.0971946E+05   0.0000000E+00   0.0000000E+00   0.0000000E+00   0.0000000E+00   0.0000000E+00
   2.1437983E-01   2.0008963E+05   2.0008963E+05   2.6396382E+00   2.6378806E-02   1.0882908E+02   1.9930208E+05   2.0008963E+05   0.0000000E+00   0.0000000E+00   0.0000000E+00   0.0000000E+00   0.0000000E+00
   2.2154894E-01   1.9017807E+05   1.9017807E+05   2.3757952E+00   2.3530585E-02   1.0315058E+02   1.8942949E+05   1.9017807E+05   0.0000000E+00   0.0000000E+00   0.0000000E+00   0.0000000E+00   0.0000000E+00
   2.2895792E-01   1.8058375E+05   1.8058375E+05   2.1155365E+00   2.0965611E-02   9.7485905E+01   1.7987290E+05   1.8058375E+05   0.0000000E+00   0.0000000E+00   0.0000000E+00   0.0000000E+00   0.0000000E+00
   2.3661497E-01   1.7186937E+05   1.7186937E+05   1.8777013E+00   1.8702424E-02   9.2627115E+01   1.7119278E+05   1.7186937E+05   0.0000000E+00   0.0000000E+00   0.0000000E+00   0.0000000E+00   0.0000000E+00
   2.4452878E-01   1.6429396E+05   1.6429396E+05   1.6592894E+00   1.6731005E-02   8.8264686E+01   1.6364717E+05   1.6429396E+05   0.0000000E+00   0.0000000E+00   0.0000000E+00   0.0000000E+00   0.0000000E+00
   2.5270856E-01   1.5768689E+05   1.5768689E+05   1.5267969E+00   1.5010234E-02   8.4604962E+01   1.5706609E+05   1.5768689E+05   0.0000000E+00   0.0000000E+00   0.0000000E+00   0.0000000E+00   0.0000000E+00
   2.6116412E-01   1.5154519E+05   1.5154519E+05   1.3623574E+00   1.3482243E-02   8.1271792E+01   1.5094854E+05   1.5154519E+05   0.0000000E+00   0.0000000E+00   0.0000000E+00   0.0000000E+00   0.0000000E+00
   2.6990604E-01   1.4531850E+05   1.4531850E+05   1.2207594E+00   1.2094050E-02   7.7781669E+01   1.4474635E+05   1.4531850E+05   0.0000000E+00   0.0000000E+00   0.0000000E+00   0.0000000E+00   0.0000000E+00
   2.7894576E-01   1.3872573E+05   1.3872573E+05   1.0986313E+00   1.0814992E-02   7.4047793E+01   1.3817952E+05   1.3872573E+05   0.0000000E+00   0.0000000E+00   0.0000000E+00   0.0000000E+00   0.0000000E+00
   2.8829570E-01   1.3190601E+05   1.3190601E+05   9.6429371E-01   9.6407937E-03   7.0240852E+01   1.3138663E+05   1.3190601E+05   0.0000000E+00   0.0000000E+00   0.0000000E+00   0.0000000E+00   0.0000000E+00
   2.9796949E-01   1.2529386E+05   1.2529386E+05   8.6149098E-01   8.5844232E-03   6.6683992E+01   1.2480050E+05   1.2529386E+05   0.0000000E+00   0.0000000E+00   0.0000000E+00   0.0000000E+00   0.0000000E+00
   3.0798212E-01   1.1929230E+05   1.1929230E+05   7.6991024E-01   7.6528894E-03   6.3378019E+01   1.1882256E+05   1.1929230E+05   0.0000000E+00   0.0000000E+00   0.0000000E+00   0.0000000E+00   0.0000000E+00
   3.1835018E-01   1.1397697E+05   1.1397697E+05   6.9019813E-01   6.8378129E-03   6.0499311E+01   1.1352814E+05   1.1397697E+05   0.0000000E+00   0.0000000E+00   0.0000000E+00   0.0000000E+00   0.0000000E+00
   3.2909216E-01   1.0906225E+05   1.0906225E+05   6.1807235E-01   6.1159789E-03   5.7808911E+01   1.0863276E+05   1.0906225E+05   0.0000000E+00   0.0000000E+00   0.0000000E+00   0.0000000E+00   0.0000000E+00
   3.4022873E-01   1.0416268E+05   1.0416268E+05   5.4669943E-01   5.4628679E-03   5.5118642E+01   1.0375249E+05   1.0416268E+05   0.0000000E+00   0.0000000E+00   0.0000000E+00   0.0000000E+00   0.0000000E+00
   3.5178316E-01   9.9126299E+04   9.9126299E+04   4.9081452E-01   4.8657120E-03   5.2412004E+01   9.8735925E+04   9.9126299E+04   0.0000000E+00   0.0000000E+00   0.0000000E+00   0.0000000E+00   0.0000000E+00
   3.6378179E-01   9.4134494E+04   9.4134494E+04   4.3399341E-01   4.3244887E-03   4.9745075E+01   9.3763771E+04   9.4134494E+04   0.0000000E+00   0.0000000E+00   0.0000000E+00   0.0000000E+00   0.0000000E+00
   3.7625459E-01   8.9473660E+04   8.9473660E+04   3.8441962E-01   3.8434637E-03   4.7216017E+01   8.9121284E+04   8.9473660E+04   0.0000000E+00   0.0000000E+00   0.0000000E+00   0.0000000E+00   0.0000000E+00
   3.8923587E-01   8.5218837E+04   8.5218837E+04   3.4321329E-01   3.4188703E-03   4.4950078E+01   8.4883213E+04   8.5218837E+04   0.0000000E+00   0.0000000E+00   0.0000000E+00   0.0000000E+00   0.0000000E+00
   4.0276515E-01   8.1176226E+04   8.1176226E+04   3.0416923E-01   3.0399519E-03   4.2776719E+01   8.0856517E+04   8.1176226E+04   0.0000000E+00   0.0000000E+00   0.0000000E+00   0.0000000E+00   0.0000000E+00
   4.1688831E-01   7.7141098E+04   7.7141098E+04   2.6992729E-01   2.6968470E-03   4.0610460E+01   7.6837276E+04   7.7141098E+04   0.0000000E+00   0.0000000E+00   0.0000000E+00   0.0000000E+00   0.0000000E+00
   4.3165894E-01   7.3138955E+04   7.3138955E+04   2.3940579E-01   2.3860657E-03   3.8467698E+01   7.2850890E+04   7.3138955E+04   0.0000000E+00   0.0000000E+00   0.0000000E+00   0.0000000E+00   0.0000000E+00
   4.4714022E-01   6.9335523E+04   6.9335523E+04   2.1124689E-01   2.1083388E-03   3.6439992E+01   6.9062435E+04   6.9335523E+04   0.0000000E+00   0.0000000E+00   0.0000000E+00   0.0000000E+00   0.0000000E+00
   4.6340723E-01   6.5764775E+04   6.5764775E+04   1.8639448E-01   1.8613017E-03   3.4542328E+01   6.5505747E+04   6.5764775E+04   0.0000000E+00   0.0000000E+00   0.0000000E+00   0.0000000E+00   0.0000000E+00
   4.8055014E-01   6.2295274E+04   6.2295274E+04   1.6432451E-01   1.6392302E-03   3.2697433E+01   6.2049908E+04   6.2295274E+04   0.0000000E+00   0.0000000E+00   0.0000000E+00   0.0000000E+00   0.0000000E+00
   4.9867841E-01   5.8864543E+04   5.8864543E+04   1.4428802E-01   1.4386823E-03   3.0881749E+01   5.8632687E+04   5.8864543E+04   0.0000000E+00   0.0000000E+00   0.0000000E+00   0.0000000E+00   0.0000000E+00
   5.1792653E-01   5.5550326E+04   5.5550326E+04   1.2627658E-01   1.2588891E-03   2.9121896E+01   5.5331521E+04   5.5550326E+04   0.0000000E+00   0.0000000E+00   0.0000000E+00   0.0000000E+00   0.0000000E+00
   5.3846201E-01   5.2370563E+04   5.2370563E+04   1.1013299E-01   1.0977591E-03   2.7451044E+01   5.2164281E+04   5.2370563E+04   0.0000000E+00   0.0000000E+00   0.0000000E+00   0.0000000E+00   0.0000000E+00
   5.6049662E-01   4.9247742E+04   4.9247742E+04   9.5534694E-02   9.5278776E-04   2.5795524E+01   4.9053758E+04   4.9247742E+04   0.0000000E+00   0.0000000E+00   0.0000000E+00   0.0000000E+00   0.0000000E+00
   5.8430264E-01   4.6180398E+04   4.6180398E+04   8.2426671E-02   8.2228437E-04   2.4166242E+01   4.5998494E+04   4.6180398E+04   0.0000000E+00   0.0000000E+00   0.0000000E+00   0.0000000E+00   0.0000000E+00
   6.1023668E-01   4.3188723E+04   4.3188723E+04   7.0690968E-02   7.0493104E-04   2.2598379E+01   4.3018601E+04   4.3188723E+04   0.0000000E+00   0.0000000E+00   0.0000000E+00   0.0000000E+00   0.0000000E+00
   6.3877539E-01   4.0227187E+04   4.0227187E+04   6.0094517E-02   5.9928158E-04   2.1037281E+01   4.0068729E+04   4.0227187E+04   0.0000000E+00   0.0000000E+00   0.0000000E+00   0.0000000E+00   0.0000000E+00
   6.7056981E-01   3.7291100E+04   3.7291100E+04   5.0552811E-02   5.0409438E-04   1.9494566E+01   3.7144206E+04   3.7291100E+04   0.0000000E+00   0.0000000E+00   0.0000000E+00   0.0000000E+00   0.0000000E+00
   7.0652921E-01   3.4360702E+04   3.4360702E+04   4.1956087E-02   4.1841093E-04   1.7954081E+01   3.4225350E+04   3.4360702E+04   0.0000000E+00   0.0000000E+00   0.0000000E+00   0.0000000E+00   0.0000000E+00
   7.4794923E-01   3.1412566E+04   3.1412566E+04   3.4226226E-02   3.4135118E-04   1.6399167E+01   3.1288827E+04   3.1412566E+04   0.0000000E+00   0.0000000E+00   0.0000000E+00   0.0000000E+00   0.0000000E+00
   7.9669905E-01   2.8425168E+04   2.8425168E+04   2.7296289E-02   2.7223335E-04   1.4837200E+01   2.8313195E+04   2.8425168E+04   0.0000000E+00   0.0000000E+00   0.0000000E+00   0.0000000E+00   0.0000000E+00
   8.5545305E-01   2.5381992E+04   2.5381992E+04   2.1140355E-02   2.1085232E-04   1.3238731E+01   2.5282006E+04   2.5381992E+04   0.0000000E+00   0.0000000E+00   0.0000000E+00   0.0000000E+00   0.0000000E+00
   9.2782490E-01   2.2287090E+04   2.2287090E+04   1.5779567E-02   1.5737955E-04   1.1624964E+01   2.2199295E+04   2.2287090E+04   0.0000000E+00   0.0000000E+00   0.0000000E+00   0.0000000E+00   0.0000000E+00
   1.0179439E+00   1.9194467E+04   1.9194467E+04   1.1290026E-02   1.1260404E-04   1.0008168E+01   1.9118854E+04   1.9194467E+04   0.0000000E+00   0.0000000E+00   0.0000000E+00   0.0000000E+00   0.0000000E+00
   1.1288915E+00   1.6227735E+04   1.6227735E+04   7.7609299E-03   7.7412656E-05   8.4539562E+00   1.6163808E+04   1.6227735E+04   0.0000000E+00   0.0000000E+00   0.0000000E+00   0.0000000E+00   0.0000000E+00
   1.2610590E+00   1.3541013E+04   1.3541013E+04   5.1896055E-03   5.1763328E-05   7.0545961E+00   1.3487670E+04   1.3541013E+04   0.0000000E+00   0.0000000E+00   0.0000000E+00   0.0000000E+00   0.0000000E+00
   1.4132738E+00   1.1224269E+04   1.1224269E+04   3.4249474E-03   3.4162915E-05   5.8470239E+00   1.1180053E+04   1.1224269E+04   0.0000000E+00   0.0000000E+00   0.0000000E+00   0.0000000E+00   0.0000000E+00
   1.5853701E+00   9.2772295E+03   9.2772295E+03   2.2495751E-03   2.2440152E-05   4.8299201E+00   9.2406826E+03   9.2772295E+03   0.0000000E+00   0.0000000E+00   0.0000000E+00   0.0000000E+00   0.0000000E+00
   1.7787626E+00   7.6559137E+03   7.6559137E+03   1.4746887E-03   1.4711092E-05   3.9858209E+00   7.6257538E+03   7.6559137E+03   0.0000000E+00   0.0000000E+00   0.0000000E+00   0.0000000E+00   0.0000000E+00
   1.9957991E+00   6.3101657E+03   6.3101657E+03   9.6728975E-04   9.6316025E-06   3.2848919E+00   6.2853072E+03   6.3101657E+03   0.0000000E+00   0.0000000E+00   0.0000000E+00   0.0000000E+00   0.0000000E+00
   2.2393231E+00   5.1950945E+03   5.1950945E+03   6.3146207E-04   6.2989777E-06   2.7043711E+00   5.1746286E+03   5.1950945E+03   0.0000000E+00   0.0000000E+00   0.0000000E+00   0.0000000E+00   0.0000000E+00
   2.5125618E+00   4.2724905E+03   4.2724905E+03   4.1247743E-04   4.1151577E-06   2.2233675E+00   4.2556592E+03   4.2724905E+03   0.0000000E+00   0.0000000E+00   0.0000000E+00   0.0000000E+00   0.0000000E+00
   2.8191407E+00   3.5101580E+03   3.5101580E+03   2.6917357E-04   2.6857061E-06   1.8266362E+00   3.4963298E+03   3.5101580E+03   0.0000000E+00   0.0000000E+00   0.0000000E+00   0.0000000E+00   0.0000000E+00
   3.1631279E+00   2.8810570E+03   2.8810570E+03   1.7548934E-04   1.7511692E-06   1.4989960E+00   2.8697072E+03   2.8810570E+03   0.0000000E+00   0.0000000E+00   0.0000000E+00   0.0000000E+00   0.0000000E+00
   3.5490879E+00   2.3625270E+03   2.3625270E+03   1.1430653E-04   1.1407536E-06   1.2292333E+00   2.3532199E+03   2.3625270E+03   0.0000000E+00   0.0000000E+00   0.0000000E+00   0.0000000E+00   0.0000000E+00
   3.9821421E+00   1.9356212E+03   1.9356212E+03   7.4445462E-05   7.4249412E-07   1.0070270E+00   1.9279959E+03   1.9356212E+03   0.0000000E+00   0.0000000E+00   0.0000000E+00   0.0000000E+00   0.0000000E+00
   4.4680369E+00   1.5845299E+03   1.5845299E+03   4.8374489E-05   4.8287195E-07   8.2456071E-01   1.5782877E+03   1.5845299E+03   0.0000000E+00   0.0000000E+00   0.0000000E+00   0.0000000E+00   0.0000000E+00
   5.0132199E+00   1.2960856E+03   1.2960856E+03   3.1429152E-05   3.1381185E-07   6.7422505E-01   1.2909797E+03   1.2960856E+03   0.0000000E+00   0.0000000E+00   0.0000000E+00   0.0000000E+00   0.0000000E+00
   5.6249252E+00   1.0593410E+03   1.0593410E+03   2.0404556E-05   2.0378719E-07   5.5114362E-01   1.0551677E+03   1.0593410E+03   0.0000000E+00   0.0000000E+00   0.0000000E+00   0.0000000E+00   0.0000000E+00
   6.3112699E+00   8.6520997E+02   8.6520997E+02   1.3237841E-05   1.3225462E-07   4.5007049E-01   8.6180150E+02   8.6520997E+02   0.0000000E+00   0.0000000E+00   0.0000000E+00   0.0000000E+00   0.0000000E+00
   7.0813613E+00   7.0616266E+02   7.0616266E+02   8.5822983E-06   8.5775782E-08   3.6740163E-01   7.0338075E+02   7.0616266E+02   0.0000000E+00   0.0000000E+00   0.0000000E+00   0.0000000E+00   0.0000000E+00
   7.9454181E+00   5.7596819E+02   5.7596819E+02   5.5608071E-06   5.5601512E-08   2.9962195E-01   5.7369918E+02   5.7596819E+02   0.0000000E+00   0.0000000E+00   0.0000000E+00   0.0000000E+00   0.0000000E+00
   8.9149057E+00   4.6947776E+02   4.6947776E+02   3.5991697E-06   3.6023002E-08   2.4424859E-01   4.6762826E+02   4.6947776E+02   0.0000000E+00   0.0000000E+00   0.0000000E+00   0.0000000E+00   0.0000000E+00
