#           k/h    CDM            baryon         photon         nu             mass_nu        total          no_nu          total_de       Weyl           v_CDM          v_b            v_b-v_c     
   1.1057517E-05   5.9956026E+05   5.9956026E+05   7.9940277E+05   1.0544379E+04   2.0662620E+02   6.0013680E+05   5.9956026E+05   0.0000000E+00   0.0000000E+00   0.0000000E+00   0.0000000E+00   0.0000000E+00
   1.2406739E-05   5.9956017E+05   5.9956017E+05   7.9939983E+05   1.0544352E+04   2.0662278E+02   6.0013671E+05   5.9956017E+05   0.0000000E+00   0.0000000E+00   0.0000000E+00   0.0000000E+00   0.0000000E+00
   1.3920590E-05   5.9956007E+05   5.9956007E+05   7.9939614E+05   1.0544319E+04   2.0661847E+02   6.0013659E+05   5.9956007E+05   0.0000000E+00   0.0000000E+00   0.0000000E+00   0.0000000E+00   0.0000000E+00
   1.5619158E-05   5.9955994E+05   5.9955994E+05   7.9939149E+05   1.0544277E+04   2.0661305E+02   6.0013643E+05   5.9955994E+05   0.0000000E+00   0.0000000E+00   0.0000000E+00   0.0000000E+00   0.0000000E+00
   1.7524984E-05   5.9955977E+05   5.9955977E+05   7.9938563E+05   1.0544224E+04   2.0660622E+02   6.0013624E+05   5.9955977E+05   0.0000000E+00   0.0000000E+00   0.0000000E+00   0.0000000E+00   0.0000000E+00
   1.9663355E-05   5.9955956E+05   5.9955956E+05   7.9937826E+05   1.0544157E+04   2.0659763E+02   6.0013600E+05   5.9955956E+05   0.0000000E+00   0.0000000E+00   0.0000000E+00   0.0000000E+00   0.0000000E+00
   2.2062648E-05   5.9955930E+05   5.9955930E+05   7.9936898E+05   1.0544072E+04   2.0658681E+02   6.0013570E+05   5.9955930E+05   0.0000000E+00   0.0000000E+00   0.0000000E+00   0.0000000E+00   0.0000000E+00
   2.4754698E-05   5.9955896E+05   5.9955896E+05   7.9935729E+05   1.0543967E+04   2.0657319E+02   6.0013532E+05   5.9955896E+05   0.0000000E+00   0.0000000E+00   0.0000000E+00   0.0000000E+00   0.0000000E+00
   2.7775228E-05   5.9955855E+05   5.9955855E+05   7.9934258E+05   1.0543833E+04   2.0655604E+02   6.0013484E+05   5.9955855E+05   0.0000000E+00   0.0000000E+00   0.0000000E+00   0.0000000E+00   0.0000000E+00
   3.1164318E-05   5.9955802E+05   5.9955802E+05   7.9932407E+05   1.0543665E+04   2.0653445E+02   6.0013424E+05   5.9955802E+05   0.0000000E+00   0.0000000E+00   0.0000000E+00   0.0000000E+00   0.0000000E+00
   3.4966940E-05   5.9955736E+05   5.9955736E+05   7.9930075E+05   1.0543454E+04   2.0650728E+02   6.0013348E+05   5.9955736E+05   0.0000000E+00   0.0000000E+00   0.0000000E+00   0.0000000E+00   0.0000000E+00
   3.9233552E-05   5.9955652E+05   5.9955652E+05   7.9927141E+05   1.0543188E+04   2.0647308E+02   6.0013253E+05   5.9955652E+05   0.0000000E+00   0.0000000E+00   0.0000000E+00   0.0000000E+00   0.0000000E+00
   4.4020769E-05   5.9955547E+05   5.9955547E+05   7.9923446E+05   1.0542853E+04   2.0643002E+02   6.0013133E+05   5.9955547E+05   0.0000000E+00   0.0000000E+00   0.0000000E+00   0.0000000E+00   0.0000000E+00
   4.9392116E-05   5.9955415E+05   5.9955415E+05   7.9918796E+05   1.0542431E+04   2.0637581E+02   6.0012981E+05   5.9955415E+05   0.0000000E+00   0.0000000E+00   0.0000000E+00   0.0000000E+00   0.0000000E+00
   5.5418865E-05   5.9955249E+05   5.9955249E+05   7.9912941E+05   1.0541900E+04   2.0630759E+02   6.0012791E+05   5.9955249E+05   0.0000000E+00   0.0000000E+00   0.0000000E+00   0.0000000E+00   0.0000000E+00
   6.2180990E-05   5.9955040E+05   5.9955040E+05   7.9905571E+05   1.0541232E+04   2.0622170E+02   6.0012551E+05   5.9955040E+05   0.0000000E+00   0.0000000E+00   0.0000000E+00   0.0000000E+00   0.0000000E+00
   6.9768218E-05   5.9954776E+05   5.9954776E+05   7.9896294E+05   1.0540390E+04   2.0611361E+02   6.0012249E+05   5.9954776E+05   0.0000000E+00   0.0000000E+00   0.0000000E+00   0.0000000E+00   0.0000000E+00
   7.8281228E-05   5.9954444E+05   5.9954444E+05   7.9884616E+05   1.0539331E+04   2.0597755E+02   6.0011870E+05   5.9954444E+05   0.0000000E+00   0.0000000E+00   0.0000000E+00   0.0000000E+00   0.0000000E+00
   8.7832982E-05   5.9954026E+05   5.9954026E+05   7.9869916E+05   1.0537998E+04   2.0580633E+02   6.0011391E+05   5.9954026E+05   0.0000000E+00   0.0000000E+00   0.0000000E+00   0.0000000E+00   0.0000000E+00
   9.8550227E-05   5.9953500E+05   5.9953500E+05   7.9851414E+05   1.0536320E+04   2.0559086E+02   6.0010789E+05   5.9953500E+05   0.0000000E+00   0.0000000E+00   0.0000000E+00   0.0000000E+00   0.0000000E+00
   1.1057517E-04   5.9952838E+05   5.9952838E+05   7.9828127E+05   1.0534208E+04   2.0531973E+02   6.0010031E+05   5.9952838E+05   0.0000000E+00   0.0000000E+00   0.0000000E+00   0.0000000E+00   0.0000000E+00
   1.2406739E-04   5.9952005E+05   5.9952005E+05   7.9798818E+05   1.0531549E+04   2.0497861E+02   6.0009078E+05   5.9952005E+05   0.0000000E+00   0.0000000E+00   0.0000000E+00   0.0000000E+00   0.0000000E+00
   1.3920590E-04   5.9950956E+05   5.9950956E+05   7.9761935E+05   1.0528203E+04   2.0454951E+02   6.0007877E+05   5.9950956E+05   0.0000000E+00   0.0000000E+00   0.0000000E+00   0.0000000E+00   0.0000000E+00
   1.5619158E-04   5.9949636E+05   5.9949636E+05   7.9715523E+05   1.0523992E+04   2.0400985E+02   6.0006366E+05   5.9949636E+05   0.0000000E+00   0.0000000E+00   0.0000000E+00   0.0000000E+00   0.0000000E+00
   1.7524984E-04   5.9947974E+05   5.9947974E+05   7.9657129E+05   1.0518693E+04   2.0333130E+02   6.0004463E+05   5.9947974E+05   0.0000000E+00   0.0000000E+00   0.0000000E+00   0.0000000E+00   0.0000000E+00
   1.9663355E-04   5.9945883E+05   5.9945883E+05   7.9583671E+05   1.0512026E+04   2.0247843E+02   6.0002070E+05   5.9945883E+05   0.0000000E+00   0.0000000E+00   0.0000000E+00   0.0000000E+00   0.0000000E+00
   2.2062648E-04   5.9943250E+05   5.9943250E+05   7.9491278E+05   1.0503639E+04   2.0140686E+02   5.9999057E+05   5.9943250E+05   0.0000000E+00   0.0000000E+00   0.0000000E+00   0.0000000E+00   0.0000000E+00
   2.4754698E-04   5.9939938E+05   5.9939938E+05   7.9375101E+05   1.0493090E+04   2.0006123E+02   5.9995267E+05   5.9939938E+05   0.0000000E+00   0.0000000E+00   0.0000000E+00   0.0000000E+00   0.0000000E+00
   2.7775228E-04   5.9935770E+05   5.9935770E+05   7.9229060E+05   1.0479824E+04   1.9837255E+02   5.9990498E+05   5.9935770E+05   0.0000000E+00   0.0000000E+00   0.0000000E+00   0.0000000E+00   0.0000000E+00
   3.1164318E-04   5.9930527E+05   5.9930527E+05   7.9045550E+05   1.0463148E+04   1.9625512E+02   5.9984499E+05   5.9930527E+05   0.0000000E+00   0.0000000E+00   0.0000000E+00   0.0000000E+00   0.0000000E+00
   3.4966940E-04   5.9923932E+05   5.9923932E+05   7.8815069E+05   1.0442191E+04   1.9360284E+02   5.9976955E+05   5.9923932E+05   0.0000000E+00   0.0000000E+00   0.0000000E+00   0.0000000E+00   0.0000000E+00
   3.9233552E-04   5.9915638E+05   5.9915638E+05   7.8525774E+05   1.0415868E+04   1.9028500E+02   5.9967470E+05   5.9915638E+05   0.0000000E+00   0.0000000E+00   0.0000000E+00   0.0000000E+00   0.0000000E+00
   4.4020769E-04   5.9905210E+05   5.9905210E+05   7.8162935E+05   1.0382825E+04   1.8614151E+02   5.9955548E+05   5.9905210E+05   0.0000000E+00   0.0000000E+00   0.0000000E+00   0.0000000E+00   0.0000000E+00
   4.9392116E-04   5.9892105E+05   5.9892105E+05   7.7708300E+05   1.0341375E+04   1.8097781E+02   5.9940571E+05   5.9892105E+05   0.0000000E+00   0.0000000E+00   0.0000000E+00   0.0000000E+00   0.0000000E+00
   5.5418865E-04   5.9875641E+05   5.9875641E+05   7.7139342E+05   1.0289429E+04   1.7455993E+02   5.9921763E+05   5.9875641E+05   0.0000000E+00   0.0000000E+00   0.0000000E+00   0.0000000E+00   0.0000000E+00
   6.2180990E-04   5.9854970E+05   5.9854970E+05   7.6428416E+05   1.0224406E+04   1.6661036E+02   5.9898163E+05   5.9854970E+05   0.0000000E+00   0.0000000E+00   0.0000000E+00   0.0000000E+00   0.0000000E+00
   6.9768218E-04   5.9829034E+05   5.9829034E+05   7.5541829E+05   1.0143134E+04   1.5680619E+02   5.9868574E+05   5.9829034E+05   0.0000000E+00   0.0000000E+00   0.0000000E+00   0.0000000E+00   0.0000000E+00
   7.8281228E-04   5.9796520E+05   5.9796520E+05   7.4438901E+05   1.0041743E+04   1.4478165E+02   5.9831513E+05   5.9796520E+05   0.0000000E+00   0.0000000E+00   0.0000000E+00   0.0000000E+00   0.0000000E+00
   8.7832982E-04   5.9755804E+05   5.9755804E+05   7.3071106E+05   9.9155510E+03   1.3013857E+02   5.9785155E+05   5.9755804E+05   0.0000000E+00   0.0000000E+00   0.0000000E+00   0.0000000E+00   0.0000000E+00
   9.8550227E-04   5.9704886E+05   5.9704886E+05   7.1381504E+05   9.7589581E+03   1.1247007E+02   5.9727264E+05   5.9704886E+05   0.0000000E+00   0.0000000E+00   0.0000000E+00   0.0000000E+00   0.0000000E+00
   1.1057517E-03   5.9641316E+05   5.9641316E+05   6.9304762E+05   9.5653695E+03   9.1404963E+01   5.9655118E+05   5.9641316E+05   0.0000000E+00   0.0000000E+00   0.0000000E+00   0.0000000E+00   0.0000000E+00
   1.2406739E-03   5.9562121E+05   5.9562121E+05   6.6768260E+05   9.3271786E+03   6.6683119E+01   5.9565436E+05   5.9562121E+05   0.0000000E+00   0.0000000E+00   0.0000000E+00   0.0000000E+00   0.0000000E+00
   1.3920590E-03   5.9463715E+05   5.9463715E+05   6.3695000E+05   9.0358629E+03   3.8274220E+01   5.9454310E+05   5.9463715E+05   0.0000000E+00   0.0000000E+00   0.0000000E+00   0.0000000E+00   0.0000000E+00
   1.5619158E-03   5.9341839E+05   5.9341839E+05   6.0009294E+05   8.6822703E+03   6.5526908E+00   5.9317153E+05   5.9341839E+05   0.0000000E+00   0.0000000E+00   0.0000000E+00   0.0000000E+00   0.0000000E+00
   1.7524984E-03   5.9191499E+05   5.9191499E+05   5.5646505E+05   8.2571996E+03   -2.7463825E+01   5.9148687E+05   5.9191499E+05   0.0000000E+00   0.0000000E+00   0.0000000E+00   0.0000000E+00   0.0000000E+00
   1.9663355E-03   5.9006960E+05   5.9006960E+05   5.0568169E+05   7.7524095E+03   -6.1822087E+01   5.8942991E+05   5.9006960E+05   0.0000000E+00   0.0000000E+00   0.0000000E+00   0.0000000E+00   0.0000000E+00
   2.2062648E-03   5.8781803E+05   5.8781803E+05   4.4783554E+05   7.1621989E+03   -9.3335599E+01   5.8693646E+05   5.8781803E+05   0.0000000E+00   0.0000000E+00   0.0000000E+00   0.0000000E+00   0.0000000E+00
   2.4754698E-03   5.8509074E+05   5.8509074E+05   3.8377392E+05   6.4856679E+03   -1.1740298E+02   5.8393996E+05   5.8509074E+05   0.0000000E+00   0.0000000E+00   0.0000000E+00   0.0000000E+00   0.0000000E+00
   2.7775228E-03   5.8181556E+05   5.8181556E+05   3.1540599E+05   5.7296332E+03   -1.2817751E+02   5.8037553E+05   5.8181556E+05   0.0000000E+00   0.0000000E+00   0.0000000E+00   0.0000000E+00   0.0000000E+00
   3.1164318E-03   5.7792180E+05   5.7792180E+05   2.4595345E+05   4.9118720E+03   -1.1945818E+02   5.7618510E+05   5.7792180E+05   0.0000000E+00   0.0000000E+00   0.0000000E+00   0.0000000E+00   0.0000000E+00
   3.4966940E-03   5.7334506E+05   5.7334506E+05   1.7997824E+05   4.0638214E+03   -8.6740031E+01   5.7132263E+05   5.7334506E+05   0.0000000E+00   0.0000000E+00   0.0000000E+00   0.0000000E+00   0.0000000E+00
   3.9233552E-03   5.6803179E+05   5.6803179E+05   1.2293724E+05   3.2310943E+03   -3.0635770E+01   5.6575715E+05   5.6803179E+05   0.0000000E+00   0.0000000E+00   0.0000000E+00   0.0000000E+00   0.0000000E+00
   4.4020769E-03   5.6194118E+05   5.6194118E+05   8.0002068E+04   2.4694375E+03   3.9019721E+01   5.5947034E+05   5.6194118E+05   0.0000000E+00   0.0000000E+00   0.0000000E+00   0.0000000E+00   0.0000000E+00
   4.9392116E-03   5.5504141E+05   5.5504141E+05   5.4093417E+04   1.8338293E+03   1.0097393E+02   5.5244547E+05   5.5504141E+05   0.0000000E+00   0.0000000E+00   0.0000000E+00   0.0000000E+00   0.0000000E+00
   5.5418865E-03   5.4729843E+05   5.4729843E+05   4.3695303E+04   1.3606686E+03   1.2721226E+02   5.4464750E+05   5.4729843E+05   0.0000000E+00   0.0000000E+00   0.0000000E+00   0.0000000E+00   0.0000000E+00
   6.2180990E-03   5.3865920E+05   5.3865920E+05   4.1997305E+04   1.0487209E+03   9.9183054E+01   5.3600213E+05   5.3865920E+05   0.0000000E+00   0.0000000E+00   0.0000000E+00   0.0000000E+00   0.0000000E+00
   6.9768218E-03   5.2904004E+05   5.2904004E+05   3.9483031E+04   8.5233122E+02   3.1455487E+01   5.2639213E+05   5.2904004E+05   0.0000000E+00   0.0000000E+00   0.0000000E+00   0.0000000E+00   0.0000000E+00
   7.8281228E-03   5.1833304E+05   5.1833304E+05   3.0399597E+04   7.0240135E+02   -2.1288975E+01   5.1568598E+05   5.1833304E+05   0.0000000E+00   0.0000000E+00   0.0000000E+00   0.0000000E+00   0.0000000E+00
   8.7832982E-03   5.0643700E+05   5.0643700E+05   1.8368744E+04   5.5296152E+02   -8.0829688E+00   5.0378953E+05   5.0643700E+05   0.0000000E+00   0.0000000E+00   0.0000000E+00   0.0000000E+00   0.0000000E+00
   9.8550227E-03   4.9328663E+05   4.9328663E+05   1.2287173E+04   4.1352787E+02   4.2118362E+01   4.9066456E+05   4.9328663E+05   0.0000000E+00   0.0000000E+00   0.0000000E+00   0.0000000E+00   0.0000000E+00
   1.1057517E-02   4.7883789E+05   4.7883789E+05   1.2813136E+04   3.1705932E+02   3.8003160E+01   4.7627199E+05   4.7883789E+05   0.0000000E+00   0.0000000E+00   0.0000000E+00   0.0000000E+00   0.0000000E+00
   1.2406739E-02   4.6302140E+05   4.6302140E+05   1.0598693E+04   2.5509652E+02   -8.7856976E+00   4.6051782E+05   4.6302140E+05   0.0000000E+00   0.0000000E+00   0.0000000E+00   0.0000000E+00   0.0000000E+00
   1.3920590E-02   4.4575146E+05   4.4575146E+05   5.6862795E+03   1.9508970E+02   9.7545180E+00   4.4331584E+05   4.4575146E+05   0.0000000E+00   0.0000000E+00   0.0000000E+00   0.0000000E+00   0.0000000E+00
   1.5619158E-02   4.2698257E+05   4.2698257E+05   5.6644491E+03   1.4692020E+02   2.3130822E+01   4.2463766E+05   4.2698257E+05   0.0000000E+00   0.0000000E+00   0.0000000E+00   0.0000000E+00   0.0000000E+00
   1.7524984E-02   4.0668953E+05   4.0668953E+05   4.1330587E+03   1.1548675E+02   -5.9382149E+00   4.0444244E+05   4.0668953E+05   0.0000000E+00   0.0000000E+00   0.0000000E+00   0.0000000E+00   0.0000000E+00
   1.9663355E-02   3.8486921E+05   3.8486921E+05   2.8199463E+03   8.5793554E+01   1.7927643E+01   3.8273328E+05   3.8486921E+05   0.0000000E+00   0.0000000E+00   0.0000000E+00   0.0000000E+00   0.0000000E+00
   2.2062646E-02   3.6159851E+05   3.6159851E+05   2.3205828E+03   6.6189026E+01   -2.8146385E+00   3.5958401E+05   3.6159851E+05   0.0000000E+00   0.0000000E+00   0.0000000E+00   0.0000000E+00   0.0000000E+00
   2.4754659E-02   3.3703812E+05   3.3703812E+05   1.7610209E+03   4.8987478E+01   9.9694916E+00   3.3515532E+05   3.3703812E+05   0.0000000E+00   0.0000000E+00   0.0000000E+00   0.0000000E+00   0.0000000E+00
   2.7774687E-02   3.1149354E+05   3.1149354E+05   1.0508161E+03   3.6749886E+01   4.9828131E+00   3.0974835E+05   3.1149354E+05   0.0000000E+00   0.0000000E+00   0.0000000E+00   0.0000000E+00   0.0000000E+00
   3.1159156E-02   2.8546012E+05   2.8546012E+05   8.9129363E+02   2.7306789E+01   4.7464360E-02   2.8385782E+05   2.8546012E+05   0.0000000E+00   0.0000000E+00   0.0000000E+00   0.0000000E+00   0.0000000E+00
   3.4931563E-02   2.5972452E+05   2.5972452E+05   7.0848666E+02   1.9991796E+01   1.0037418E+00   2.5826440E+05   2.5972452E+05   0.0000000E+00   0.0000000E+00   0.0000000E+00   0.0000000E+00   0.0000000E+00
   3.9055602E-02   2.3550181E+05   2.3550181E+05   5.2422032E+02   1.4601646E+01   1.8564516E+00   2.3417610E+05   2.3550181E+05   0.0000000E+00   0.0000000E+00   0.0000000E+00   0.0000000E+00   0.0000000E+00
   4.3361287E-02   2.1433770E+05   2.1433770E+05   3.8757600E+02   1.0784776E+01   2.1462471E+00   2.1312989E+05   2.1433770E+05   0.0000000E+00   0.0000000E+00   0.0000000E+00   0.0000000E+00   0.0000000E+00
   4.7575301E-02   1.9728193E+05   1.9728193E+05   2.9057618E+02   8.1837700E+00   2.5105470E+00   1.9616940E+05   1.9728193E+05   0.0000000E+00   0.0000000E+00   0.0000000E+00   0.0000000E+00   0.0000000E+00
   5.1516927E-02   1.8410410E+05   1.8410410E+05   2.1474295E+02   6.4312980E+00   2.7594990E+00   1.8306529E+05   1.8410410E+05   0.0000000E+00   0.0000000E+00   0.0000000E+00   0.0000000E+00   0.0000000E+00
   5.5172153E-02   1.7381466E+05   1.7381466E+05   1.5949206E+02   5.2257532E+00   2.1302698E+00   1.7283349E+05   1.7381466E+05   0.0000000E+00   0.0000000E+00   0.0000000E+00   0.0000000E+00   0.0000000E+00
   5.8601498E-02   1.6546107E+05   1.6546107E+05   1.3714019E+02   4.3557717E+00   1.1163771E+00   1.6452679E+05   1.6546107E+05   0.0000000E+00   0.0000000E+00   0.0000000E+00   0.0000000E+00   0.0000000E+00
   6.1871216E-02   1.5835793E+05   1.5835793E+05   1.3140471E+02   3.6887338E+00   1.1691865E+00   1.5746354E+05   1.5835793E+05   0.0000000E+00   0.0000000E+00   0.0000000E+00   0.0000000E+00   0.0000000E+00
   6.5034736E-02   1.5204457E+05   1.5204457E+05   1.1173820E+02   3.1667814E+00   1.7379885E+00   1.5118561E+05   1.5204457E+05   0.0000000E+00   0.0000000E+00   0.0000000E+00   0.0000000E+00   0.0000000E+00
   6.8132367E-02   1.4621296E+05   1.4621296E+05   8.9250305E+01   2.7581441E+00   1.2991008E+00   1.4538681E+05   1.4621296E+05   0.0000000E+00   0.0000000E+00   0.0000000E+00   0.0000000E+00   0.0000000E+00
   7.1194469E-02   1.4065740E+05   1.4065740E+05   8.6214332E+01   2.4208362E+00   1.0240260E+00   1.3986253E+05   1.4065740E+05   0.0000000E+00   0.0000000E+00   0.0000000E+00   0.0000000E+00   0.0000000E+00
   7.4244365E-02   1.3524436E+05   1.3524436E+05   7.5024116E+01   2.1355176E+00   1.4399015E+00   1.3447996E+05   1.3524436E+05   0.0000000E+00   0.0000000E+00   0.0000000E+00   0.0000000E+00   0.0000000E+00
   7.7300465E-02   1.2989443E+05   1.2989443E+05   6.2724588E+01   1.9010311E+00   1.0048187E+00   1.2916016E+05   1.2989443E+05   0.0000000E+00   0.0000000E+00   0.0000000E+00   0.0000000E+00   0.0000000E+00
   8.0377720E-02   1.2457095E+05   1.2457095E+05   6.1450787E+01   1.6960107E+00   1.0471116E+00   1.2386672E+05   1.2457095E+05   0.0000000E+00   0.0000000E+00   0.0000000E+00   0.0000000E+00   0.0000000E+00
   8.3488622E-02   1.1927207E+05   1.1927207E+05   4.9940608E+01   1.5162447E+00   1.2500398E+00   1.1859772E+05   1.1927207E+05   0.0000000E+00   0.0000000E+00   0.0000000E+00   0.0000000E+00   0.0000000E+00
   8.6643890E-02   1.1402395E+05   1.1402395E+05   4.4100706E+01   1.3628869E+00   7.4973190E-01   1.1337920E+05   1.1402395E+05   0.0000000E+00   0.0000000E+00   0.0000000E+00   0.0000000E+00   0.0000000E+00
   8.9852952E-02   1.0887409E+05   1.0887409E+05   4.3912119E+01   1.2234619E+00   8.9197310E-01   1.0825843E+05   1.0887409E+05   0.0000000E+00   0.0000000E+00   0.0000000E+00   0.0000000E+00   0.0000000E+00
   9.3124289E-02   1.0388414E+05   1.0388414E+05   3.5991018E+01   1.0976559E+00   1.1582524E+00   1.0329664E+05   1.0388414E+05   0.0000000E+00   0.0000000E+00   0.0000000E+00   0.0000000E+00   0.0000000E+00
   9.6465679E-02   9.9121822E+04   9.9121822E+04   2.9331833E+01   9.8709675E-01   8.0583367E-01   9.8561213E+04   9.9121822E+04   0.0000000E+00   0.0000000E+00   0.0000000E+00   0.0000000E+00   0.0000000E+00
   9.9884384E-02   9.4652237E+04   9.4652237E+04   2.8628954E+01   8.8685427E-01   5.2934989E-01   9.4116878E+04   9.4652237E+04   0.0000000E+00   0.0000000E+00   0.0000000E+00   0.0000000E+00   0.0000000E+00
   1.0338728E-01   9.0528891E+04   9.0528891E+04   2.7973571E+01   7.9441678E-01   7.1145046E-01   9.0016826E+04   9.0528891E+04   0.0000000E+00   0.0000000E+00   0.0000000E+00   0.0000000E+00   0.0000000E+00
   1.0698098E-01   8.6785289E+04   8.6785289E+04   2.4073108E+01   7.1051863E-01   9.6146074E-01   8.6294369E+04   8.6785289E+04   0.0000000E+00   0.0000000E+00   0.0000000E+00   0.0000000E+00   0.0000000E+00
   1.1067186E-01   8.3428063E+04   8.3428063E+04   1.9295095E+01   6.3559399E-01   9.1672210E-01   8.2956104E+04   8.3428063E+04   0.0000000E+00   0.0000000E+00   0.0000000E+00   0.0000000E+00   0.0000000E+00
   1.1446619E-01   8.0432827E+04   8.0432827E+04   1.6495102E+01   5.6874730E-01   6.6887333E-01   7.9977788E+04   8.0432827E+04   0.0000000E+00   0.0000000E+00   0.0000000E+00   0.0000000E+00   0.0000000E+00
   1.1837012E-01   7.7743857E+04   7.7743857E+04   1.5579525E+01   5.0878192E-01   4.7575297E-01   7.7304013E+04   7.7743857E+04   0.0000000E+00   0.0000000E+00   0.0000000E+00   0.0000000E+00   0.0000000E+00
   1.2238975E-01   7.5278458E+04   7.5278458E+04   1.5084554E+01   4.5508391E-01   4.2104305E-01   7.4852548E+04   7.5278458E+04   0.0000000E+00   0.0000000E+00   0.0000000E+00   0.0000000E+00   0.0000000E+00
   1.2653115E-01   7.2936275E+04   7.2936275E+04   1.4260167E+01   4.0741028E-01   4.3759850E-01   7.2523601E+04   7.2936275E+04   0.0000000E+00   0.0000000E+00   0.0000000E+00   0.0000000E+00   0.0000000E+00
   1.3080036E-01   7.0613009E+04   7.0613009E+04   1.3142675E+01   3.6540245E-01   4.5628082E-01   7.0213465E+04   7.0613009E+04   0.0000000E+00   0.0000000E+00   0.0000000E+00   0.0000000E+00   0.0000000E+00
   1.3520343E-01   6.8216933E+04   6.8216933E+04   1.1920586E+01   3.2847533E-01   4.5479429E-01   6.7830932E+04   6.8216933E+04   0.0000000E+00   0.0000000E+00   0.0000000E+00   0.0000000E+00   0.0000000E+00
   1.3974644E-01   6.5685560E+04   6.5685560E+04   1.0664870E+01   2.9592956E-01   4.3710705E-01   6.5313871E+04   6.5685560E+04   0.0000000E+00   0.0000000E+00   0.0000000E+00   0.0000000E+00   0.0000000E+00
   1.4443546E-01   6.2999034E+04   6.2999034E+04   9.3611185E+00   2.6704988E-01   4.1475723E-01   6.2642536E+04   6.2999034E+04   0.0000000E+00   0.0000000E+00   0.0000000E+00   0.0000000E+00   0.0000000E+00
   1.4927663E-01   6.0186568E+04   6.0186568E+04   8.0135523E+00   2.4115987E-01   4.0290180E-01   5.9845976E+04   6.0186568E+04   0.0000000E+00   0.0000000E+00   0.0000000E+00   0.0000000E+00   0.0000000E+00
   1.5427610E-01   5.7322995E+04   5.7322995E+04   6.7686629E+00   2.1767303E-01   4.1561747E-01   5.6998599E+04   5.7322995E+04   0.0000000E+00   0.0000000E+00   0.0000000E+00   0.0000000E+00   0.0000000E+00
   1.5944009E-01   5.4514199E+04   5.4514199E+04   5.9548901E+00   1.9614674E-01   4.5085535E-01   5.4205690E+04   5.4514199E+04   0.0000000E+00   0.0000000E+00   0.0000000E+00   0.0000000E+00   0.0000000E+00
   1.6477485E-01   5.1873005E+04   5.1873005E+04   5.7412750E+00   1.7632330E-01   4.7263106E-01   5.1579434E+04   5.1873005E+04   0.0000000E+00   0.0000000E+00   0.0000000E+00   0.0000000E+00   0.0000000E+00
   1.7028673E-01   4.9490216E+04   4.9490216E+04   5.5323589E+00   1.5812252E-01   4.2704698E-01   4.9210125E+04   4.9490216E+04   0.0000000E+00   0.0000000E+00   0.0000000E+00   0.0000000E+00   0.0000000E+00
   1.7598210E-01   4.7408287E+04   4.7408287E+04   4.5958790E+00   1.4150742E-01   3.4249676E-01   4.7139976E+04   4.7408287E+04   0.0000000E+00   0.0000000E+00   0.0000000E+00   0.0000000E+00   0.0000000E+00
   1.8186747E-01   4.5606152E+04   4.5606152E+04   3.8934845E+00   1.2634299E-01   3.6457739E-01   4.5348033E+04   4.5606152E+04   0.0000000E+00   0.0000000E+00   0.0000000E+00   0.0000000E+00   0.0000000E+00
   1.8794943E-01   4.4002108E+04   4.4002108E+04   3.9896349E+00   1.1272907E-01   3.9428748E-01   4.3753062E+04   4.4002108E+04   0.0000000E+00   0.0000000E+00   0.0000000E+00   0.0000000E+00   0.0000000E+00
   1.9423468E-01   4.2476895E+04   4.2476895E+04   3.2758711E+00   1.0083303E-01   3.0053365E-01   4.2236479E+04   4.2476895E+04   0.0000000E+00   0.0000000E+00   0.0000000E+00   0.0000000E+00   0.0000000E+00
   2.0073009E-01   4.0912050E+04   4.0912050E+04   3.1176445E+00   9.0254962E-02   3.6810913E-01   4.0680485E+04   4.0912050E+04   0.0000000E+00   0.0000000E+00   0.0000000E+00   0.0000000E+00   0.0000000E+00
   2.0744272E-01   3.9231472E+04   3.9231472E+04   2.6982835E+00   8.1087289E-02   2.8366711E-01   3.9009418E+04   3.9231472E+04   0.0000000E+00   0.0000000E+00   0.0000000E+00   0.0000000E+00   0.0000000E+00
   2.1437983E-01   3.7430136E+04   3.7430136E+04   2.5175959E+00   7.2865742E-02   3.2810220E-01   3.7218274E+04   3.7430136E+04   0.0000000E+00   0.0000000E+00   0.0000000E+00   0.0000000E+00   0.0000000E+00
   2.2154894E-01   3.5576111E+04   3.5576111E+04   2.1286805E+00   6.5544148E-02   2.7371686E-01   3.5374740E+04   3.5576111E+04   0.0000000E+00   0.0000000E+00   0.0000000E+00   0.0000000E+00   0.0000000E+00
   2.2895792E-01   3.3781402E+04   3.3781402E+04   1.9786202E+00   5.8802970E-02   2.7244486E-01   3.3590188E+04   3.3781402E+04   0.0000000E+00   0.0000000E+00   0.0000000E+00   0.0000000E+00   0.0000000E+00
   2.3661497E-01   3.2151248E+04   3.2151248E+04   1.7035651E+00   5.2627497E-02   2.6182337E-01   3.1969259E+04   3.2151248E+04   0.0000000E+00   0.0000000E+00   0.0000000E+00   0.0000000E+00   0.0000000E+00
   2.4452878E-01   3.0734106E+04   3.0734106E+04   1.5326929E+00   4.6995123E-02   2.3379522E-01   3.0560136E+04   3.0734106E+04   0.0000000E+00   0.0000000E+00   0.0000000E+00   0.0000000E+00   0.0000000E+00
   2.5270856E-01   2.9498079E+04   2.9498079E+04   1.4279398E+00   4.1905004E-02   2.2764180E-01   2.9331105E+04   2.9498079E+04   0.0000000E+00   0.0000000E+00   0.0000000E+00   0.0000000E+00   0.0000000E+00
   2.6116412E-01   2.8349117E+04   2.8349117E+04   1.2973952E+00   3.7387263E-02   2.2804371E-01   2.8188645E+04   2.8349117E+04   0.0000000E+00   0.0000000E+00   0.0000000E+00   0.0000000E+00   0.0000000E+00
   2.6990604E-01   2.7184293E+04   2.7184293E+04   1.1603182E+00   3.3425108E-02   2.2118340E-01   2.7030413E+04   2.7184293E+04   0.0000000E+00   0.0000000E+00   0.0000000E+00   0.0000000E+00   0.0000000E+00
   2.7894576E-01   2.5951030E+04   2.5951030E+04   1.0361227E+00   2.9935377E-02   2.1103475E-01   2.5804129E+04   2.5951030E+04   0.0000000E+00   0.0000000E+00   0.0000000E+00   0.0000000E+00   0.0000000E+00
   2.8829570E-01   2.4675329E+04   2.4675329E+04   9.1903470E-01   2.6817533E-02   2.0041417E-01   2.4535649E+04   2.4675329E+04   0.0000000E+00   0.0000000E+00   0.0000000E+00   0.0000000E+00   0.0000000E+00
   2.9796949E-01   2.3438444E+04   2.3438444E+04   7.9823481E-01   2.3990473E-02   1.8531571E-01   2.3305765E+04   2.3438444E+04   0.0000000E+00   0.0000000E+00   0.0000000E+00   0.0000000E+00   0.0000000E+00
   3.0798212E-01   2.2315749E+04   2.2315749E+04   6.9222976E-01   2.1411228E-02   1.7088272E-01   2.2189424E+04   2.2315749E+04   0.0000000E+00   0.0000000E+00   0.0000000E+00   0.0000000E+00   0.0000000E+00
   3.1835018E-01   2.1321400E+04   2.1321400E+04   6.3911189E-01   1.9069978E-02   1.7588586E-01   2.1200703E+04   2.1321400E+04   0.0000000E+00   0.0000000E+00   0.0000000E+00   0.0000000E+00   0.0000000E+00
   3.2909216E-01   2.0401992E+04   2.0401992E+04   5.6982673E-01   1.6989631E-02   1.5930247E-01   2.0286499E+04   2.0401992E+04   0.0000000E+00   0.0000000E+00   0.0000000E+00   0.0000000E+00   0.0000000E+00
   3.4022873E-01   1.9485440E+04   1.9485440E+04   5.0599586E-01   1.5149757E-02   1.5998563E-01   1.9375135E+04   1.9485440E+04   0.0000000E+00   0.0000000E+00   0.0000000E+00   0.0000000E+00   0.0000000E+00
   3.5178316E-01   1.8543312E+04   1.8543312E+04   4.4853629E-01   1.3518044E-02   1.4761065E-01   1.8438340E+04   1.8543312E+04   0.0000000E+00   0.0000000E+00   0.0000000E+00   0.0000000E+00   0.0000000E+00
   3.6378179E-01   1.7609525E+04   1.7609525E+04   4.0541030E-01   1.2052411E-02   1.3394948E-01   1.7509838E+04   1.7609525E+04   0.0000000E+00   0.0000000E+00   0.0000000E+00   0.0000000E+00   0.0000000E+00
   3.7625459E-01   1.6737637E+04   1.6737637E+04   3.5703334E-01   1.0720503E-02   1.2874125E-01   1.6642886E+04   1.6737637E+04   0.0000000E+00   0.0000000E+00   0.0000000E+00   0.0000000E+00   0.0000000E+00
   3.8923587E-01   1.5941688E+04   1.5941688E+04   3.1594138E-01   9.5186832E-03   1.2389302E-01   1.5851442E+04   1.5941688E+04   0.0000000E+00   0.0000000E+00   0.0000000E+00   0.0000000E+00   0.0000000E+00
   4.0276515E-01   1.5185440E+04   1.5185440E+04   2.8038688E-01   8.4479992E-03   1.1757674E-01   1.5099474E+04   1.5185440E+04   0.0000000E+00   0.0000000E+00   0.0000000E+00   0.0000000E+00   0.0000000E+00
   4.1688831E-01   1.4430602E+04   1.4430602E+04   2.4878798E-01   7.4958119E-03   1.1298396E-01   1.4348909E+04   1.4430602E+04   0.0000000E+00   0.0000000E+00   0.0000000E+00   0.0000000E+00   0.0000000E+00
   4.3165894E-01   1.3681938E+04   1.3681938E+04   2.2251764E-01   6.6412564E-03   1.1035371E-01   1.3604484E+04   1.3681938E+04   0.0000000E+00   0.0000000E+00   0.0000000E+00   0.0000000E+00   0.0000000E+00
   4.4714022E-01   1.2970441E+04   1.2970441E+04   1.9477569E-01   5.8707226E-03   1.0216941E-01   1.2897014E+04   1.2970441E+04   0.0000000E+00   0.0000000E+00   0.0000000E+00   0.0000000E+00   0.0000000E+00
   4.6340723E-01   1.2302465E+04   1.2302465E+04   1.7342469E-01   5.1770428E-03   9.8202344E-02   1.2232820E+04   1.2302465E+04   0.0000000E+00   0.0000000E+00   0.0000000E+00   0.0000000E+00   0.0000000E+00
   4.8055014E-01   1.1653434E+04   1.1653434E+04   1.5254396E-01   4.5579365E-03   9.1523462E-02   1.1587462E+04   1.1653434E+04   0.0000000E+00   0.0000000E+00   0.0000000E+00   0.0000000E+00   0.0000000E+00
   4.9867841E-01   1.1011658E+04   1.1011658E+04   1.3385922E-01   4.0032869E-03   8.4963796E-02   1.0949319E+04   1.1011658E+04   0.0000000E+00   0.0000000E+00   0.0000000E+00   0.0000000E+00   0.0000000E+00
   5.1792653E-01   1.0391676E+04   1.0391676E+04   1.1665621E-01   3.5026167E-03   8.4123018E-02   1.0332847E+04   1.0391676E+04   0.0000000E+00   0.0000000E+00   0.0000000E+00   0.0000000E+00   0.0000000E+00
   5.3846201E-01   9.7968437E+03   9.7968437E+03   1.0187469E-01   3.0530045E-03   7.8800548E-02   9.7413819E+03   9.7968437E+03   0.0000000E+00   0.0000000E+00   0.0000000E+00   0.0000000E+00   0.0000000E+00
   5.6049662E-01   9.2126656E+03   9.2126656E+03   8.8313215E-02   2.6496488E-03   7.6033229E-02   9.1605108E+03   9.2126656E+03   0.0000000E+00   0.0000000E+00   0.0000000E+00   0.0000000E+00   0.0000000E+00
   5.8430264E-01   8.6388654E+03   8.6388654E+03   7.6329320E-02   2.2873378E-03   6.8124777E-02   8.5899589E+03   8.6388654E+03   0.0000000E+00   0.0000000E+00   0.0000000E+00   0.0000000E+00   0.0000000E+00
   6.1023668E-01   8.0792192E+03   8.0792192E+03   6.5384045E-02   1.9602967E-03   6.6411211E-02   8.0334809E+03   8.0792192E+03   0.0000000E+00   0.0000000E+00   0.0000000E+00   0.0000000E+00   0.0000000E+00
   6.3877539E-01   7.5252120E+03   7.5252120E+03   5.5601113E-02   1.6668991E-03   5.8598753E-02   7.4826099E+03   7.5252120E+03   0.0000000E+00   0.0000000E+00   0.0000000E+00   0.0000000E+00   0.0000000E+00
   6.7056981E-01   6.9759648E+03   6.9759648E+03   4.6751124E-02   1.4020395E-03   5.5426236E-02   6.9364721E+03   6.9759648E+03   0.0000000E+00   0.0000000E+00   0.0000000E+00   0.0000000E+00   0.0000000E+00
   7.0652921E-01   6.4277822E+03   6.4277822E+03   3.8811278E-02   1.1638190E-03   4.9593583E-02   6.3913928E+03   6.4277822E+03   0.0000000E+00   0.0000000E+00   0.0000000E+00   0.0000000E+00   0.0000000E+00
   7.4794923E-01   5.8762812E+03   5.8762812E+03   3.1655936E-02   9.4927981E-04   4.6757187E-02   5.8430139E+03   5.8762812E+03   0.0000000E+00   0.0000000E+00   0.0000000E+00   0.0000000E+00   0.0000000E+00
   7.9669905E-01   5.3174354E+03   5.3174354E+03   2.5247962E-02   7.5694621E-04   4.3366173E-02   5.2873318E+03   5.3174354E+03   0.0000000E+00   0.0000000E+00   0.0000000E+00   0.0000000E+00   0.0000000E+00
   8.5545305E-01   4.7481553E+03   4.7481553E+03   1.9555109E-02   5.8632875E-04   3.7956622E-02   4.7212745E+03   4.7481553E+03   0.0000000E+00   0.0000000E+00   0.0000000E+00   0.0000000E+00   0.0000000E+00
   9.2782490E-01   4.1691988E+03   4.1691988E+03   1.4596455E-02   4.3767418E-04   3.2958100E-02   4.1455957E+03   4.1691988E+03   0.0000000E+00   0.0000000E+00   0.0000000E+00   0.0000000E+00   0.0000000E+00
   1.0179439E+00   3.5906688E+03   3.5906688E+03   1.0443623E-02   3.1310318E-04   2.9019265E-02   3.5703409E+03   3.5906688E+03   0.0000000E+00   0.0000000E+00   0.0000000E+00   0.0000000E+00   0.0000000E+00
   1.1288915E+00   3.0356886E+03   3.0356886E+03   7.1791567E-03   2.1524026E-04   2.4194890E-02   3.0185026E+03   3.0356886E+03   0.0000000E+00   0.0000000E+00   0.0000000E+00   0.0000000E+00   0.0000000E+00
   1.2610590E+00   2.5330895E+03   2.5330895E+03   4.8006212E-03   1.4393199E-04   1.9991822E-02   2.5187488E+03   2.5330895E+03   0.0000000E+00   0.0000000E+00   0.0000000E+00   0.0000000E+00   0.0000000E+00
   1.4132738E+00   2.0997013E+03   2.0997013E+03   3.1682458E-03   9.4984536E-05   1.6744427E-02   2.0878141E+03   2.0997013E+03   0.0000000E+00   0.0000000E+00   0.0000000E+00   0.0000000E+00   0.0000000E+00
   1.5853701E+00   1.7354727E+03   1.7354727E+03   2.0809798E-03   6.2388427E-05   1.3912932E-02   1.7256475E+03   1.7354727E+03   0.0000000E+00   0.0000000E+00   0.0000000E+00   0.0000000E+00   0.0000000E+00
   1.7787626E+00   1.4321766E+03   1.4321766E+03   1.3641759E-03   4.0900565E-05   1.1332703E-02   1.4240685E+03   1.4321766E+03   0.0000000E+00   0.0000000E+00   0.0000000E+00   0.0000000E+00   0.0000000E+00
   1.9957991E+00   1.1804304E+03   1.1804304E+03   8.9313065E-04   2.6779000E-05   9.2297692E-03   1.1737475E+03   1.1804304E+03   0.0000000E+00   0.0000000E+00   0.0000000E+00   0.0000000E+00   0.0000000E+00
   2.2393231E+00   9.7183635E+02   9.7183635E+02   5.8406996E-04   1.7510889E-05   7.8129929E-03   9.6633442E+02   9.7183635E+02   0.0000000E+00   0.0000000E+00   0.0000000E+00   0.0000000E+00   0.0000000E+00
   2.5125618E+00   7.9924677E+02   7.9924677E+02   3.8154965E-04   1.1439307E-05   6.3793927E-03   7.9472194E+02   7.9924677E+02   0.0000000E+00   0.0000000E+00   0.0000000E+00   0.0000000E+00   0.0000000E+00
   2.8191407E+00   6.5663883E+02   6.5663883E+02   2.4899762E-04   7.4652738E-06   5.2447369E-03   6.5292135E+02   6.5663883E+02   0.0000000E+00   0.0000000E+00   0.0000000E+00   0.0000000E+00   0.0000000E+00
   3.1631279E+00   5.3895425E+02   5.3895425E+02   1.6233771E-04   4.8672219E-06   4.3187448E-03   5.3590303E+02   5.3895425E+02   0.0000000E+00   0.0000000E+00   0.0000000E+00   0.0000000E+00   0.0000000E+00
   3.5490879E+00   4.4195393E+02   4.4195393E+02   1.0574104E-04   3.1704411E-06   3.5557411E-03   4.3945186E+02   4.4195393E+02   0.0000000E+00   0.0000000E+00   0.0000000E+00   0.0000000E+00   0.0000000E+00
   3.9821421E+00   3.6209357E+02   3.6209357E+02   6.8815683E-05   2.0635082E-06   2.8735462E-03   3.6004362E+02   3.6209357E+02   0.0000000E+00   0.0000000E+00   0.0000000E+00   0.0000000E+00   0.0000000E+00
   4.4680369E+00   2.9641566E+02   2.9641566E+02   4.4747336E-05   1.3418550E-06   2.3560490E-03   2.9473754E+02   2.9641566E+02   0.0000000E+00   0.0000000E+00   0.0000000E+00   0.0000000E+00   0.0000000E+00
   5.0132199E+00   2.4245699E+02   2.4245699E+02   2.9075888E-05   8.7190418E-07   1.9313295E-03   2.4108435E+02   2.4245699E+02   0.0000000E+00   0.0000000E+00   0.0000000E+00   0.0000000E+00   0.0000000E+00
   5.6249252E+00   1.9816969E+02   1.9816969E+02   1.8885554E-05   5.6614196E-07   1.5719579E-03   1.9704778E+02   1.9816969E+02   0.0000000E+00   0.0000000E+00   0.0000000E+00   0.0000000E+00   0.0000000E+00
   6.3112699E+00   1.6185402E+02   1.6185402E+02   1.2248795E-05   3.6731543E-07   1.3038263E-03   1.6093771E+02   1.6185402E+02   0.0000000E+00   0.0000000E+00   0.0000000E+00   0.0000000E+00   0.0000000E+00
   7.0813613E+00   1.3210139E+02   1.3210139E+02   7.9402170E-06   2.3819376E-07   1.0433873E-03   1.3135351E+02   1.3210139E+02   0.0000000E+00   0.0000000E+00   0.0000000E+00   0.0000000E+00   0.0000000E+00
   7.9454181E+00   1.0774620E+02   1.0774620E+02   5.1440816E-06   1.5435631E-07   8.4618445E-04   1.0713621E+02   1.0774620E+02   0.0000000E+00   0.0000000E+00   0.0000000E+00   0.0000000E+00   0.0000000E+00
   8.9149057E+00   8.7825275E+01   8.7825275E+01   3.3305453E-06   9.9963310E-08   6.9790185E-04   8.7328063E+01   8.7825275E+01   0.0000000E+00   0.0000000E+00   0.0000000E+00   0.0000000E+00   0.0000000E+00
