#           k/h    CDM            baryon         photon         nu             mass_nu        total          no_nu          total_de       Weyl           v_CDM          v_b            v_b-v_c     
   1.1057517E-05   5.1025281E+05   5.1025281E+05   6.8032937E+05   1.0474029E+04   1.2866564E+02   5.1086313E+05   5.1025281E+05   0.0000000E+00   0.0000000E+00   0.0000000E+00   0.0000000E+00   0.0000000E+00
   1.2406739E-05   5.1025274E+05   5.1025274E+05   6.8032728E+05   1.0474007E+04   1.2866372E+02   5.1086305E+05   5.1025274E+05   0.0000000E+00   0.0000000E+00   0.0000000E+00   0.0000000E+00   0.0000000E+00
   1.3920590E-05   5.1025265E+05   5.1025265E+05   6.8032466E+05   1.0473979E+04   1.2866129E+02   5.1086295E+05   5.1025265E+05   0.0000000E+00   0.0000000E+00   0.0000000E+00   0.0000000E+00   0.0000000E+00
   1.5619158E-05   5.1025255E+05   5.1025255E+05   6.8032136E+05   1.0473943E+04   1.2865824E+02   5.1086283E+05   5.1025255E+05   0.0000000E+00   0.0000000E+00   0.0000000E+00   0.0000000E+00   0.0000000E+00
   1.7524984E-05   5.1025242E+05   5.1025242E+05   6.8031720E+05   1.0473899E+04   1.2865440E+02   5.1086268E+05   5.1025242E+05   0.0000000E+00   0.0000000E+00   0.0000000E+00   0.0000000E+00   0.0000000E+00
   1.9663355E-05   5.1025225E+05   5.1025225E+05   6.8031197E+05   1.0473843E+04   1.2864956E+02   5.1086249E+05   5.1025225E+05   0.0000000E+00   0.0000000E+00   0.0000000E+00   0.0000000E+00   0.0000000E+00
   2.2062648E-05   5.1025204E+05   5.1025204E+05   6.8030538E+05   1.0473772E+04   1.2864348E+02   5.1086224E+05   5.1025204E+05   0.0000000E+00   0.0000000E+00   0.0000000E+00   0.0000000E+00   0.0000000E+00
   2.4754698E-05   5.1025177E+05   5.1025177E+05   6.8029708E+05   1.0473683E+04   1.2863581E+02   5.1086194E+05   5.1025177E+05   0.0000000E+00   0.0000000E+00   0.0000000E+00   0.0000000E+00   0.0000000E+00
   2.7775228E-05   5.1025144E+05   5.1025144E+05   6.8028663E+05   1.0473571E+04   1.2862616E+02   5.1086155E+05   5.1025144E+05   0.0000000E+00   0.0000000E+00   0.0000000E+00   0.0000000E+00   0.0000000E+00
   3.1164318E-05   5.1025102E+05   5.1025102E+05   6.8027349E+05   1.0473430E+04   1.2861402E+02   5.1086107E+05   5.1025102E+05   0.0000000E+00   0.0000000E+00   0.0000000E+00   0.0000000E+00   0.0000000E+00
   3.4966940E-05   5.1025049E+05   5.1025049E+05   6.8025693E+05   1.0473253E+04   1.2859873E+02   5.1086046E+05   5.1025049E+05   0.0000000E+00   0.0000000E+00   0.0000000E+00   0.0000000E+00   0.0000000E+00
   3.9233552E-05   5.1024982E+05   5.1024982E+05   6.8023610E+05   1.0473030E+04   1.2857948E+02   5.1085969E+05   5.1024982E+05   0.0000000E+00   0.0000000E+00   0.0000000E+00   0.0000000E+00   0.0000000E+00
   4.4020769E-05   5.1024898E+05   5.1024898E+05   6.8020986E+05   1.0472749E+04   1.2855525E+02   5.1085873E+05   5.1024898E+05   0.0000000E+00   0.0000000E+00   0.0000000E+00   0.0000000E+00   0.0000000E+00
   4.9392116E-05   5.1024792E+05   5.1024792E+05   6.8017684E+05   1.0472395E+04   1.2852475E+02   5.1085751E+05   5.1024792E+05   0.0000000E+00   0.0000000E+00   0.0000000E+00   0.0000000E+00   0.0000000E+00
   5.5418865E-05   5.1024659E+05   5.1024659E+05   6.8013527E+05   1.0471950E+04   1.2848635E+02   5.1085598E+05   5.1024659E+05   0.0000000E+00   0.0000000E+00   0.0000000E+00   0.0000000E+00   0.0000000E+00
   6.2180990E-05   5.1024492E+05   5.1024492E+05   6.8008293E+05   1.0471389E+04   1.2843802E+02   5.1085406E+05   5.1024492E+05   0.0000000E+00   0.0000000E+00   0.0000000E+00   0.0000000E+00   0.0000000E+00
   6.9768218E-05   5.1024281E+05   5.1024281E+05   6.8001706E+05   1.0470684E+04   1.2837719E+02   5.1085163E+05   5.1024281E+05   0.0000000E+00   0.0000000E+00   0.0000000E+00   0.0000000E+00   0.0000000E+00
   7.8281228E-05   5.1024016E+05   5.1024016E+05   6.7993413E+05   1.0469796E+04   1.2830062E+02   5.1084858E+05   5.1024016E+05   0.0000000E+00   0.0000000E+00   0.0000000E+00   0.0000000E+00   0.0000000E+00
   8.7832982E-05   5.1023682E+05   5.1023682E+05   6.7982974E+05   1.0468677E+04   1.2820425E+02   5.1084473E+05   5.1023682E+05   0.0000000E+00   0.0000000E+00   0.0000000E+00   0.0000000E+00   0.0000000E+00
   9.8550227E-05   5.1023261E+05   5.1023261E+05   6.7969835E+05   1.0467270E+04   1.2808297E+02   5.1083990E+05   5.1023261E+05   0.0000000E+00   0.0000000E+00   0.0000000E+00   0.0000000E+00   0.0000000E+00
   1.1057517E-04   5.1022732E+05   5.1022732E+05   6.7953296E+05   1.0465498E+04   1.2793035E+02   5.1083381E+05   5.1022732E+05   0.0000000E+00   0.0000000E+00   0.0000000E+00   0.0000000E+00   0.0000000E+00
   1.2406739E-04   5.1022065E+05   5.1022065E+05   6.7932481E+05   1.0463268E+04   1.2773832E+02   5.1082614E+05   5.1022065E+05   0.0000000E+00   0.0000000E+00   0.0000000E+00   0.0000000E+00   0.0000000E+00
   1.3920590E-04   5.1021226E+05   5.1021226E+05   6.7906284E+05   1.0460462E+04   1.2749672E+02   5.1081649E+05   5.1021226E+05   0.0000000E+00   0.0000000E+00   0.0000000E+00   0.0000000E+00   0.0000000E+00
   1.5619158E-04   5.1020170E+05   5.1020170E+05   6.7873317E+05   1.0456929E+04   1.2719282E+02   5.1080434E+05   5.1020170E+05   0.0000000E+00   0.0000000E+00   0.0000000E+00   0.0000000E+00   0.0000000E+00
   1.7524984E-04   5.1018841E+05   5.1018841E+05   6.7831834E+05   1.0452484E+04   1.2681064E+02   5.1078906E+05   5.1018841E+05   0.0000000E+00   0.0000000E+00   0.0000000E+00   0.0000000E+00   0.0000000E+00
   1.9663355E-04   5.1017168E+05   5.1017168E+05   6.7779643E+05   1.0446890E+04   1.2633013E+02   5.1076981E+05   5.1017168E+05   0.0000000E+00   0.0000000E+00   0.0000000E+00   0.0000000E+00   0.0000000E+00
   2.2062648E-04   5.1015062E+05   5.1015062E+05   6.7713990E+05   1.0439853E+04   1.2572623E+02   5.1074560E+05   5.1015062E+05   0.0000000E+00   0.0000000E+00   0.0000000E+00   0.0000000E+00   0.0000000E+00
   2.4754698E-04   5.1012413E+05   5.1012413E+05   6.7631418E+05   1.0431000E+04   1.2496756E+02   5.1071513E+05   5.1012413E+05   0.0000000E+00   0.0000000E+00   0.0000000E+00   0.0000000E+00   0.0000000E+00
   2.7775228E-04   5.1009078E+05   5.1009078E+05   6.7527594E+05   1.0419865E+04   1.2401497E+02   5.1067679E+05   5.1009078E+05   0.0000000E+00   0.0000000E+00   0.0000000E+00   0.0000000E+00   0.0000000E+00
   3.1164318E-04   5.1004883E+05   5.1004883E+05   6.7397092E+05   1.0405864E+04   1.2281975E+02   5.1062856E+05   5.1004883E+05   0.0000000E+00   0.0000000E+00   0.0000000E+00   0.0000000E+00   0.0000000E+00
   3.4966940E-04   5.0999605E+05   5.0999605E+05   6.7233121E+05   1.0388264E+04   1.2132138E+02   5.1056790E+05   5.0999605E+05   0.0000000E+00   0.0000000E+00   0.0000000E+00   0.0000000E+00   0.0000000E+00
   3.9233552E-04   5.0992967E+05   5.0992967E+05   6.7027203E+05   1.0366150E+04   1.1944505E+02   5.1049161E+05   5.0992967E+05   0.0000000E+00   0.0000000E+00   0.0000000E+00   0.0000000E+00   0.0000000E+00
   4.4020769E-04   5.0984620E+05   5.0984620E+05   6.6768773E+05   1.0338377E+04   1.1709868E+02   5.1039571E+05   5.0984620E+05   0.0000000E+00   0.0000000E+00   0.0000000E+00   0.0000000E+00   0.0000000E+00
   4.9392116E-04   5.0974127E+05   5.0974127E+05   6.6444701E+05   1.0303518E+04   1.1416968E+02   5.1027519E+05   5.0974127E+05   0.0000000E+00   0.0000000E+00   0.0000000E+00   0.0000000E+00   0.0000000E+00
   5.5418865E-04   5.0960942E+05   5.0960942E+05   6.6038726E+05   1.0259800E+04   1.1052152E+02   5.1012380E+05   5.0960942E+05   0.0000000E+00   0.0000000E+00   0.0000000E+00   0.0000000E+00   0.0000000E+00
   6.2180990E-04   5.0944380E+05   5.0944380E+05   6.5530804E+05   1.0205026E+04   1.0599046E+02   5.0993375E+05   5.0944380E+05   0.0000000E+00   0.0000000E+00   0.0000000E+00   0.0000000E+00   0.0000000E+00
   6.9768218E-04   5.0923591E+05   5.0923591E+05   6.4896358E+05   1.0136485E+04   1.0038302E+02   5.0969534E+05   5.0923591E+05   0.0000000E+00   0.0000000E+00   0.0000000E+00   0.0000000E+00   0.0000000E+00
   7.8281228E-04   5.0897514E+05   5.0897514E+05   6.4105490E+05   1.0050852E+04   9.3475286E+01   5.0939653E+05   5.0897514E+05   0.0000000E+00   0.0000000E+00   0.0000000E+00   0.0000000E+00   0.0000000E+00
   8.7832982E-04   5.0864836E+05   5.0864836E+05   6.3122172E+05   9.9440756E+03   8.5015513E+01   5.0902245E+05   5.0864836E+05   0.0000000E+00   0.0000000E+00   0.0000000E+00   0.0000000E+00   0.0000000E+00
   9.8550227E-04   5.0823932E+05   5.0823932E+05   6.1903550E+05   9.8112677E+03   7.4732901E+01   5.0855481E+05   5.0823932E+05   0.0000000E+00   0.0000000E+00   0.0000000E+00   0.0000000E+00   0.0000000E+00
   1.1057517E-03   5.0772808E+05   5.0772808E+05   6.0399527E+05   9.6466015E+03   6.2356148E+01   5.0797124E+05   5.0772808E+05   0.0000000E+00   0.0000000E+00   0.0000000E+00   0.0000000E+00   0.0000000E+00
   1.2406739E-03   5.0709027E+05   5.0709027E+05   5.8552926E+05   9.4432450E+03   4.7647411E+01   5.0724464E+05   5.0709027E+05   0.0000000E+00   0.0000000E+00   0.0000000E+00   0.0000000E+00   0.0000000E+00
   1.3920590E-03   5.0629637E+05   5.0629637E+05   5.6300676E+05   9.1933660E+03   3.0458898E+01   5.0634247E+05   5.0629637E+05   0.0000000E+00   0.0000000E+00   0.0000000E+00   0.0000000E+00   0.0000000E+00
   1.5619158E-03   5.0531100E+05   5.0531100E+05   5.3576692E+05   8.8882664E+03   1.0820745E+01   5.0522617E+05   5.0531100E+05   0.0000000E+00   0.0000000E+00   0.0000000E+00   0.0000000E+00   0.0000000E+00
   1.7524984E-03   5.0409227E+05   5.0409227E+05   5.0317321E+05   8.5187281E+03   -1.0931582E+01   5.0385082E+05   5.0409227E+05   0.0000000E+00   0.0000000E+00   0.0000000E+00   0.0000000E+00   0.0000000E+00
   1.9663355E-03   5.0259148E+05   5.0259148E+05   4.6470480E+05   8.0756837E+03   -3.3986926E+01   5.0216521E+05   5.0259148E+05   0.0000000E+00   0.0000000E+00   0.0000000E+00   0.0000000E+00   0.0000000E+00
   2.2062648E-03   5.0075317E+05   5.0075317E+05   4.2009631E+05   7.5513514E+03   -5.6855868E+01   5.0011265E+05   5.0075317E+05   0.0000000E+00   0.0000000E+00   0.0000000E+00   0.0000000E+00   0.0000000E+00
   2.4754698E-03   4.9851602E+05   4.9851602E+05   3.6953338E+05   6.9409723E+03   -7.7177119E+01   4.9763273E+05   4.9851602E+05   0.0000000E+00   0.0000000E+00   0.0000000E+00   0.0000000E+00   0.0000000E+00
   2.7775228E-03   4.9581470E+05   4.9581470E+05   3.1389876E+05   6.2452423E+03   -9.1629207E+01   4.9466437E+05   4.9581470E+05   0.0000000E+00   0.0000000E+00   0.0000000E+00   0.0000000E+00   0.0000000E+00
   3.1164318E-03   4.9258299E+05   4.9258299E+05   2.5503437E+05   5.4733585E+03   -9.6125901E+01   4.9115016E+05   4.9258299E+05   0.0000000E+00   0.0000000E+00   0.0000000E+00   0.0000000E+00   0.0000000E+00
   3.4966940E-03   4.8875809E+05   4.8875809E+05   1.9593404E+05   4.6462465E+03   -8.6563084E+01   4.8704166E+05   4.8875809E+05   0.0000000E+00   0.0000000E+00   0.0000000E+00   0.0000000E+00   0.0000000E+00
   3.9233552E-03   4.8428558E+05   4.8428558E+05   1.4070927E+05   3.7989326E+03   -6.0404460E+01   4.8230407E+05   4.8428558E+05   0.0000000E+00   0.0000000E+00   0.0000000E+00   0.0000000E+00   0.0000000E+00
   4.4020769E-03   4.7912341E+05   4.7912341E+05   9.4103495E+04   2.9802176E+03   -1.9168103E+01   4.7691811E+05   4.7912341E+05   0.0000000E+00   0.0000000E+00   0.0000000E+00   0.0000000E+00   0.0000000E+00
   4.9392116E-03   4.7324261E+05   4.7324261E+05   6.0343181E+04   2.2471706E+03   2.8867213E+01   4.7087533E+05   4.7324261E+05   0.0000000E+00   0.0000000E+00   0.0000000E+00   0.0000000E+00   0.0000000E+00
   5.5418865E-03   4.6662160E+05   4.6662160E+05   4.1349370E+04   1.6523978E+03   6.7837253E+01   4.6416448E+05   4.6662160E+05   0.0000000E+00   0.0000000E+00   0.0000000E+00   0.0000000E+00   0.0000000E+00
   6.2180990E-03   4.5923283E+05   4.5923283E+05   3.4935674E+04   1.2250321E+03   7.8917151E+01   4.5675023E+05   4.5923283E+05   0.0000000E+00   0.0000000E+00   0.0000000E+00   0.0000000E+00   0.0000000E+00
   6.9768218E-03   4.5102634E+05   4.5102634E+05   3.4480015E+04   9.5292749E+02   5.2957061E+01   4.4855566E+05   4.5102634E+05   0.0000000E+00   0.0000000E+00   0.0000000E+00   0.0000000E+00   0.0000000E+00
   7.8281228E-03   4.4192029E+05   4.4192029E+05   3.1838324E+04   7.8110520E+02   5.9797526E+00   4.3946573E+05   4.4192029E+05   0.0000000E+00   0.0000000E+00   0.0000000E+00   0.0000000E+00   0.0000000E+00
   8.7832982E-03   4.3181426E+05   4.3181426E+05   2.3281747E+04   6.4022431E+02   -2.1684490E+01   4.2936504E+05   4.3181426E+05   0.0000000E+00   0.0000000E+00   0.0000000E+00   0.0000000E+00   0.0000000E+00
   9.8550227E-03   4.2062376E+05   4.2062376E+05   1.3409871E+04   4.9531152E+02   -2.9491130E+00   4.1818607E+05   4.2062376E+05   0.0000000E+00   0.0000000E+00   0.0000000E+00   0.0000000E+00   0.0000000E+00
   1.1057517E-02   4.0830317E+05   4.0830317E+05   9.6267107E+03   3.6702880E+02   2.8928409E+01   4.0590810E+05   4.0830317E+05   0.0000000E+00   0.0000000E+00   0.0000000E+00   0.0000000E+00   0.0000000E+00
   1.2406739E-02   3.9481925E+05   3.9481925E+05   1.0471056E+04   2.8445492E+02   1.6348497E+01   3.9249019E+05   3.9481925E+05   0.0000000E+00   0.0000000E+00   0.0000000E+00   0.0000000E+00   0.0000000E+00
   1.3920590E-02   3.8010919E+05   3.8010919E+05   7.8638390E+03   2.2825950E+02   -1.0314461E+01   3.7784582E+05   3.8010919E+05   0.0000000E+00   0.0000000E+00   0.0000000E+00   0.0000000E+00   0.0000000E+00
   1.5619158E-02   3.6410963E+05   3.6410963E+05   4.1898225E+03   1.7143385E+02   9.8366089E+00   3.6192352E+05   3.6410963E+05   0.0000000E+00   0.0000000E+00   0.0000000E+00   0.0000000E+00   0.0000000E+00
   1.7524984E-02   3.4680686E+05   3.4680686E+05   4.6062895E+03   1.3029430E+02   8.7860667E+00   3.4471739E+05   3.4680686E+05   0.0000000E+00   0.0000000E+00   0.0000000E+00   0.0000000E+00   0.0000000E+00
   1.9663355E-02   3.2820697E+05   3.2820697E+05   2.8566516E+03   1.0124737E+02   -2.9920590E+00   3.2621773E+05   3.2820697E+05   0.0000000E+00   0.0000000E+00   0.0000000E+00   0.0000000E+00   0.0000000E+00
   2.2062646E-02   3.0836351E+05   3.0836351E+05   2.3244358E+03   7.5071308E+01   8.7323392E+00   3.0648971E+05   3.0836351E+05   0.0000000E+00   0.0000000E+00   0.0000000E+00   0.0000000E+00   0.0000000E+00
   2.4754659E-02   2.8742312E+05   2.8742312E+05   1.5578132E+03   5.7381095E+01   -7.8035601E-01   2.8566978E+05   2.8742312E+05   0.0000000E+00   0.0000000E+00   0.0000000E+00   0.0000000E+00   0.0000000E+00
   2.7774687E-02   2.6564075E+05   2.6564075E+05   1.3970854E+03   4.2532856E+01   2.4902962E+00   2.6401743E+05   2.6564075E+05   0.0000000E+00   0.0000000E+00   0.0000000E+00   0.0000000E+00   0.0000000E+00
   3.1159156E-02   2.4344121E+05   2.4344121E+05   7.9987286E+02   3.1375824E+01   4.3175366E+00   2.4195038E+05   2.4344121E+05   0.0000000E+00   0.0000000E+00   0.0000000E+00   0.0000000E+00   0.0000000E+00
   3.4931563E-02   2.2149539E+05   2.2149539E+05   5.7505937E+02   2.3188674E+01   1.0102776E+00   2.2013646E+05   2.2149539E+05   0.0000000E+00   0.0000000E+00   0.0000000E+00   0.0000000E+00   0.0000000E+00
   3.9055602E-02   2.0083906E+05   2.0083906E+05   4.7285418E+02   1.7013957E+01   -1.9353955E-01   1.9960538E+05   2.0083906E+05   0.0000000E+00   0.0000000E+00   0.0000000E+00   0.0000000E+00   0.0000000E+00
   4.3361287E-02   1.8279059E+05   1.8279059E+05   3.8421643E+02   1.2563021E+01   1.1889349E-01   1.8166676E+05   1.8279059E+05   0.0000000E+00   0.0000000E+00   0.0000000E+00   0.0000000E+00   0.0000000E+00
   4.7575301E-02   1.6824539E+05   1.6824539E+05   3.0094435E+02   9.5087596E+00   1.0948292E+00   1.6721030E+05   1.6824539E+05   0.0000000E+00   0.0000000E+00   0.0000000E+00   0.0000000E+00   0.0000000E+00
   5.1516927E-02   1.5700715E+05   1.5700715E+05   2.1119715E+02   7.4531491E+00   1.7683664E+00   1.5604071E+05   1.5700715E+05   0.0000000E+00   0.0000000E+00   0.0000000E+00   0.0000000E+00   0.0000000E+00
   5.5172153E-02   1.4823211E+05   1.4823211E+05   1.5239845E+02   6.0525620E+00   9.8551782E-01   1.4731931E+05   1.4823211E+05   0.0000000E+00   0.0000000E+00   0.0000000E+00   0.0000000E+00   0.0000000E+00
   5.8601498E-02   1.4110795E+05   1.4110795E+05   1.5068810E+02   5.0372693E+00   3.0842530E-01   1.4023873E+05   1.4110795E+05   0.0000000E+00   0.0000000E+00   0.0000000E+00   0.0000000E+00   0.0000000E+00
   6.1871216E-02   1.3505020E+05   1.3505020E+05   1.3520947E+02   4.2516290E+00   1.0701741E+00   1.3421811E+05   1.3505020E+05   0.0000000E+00   0.0000000E+00   0.0000000E+00   0.0000000E+00   0.0000000E+00
   6.5034736E-02   1.2966603E+05   1.2966603E+05   9.7435711E+01   3.6532014E+00   8.9856740E-01   1.2886695E+05   1.2966603E+05   0.0000000E+00   0.0000000E+00   0.0000000E+00   0.0000000E+00   0.0000000E+00
   6.8132367E-02   1.2469274E+05   1.2469274E+05   1.0090544E+02   3.1819112E+00   2.9422987E-01   1.2392416E+05   1.2469274E+05   0.0000000E+00   0.0000000E+00   0.0000000E+00   0.0000000E+00   0.0000000E+00
   7.1194469E-02   1.1995489E+05   1.1995489E+05   8.6398983E+01   2.7802414E+00   1.1264431E+00   1.1921543E+05   1.1995489E+05   0.0000000E+00   0.0000000E+00   0.0000000E+00   0.0000000E+00   0.0000000E+00
   7.4244365E-02   1.1533865E+05   1.1533865E+05   6.6701464E+01   2.4646553E+00   3.8512995E-01   1.1462752E+05   1.1533865E+05   0.0000000E+00   0.0000000E+00   0.0000000E+00   0.0000000E+00   0.0000000E+00
   7.7300465E-02   1.1077623E+05   1.1077623E+05   7.4988625E+01   2.1882807E+00   6.0398050E-01   1.1009317E+05   1.1077623E+05   0.0000000E+00   0.0000000E+00   0.0000000E+00   0.0000000E+00   0.0000000E+00
   8.0377720E-02   1.0623640E+05   1.0623640E+05   5.1739850E+01   1.9513888E+00   8.5833627E-01   1.0558126E+05   1.0623640E+05   0.0000000E+00   0.0000000E+00   0.0000000E+00   0.0000000E+00   0.0000000E+00
   8.3488622E-02   1.0171757E+05   1.0171757E+05   5.3719288E+01   1.7543032E+00   1.8791367E-01   1.0109023E+05   1.0171757E+05   0.0000000E+00   0.0000000E+00   0.0000000E+00   0.0000000E+00   0.0000000E+00
   8.6643890E-02   9.7242013E+04   9.7242013E+04   4.8989386E+01   1.5702261E+00   8.0513826E-01   9.6642235E+04   9.7242013E+04   0.0000000E+00   0.0000000E+00   0.0000000E+00   0.0000000E+00   0.0000000E+00
   8.9852952E-02   9.2850254E+04   9.2850254E+04   3.5811012E+01   1.4140026E+00   4.9330563E-01   9.2277508E+04   9.2850254E+04   0.0000000E+00   0.0000000E+00   0.0000000E+00   0.0000000E+00   0.0000000E+00
   9.3124289E-02   8.8594843E+04   8.8594843E+04   3.9382552E+01   1.2733793E+00   2.6962631E-01   8.8048304E+04   8.8594843E+04   0.0000000E+00   0.0000000E+00   0.0000000E+00   0.0000000E+00   0.0000000E+00
   9.6465679E-02   8.4533529E+04   8.4533529E+04   3.3447941E+01   1.1423739E+00   6.5250933E-01   8.4012022E+04   8.4533529E+04   0.0000000E+00   0.0000000E+00   0.0000000E+00   0.0000000E+00   0.0000000E+00
   9.9884384E-02   8.0721828E+04   8.0721828E+04   2.5487370E+01   1.0267335E+00   4.8527117E-01   8.0223800E+04   8.0721828E+04   0.0000000E+00   0.0000000E+00   0.0000000E+00   0.0000000E+00   0.0000000E+00
   1.0338728E-01   7.7205368E+04   7.7205368E+04   2.6377206E+01   9.2228634E-01   2.1685262E-01   7.6728997E+04   7.7205368E+04   0.0000000E+00   0.0000000E+00   0.0000000E+00   0.0000000E+00   0.0000000E+00
   1.0698098E-01   7.4012720E+04   7.4012720E+04   2.5542090E+01   8.2500186E-01   4.0641229E-01   7.3556035E+04   7.4012720E+04   0.0000000E+00   0.0000000E+00   0.0000000E+00   0.0000000E+00   0.0000000E+00
   1.1067186E-01   7.1149548E+04   7.1149548E+04   1.9633393E+01   7.3684201E-01   5.5189674E-01   7.0710515E+04   7.1149548E+04   0.0000000E+00   0.0000000E+00   0.0000000E+00   0.0000000E+00   0.0000000E+00
   1.1446619E-01   6.8595065E+04   6.8595065E+04   1.6429611E+01   6.5876019E-01   3.7331135E-01   6.8171766E+04   6.8595065E+04   0.0000000E+00   0.0000000E+00   0.0000000E+00   0.0000000E+00   0.0000000E+00
   1.1837012E-01   6.6301760E+04   6.6301760E+04   1.6978095E+01   5.8872948E-01   2.2734952E-01   6.5892589E+04   6.6301760E+04   0.0000000E+00   0.0000000E+00   0.0000000E+00   0.0000000E+00   0.0000000E+00
   1.2238975E-01   6.4199123E+04   6.4199123E+04   1.6848728E+01   5.2570359E-01   2.6749241E-01   6.3802914E+04   6.4199123E+04   0.0000000E+00   0.0000000E+00   0.0000000E+00   0.0000000E+00   0.0000000E+00
   1.2653115E-01   6.2201584E+04   6.2201584E+04   1.4946546E+01   4.6984905E-01   3.4734951E-01   6.1817692E+04   6.2201584E+04   0.0000000E+00   0.0000000E+00   0.0000000E+00   0.0000000E+00   0.0000000E+00
   1.3080036E-01   6.0220206E+04   6.0220206E+04   1.2647947E+01   4.2092889E-01   3.7617706E-01   5.9848533E+04   6.0220206E+04   0.0000000E+00   0.0000000E+00   0.0000000E+00   0.0000000E+00   0.0000000E+00
   1.3520343E-01   5.8176769E+04   5.8176769E+04   1.0767167E+01   3.7818125E-01   3.6354917E-01   5.7817698E+04   5.8176769E+04   0.0000000E+00   0.0000000E+00   0.0000000E+00   0.0000000E+00   0.0000000E+00
   1.3974644E-01   5.6017984E+04   5.6017984E+04   9.3565768E+00   3.4071934E-01   3.3374545E-01   5.5672228E+04   5.6017984E+04   0.0000000E+00   0.0000000E+00   0.0000000E+00   0.0000000E+00   0.0000000E+00
   1.4443546E-01   5.3726912E+04   5.3726912E+04   8.2720363E+00   3.0765774E-01   3.0142123E-01   5.3395287E+04   5.3726912E+04   0.0000000E+00   0.0000000E+00   0.0000000E+00   0.0000000E+00   0.0000000E+00
   1.4927663E-01   5.1328455E+04   5.1328455E+04   7.3823294E+00   2.7814551E-01   2.7485264E-01   5.1011625E+04   5.1328455E+04   0.0000000E+00   0.0000000E+00   0.0000000E+00   0.0000000E+00   0.0000000E+00
   1.5427610E-01   4.8886414E+04   4.8886414E+04   6.6223797E+00   2.5142848E-01   2.5810519E-01   4.8584650E+04   4.8886414E+04   0.0000000E+00   0.0000000E+00   0.0000000E+00   0.0000000E+00   0.0000000E+00
   1.5944009E-01   4.6491076E+04   4.6491076E+04   6.0071321E+00   2.2691296E-01   2.5297446E-01   4.6204089E+04   4.6491076E+04   0.0000000E+00   0.0000000E+00   0.0000000E+00   0.0000000E+00   0.0000000E+00
   1.6477485E-01   4.4238644E+04   4.4238644E+04   5.5872688E+00   2.0421142E-01   2.5738996E-01   4.3965553E+04   4.4238644E+04   0.0000000E+00   0.0000000E+00   0.0000000E+00   0.0000000E+00   0.0000000E+00
   1.7028673E-01   4.2206551E+04   4.2206551E+04   5.3330442E+00   1.8316477E-01   2.5682029E-01   4.1945998E+04   4.2206551E+04   0.0000000E+00   0.0000000E+00   0.0000000E+00   0.0000000E+00   0.0000000E+00
   1.7598210E-01   4.0431005E+04   4.0431005E+04   5.0099896E+00   1.6380545E-01   2.2578608E-01   4.0181408E+04   4.0431005E+04   0.0000000E+00   0.0000000E+00   0.0000000E+00   0.0000000E+00   0.0000000E+00
   1.8186747E-01   3.8894051E+04   3.8894051E+04   4.3279933E+00   1.4621042E-01   1.7348932E-01   3.8653940E+04   3.8894051E+04   0.0000000E+00   0.0000000E+00   0.0000000E+00   0.0000000E+00   0.0000000E+00
   1.8794943E-01   3.7526030E+04   3.7526030E+04   3.5307069E+00   1.3036775E-01   1.7304390E-01   3.7294361E+04   3.7526030E+04   0.0000000E+00   0.0000000E+00   0.0000000E+00   0.0000000E+00   0.0000000E+00
   1.9423468E-01   3.6225250E+04   3.6225250E+04   3.3253973E+00   1.1632143E-01   2.1415665E-01   3.6001607E+04   3.6225250E+04   0.0000000E+00   0.0000000E+00   0.0000000E+00   0.0000000E+00   0.0000000E+00
   2.0073009E-01   3.4890697E+04   3.4890697E+04   3.2757833E+00   1.0415260E-01   1.7648666E-01   3.4675290E+04   3.4890697E+04   0.0000000E+00   0.0000000E+00   0.0000000E+00   0.0000000E+00   0.0000000E+00
   2.0744272E-01   3.3457474E+04   3.3457474E+04   2.6280104E+00   9.3526363E-02   1.6282389E-01   3.3250913E+04   3.3457474E+04   0.0000000E+00   0.0000000E+00   0.0000000E+00   0.0000000E+00   0.0000000E+00
   2.1437983E-01   3.1921288E+04   3.1921288E+04   2.5164537E+00   8.4129928E-02   1.7568567E-01   3.1724208E+04   3.1921288E+04   0.0000000E+00   0.0000000E+00   0.0000000E+00   0.0000000E+00   0.0000000E+00
   2.2154894E-01   3.0340173E+04   3.0340173E+04   2.1835849E+00   7.5728513E-02   1.4838734E-01   3.0152852E+04   3.0340173E+04   0.0000000E+00   0.0000000E+00   0.0000000E+00   0.0000000E+00   0.0000000E+00
   2.2895792E-01   2.8809633E+04   2.8809633E+04   1.9639416E+00   6.8016238E-02   1.5275606E-01   2.8631759E+04   2.8809633E+04   0.0000000E+00   0.0000000E+00   0.0000000E+00   0.0000000E+00   0.0000000E+00
   2.3661497E-01   2.7419406E+04   2.7419406E+04   1.7047030E+00   6.0908906E-02   1.3542937E-01   2.7250116E+04   2.7419406E+04   0.0000000E+00   0.0000000E+00   0.0000000E+00   0.0000000E+00   0.0000000E+00
   2.4452878E-01   2.6210818E+04   2.6210818E+04   1.6140101E+00   5.4341538E-02   1.4544566E-01   2.6048987E+04   2.6210818E+04   0.0000000E+00   0.0000000E+00   0.0000000E+00   0.0000000E+00   0.0000000E+00
   2.5270856E-01   2.5156679E+04   2.5156679E+04   1.3468692E+00   4.8442643E-02   1.2193603E-01   2.5001355E+04   2.5156679E+04   0.0000000E+00   0.0000000E+00   0.0000000E+00   0.0000000E+00   0.0000000E+00
   2.6116412E-01   2.4176794E+04   2.4176794E+04   1.2523213E+00   4.3194134E-02   1.1189497E-01   2.4027519E+04   2.4176794E+04   0.0000000E+00   0.0000000E+00   0.0000000E+00   0.0000000E+00   0.0000000E+00
   2.6990604E-01   2.3183398E+04   2.3183398E+04   1.1712883E+00   3.8585499E-02   1.2345189E-01   2.3040256E+04   2.3183398E+04   0.0000000E+00   0.0000000E+00   0.0000000E+00   0.0000000E+00   0.0000000E+00
   2.7894576E-01   2.2131652E+04   2.2131652E+04   1.0345105E+00   3.4555824E-02   1.2750552E-01   2.1995002E+04   2.2131652E+04   0.0000000E+00   0.0000000E+00   0.0000000E+00   0.0000000E+00   0.0000000E+00
   2.8829570E-01   2.1043723E+04   2.1043723E+04   9.0355163E-01   3.0977517E-02   1.2173192E-01   2.0913789E+04   2.1043723E+04   0.0000000E+00   0.0000000E+00   0.0000000E+00   0.0000000E+00   0.0000000E+00
   2.9796949E-01   1.9988891E+04   1.9988891E+04   7.9924868E-01   2.7726459E-02   1.1430175E-01   1.9865469E+04   1.9988891E+04   0.0000000E+00   0.0000000E+00   0.0000000E+00   0.0000000E+00   0.0000000E+00
   3.0798212E-01   1.9031430E+04   1.9031430E+04   7.1773445E-01   2.4746671E-02   1.0561910E-01   1.8913920E+04   1.9031430E+04   0.0000000E+00   0.0000000E+00   0.0000000E+00   0.0000000E+00   0.0000000E+00
   3.1835018E-01   1.8183415E+04   1.8183415E+04   6.5019774E-01   2.2041756E-02   9.4013799E-02   1.8071140E+04   1.8183415E+04   0.0000000E+00   0.0000000E+00   0.0000000E+00   0.0000000E+00   0.0000000E+00
   3.2909216E-01   1.7399311E+04   1.7399311E+04   5.7969783E-01   1.9628148E-02   8.6159433E-02   1.7291877E+04   1.7399311E+04   0.0000000E+00   0.0000000E+00   0.0000000E+00   0.0000000E+00   0.0000000E+00
   3.4022873E-01   1.6617651E+04   1.6617651E+04   5.0214632E-01   1.7500140E-02   8.3251673E-02   1.6515043E+04   1.6617651E+04   0.0000000E+00   0.0000000E+00   0.0000000E+00   0.0000000E+00   0.0000000E+00
   3.5178316E-01   1.5814188E+04   1.5814188E+04   4.5395181E-01   1.5616032E-02   8.3023202E-02   1.5716541E+04   1.5814188E+04   0.0000000E+00   0.0000000E+00   0.0000000E+00   0.0000000E+00   0.0000000E+00
   3.6378179E-01   1.5017839E+04   1.5017839E+04   4.0437539E-01   1.3928583E-02   7.4209595E-02   1.4925109E+04   1.5017839E+04   0.0000000E+00   0.0000000E+00   0.0000000E+00   0.0000000E+00   0.0000000E+00
   3.7625459E-01   1.4274273E+04   1.4274273E+04   3.5841061E-01   1.2386599E-02   7.8489931E-02   1.4186133E+04   1.4274273E+04   0.0000000E+00   0.0000000E+00   0.0000000E+00   0.0000000E+00   0.0000000E+00
   3.8923587E-01   1.3595464E+04   1.3595464E+04   3.1560205E-01   1.1000545E-02   6.5855015E-02   1.3511515E+04   1.3595464E+04   0.0000000E+00   0.0000000E+00   0.0000000E+00   0.0000000E+00   0.0000000E+00
   4.0276515E-01   1.2950513E+04   1.2950513E+04   2.8458079E-01   9.7614201E-03   6.0442530E-02   1.2870547E+04   1.2950513E+04   0.0000000E+00   0.0000000E+00   0.0000000E+00   0.0000000E+00   0.0000000E+00
   4.1688831E-01   1.2306771E+04   1.2306771E+04   2.5324935E-01   8.6614834E-03   5.8356649E-02   1.2230779E+04   1.2306771E+04   0.0000000E+00   0.0000000E+00   0.0000000E+00   0.0000000E+00   0.0000000E+00
   4.3165894E-01   1.1668295E+04   1.1668295E+04   2.2385585E-01   7.6760891E-03   5.6577133E-02   1.1596245E+04   1.1668295E+04   0.0000000E+00   0.0000000E+00   0.0000000E+00   0.0000000E+00   0.0000000E+00
   4.4714022E-01   1.1061513E+04   1.1061513E+04   1.9702968E-01   6.7841005E-03   5.6884507E-02   1.0993209E+04   1.1061513E+04   0.0000000E+00   0.0000000E+00   0.0000000E+00   0.0000000E+00   0.0000000E+00
   4.6340723E-01   1.0491846E+04   1.0491846E+04   1.7258026E-01   5.9817517E-03   5.3708681E-02   1.0427060E+04   1.0491846E+04   0.0000000E+00   0.0000000E+00   0.0000000E+00   0.0000000E+00   0.0000000E+00
   4.8055014E-01   9.9383349E+03   9.9383349E+03   1.5339550E-01   5.2660005E-03   5.0802745E-02   9.8769666E+03   9.9383349E+03   0.0000000E+00   0.0000000E+00   0.0000000E+00   0.0000000E+00   0.0000000E+00
   4.9867841E-01   9.3910142E+03   9.3910142E+03   1.3396831E-01   4.6248860E-03   4.9303233E-02   9.3330255E+03   9.3910142E+03   0.0000000E+00   0.0000000E+00   0.0000000E+00   0.0000000E+00   0.0000000E+00
   5.1792653E-01   8.8622784E+03   8.8622784E+03   1.1712947E-01   4.0472471E-03   4.6791142E-02   8.8075545E+03   8.8622784E+03   0.0000000E+00   0.0000000E+00   0.0000000E+00   0.0000000E+00   0.0000000E+00
   5.3846201E-01   8.3549904E+03   8.3549904E+03   1.0244159E-01   3.5284716E-03   3.9934689E-02   8.3033988E+03   8.3549904E+03   0.0000000E+00   0.0000000E+00   0.0000000E+00   0.0000000E+00   0.0000000E+00
   5.6049662E-01   7.8567892E+03   7.8567892E+03   8.8691978E-02   3.0615503E-03   4.1776329E-02   7.8082738E+03   7.8567892E+03   0.0000000E+00   0.0000000E+00   0.0000000E+00   0.0000000E+00   0.0000000E+00
   5.8430264E-01   7.3674386E+03   7.3674386E+03   7.6617246E-02   2.6427735E-03   3.8028317E-02   7.3219448E+03   7.3674386E+03   0.0000000E+00   0.0000000E+00   0.0000000E+00   0.0000000E+00   0.0000000E+00
   6.1023668E-01   6.8901583E+03   6.8901583E+03   6.5631276E-02   2.2652462E-03   3.5685259E-02   6.8476117E+03   6.8901583E+03   0.0000000E+00   0.0000000E+00   0.0000000E+00   0.0000000E+00   0.0000000E+00
   6.3877539E-01   6.4176875E+03   6.4176875E+03   5.5819694E-02   1.9256295E-03   3.4049249E-02   6.3780582E+03   6.4176875E+03   0.0000000E+00   0.0000000E+00   0.0000000E+00   0.0000000E+00   0.0000000E+00
   6.7056981E-01   5.9492760E+03   5.9492760E+03   4.6977775E-02   1.6201381E-03   2.9441896E-02   5.9125390E+03   5.9492760E+03   0.0000000E+00   0.0000000E+00   0.0000000E+00   0.0000000E+00   0.0000000E+00
   7.0652921E-01   5.4817723E+03   5.4817723E+03   3.8982645E-02   1.3445204E-03   2.8058867E-02   5.4479222E+03   5.4817723E+03   0.0000000E+00   0.0000000E+00   0.0000000E+00   0.0000000E+00   0.0000000E+00
   7.4794923E-01   5.0114387E+03   5.0114387E+03   3.1799771E-02   1.0968783E-03   2.5104851E-02   4.9804928E+03   5.0114387E+03   0.0000000E+00   0.0000000E+00   0.0000000E+00   0.0000000E+00   0.0000000E+00
   7.9669905E-01   4.5348412E+03   4.5348412E+03   2.5361263E-02   8.7484506E-04   2.2279778E-02   4.5068383E+03   4.5348412E+03   0.0000000E+00   0.0000000E+00   0.0000000E+00   0.0000000E+00   0.0000000E+00
   8.5545305E-01   4.0493451E+03   4.0493451E+03   1.9642467E-02   6.7743000E-04   2.1179462E-02   4.0243401E+03   4.0493451E+03   0.0000000E+00   0.0000000E+00   0.0000000E+00   0.0000000E+00   0.0000000E+00
   9.2782490E-01   3.5555967E+03   3.5555967E+03   1.4661558E-02   5.0572851E-04   1.7573482E-02   3.5336406E+03   3.5555967E+03   0.0000000E+00   0.0000000E+00   0.0000000E+00   0.0000000E+00   0.0000000E+00
   1.0179439E+00   3.0622119E+03   3.0622119E+03   1.0490194E-02   3.6176960E-04   1.5883465E-02   3.0433025E+03   3.0622119E+03   0.0000000E+00   0.0000000E+00   0.0000000E+00   0.0000000E+00   0.0000000E+00
   1.1288915E+00   2.5889111E+03   2.5889111E+03   7.2111628E-03   2.4870820E-04   1.3037808E-02   2.5729243E+03   2.5889111E+03   0.0000000E+00   0.0000000E+00   0.0000000E+00   0.0000000E+00   0.0000000E+00
   1.2610590E+00   2.1602821E+03   2.1602821E+03   4.8220205E-03   1.6631687E-04   1.0779430E-02   2.1469421E+03   2.1602821E+03   0.0000000E+00   0.0000000E+00   0.0000000E+00   0.0000000E+00   0.0000000E+00
   1.4132738E+00   1.7906778E+03   1.7906778E+03   3.1823606E-03   1.0975424E-04   9.1061747E-03   1.7796201E+03   1.7906778E+03   0.0000000E+00   0.0000000E+00   0.0000000E+00   0.0000000E+00   0.0000000E+00
   1.5853701E+00   1.4800546E+03   1.4800546E+03   2.0902405E-03   7.2081922E-05   7.7765684E-03   1.4709151E+03   1.4800546E+03   0.0000000E+00   0.0000000E+00   0.0000000E+00   0.0000000E+00   0.0000000E+00
   1.7787626E+00   1.2213961E+03   1.2213961E+03   1.3702440E-03   4.7253897E-05   6.2996928E-03   1.2138539E+03   1.2213961E+03   0.0000000E+00   0.0000000E+00   0.0000000E+00   0.0000000E+00   0.0000000E+00
   1.9957991E+00   1.0067007E+03   1.0067007E+03   8.9710568E-04   3.0941632E-05   5.0163943E-03   1.0004842E+03   1.0067007E+03   0.0000000E+00   0.0000000E+00   0.0000000E+00   0.0000000E+00   0.0000000E+00
   2.2393231E+00   8.2880649E+02   8.2880649E+02   5.8666813E-04   2.0232264E-05   4.2494540E-03   8.2368850E+02   8.2880649E+02   0.0000000E+00   0.0000000E+00   0.0000000E+00   0.0000000E+00   0.0000000E+00
   2.5125618E+00   6.8161779E+02   6.8161779E+02   3.8324664E-04   1.3217073E-05   3.5354312E-03   6.7740870E+02   6.8161779E+02   0.0000000E+00   0.0000000E+00   0.0000000E+00   0.0000000E+00   0.0000000E+00
   2.8191407E+00   5.5999817E+02   5.5999817E+02   2.5010605E-04   8.6265696E-06   2.7764091E-03   5.5654011E+02   5.5999817E+02   0.0000000E+00   0.0000000E+00   0.0000000E+00   0.0000000E+00   0.0000000E+00
   3.1631279E+00   4.5963382E+02   4.5963382E+02   1.6305973E-04   5.6238003E-06   2.3496825E-03   4.5679552E+02   4.5963382E+02   0.0000000E+00   0.0000000E+00   0.0000000E+00   0.0000000E+00   0.0000000E+00
   3.5490879E+00   3.7690952E+02   3.7690952E+02   1.0621141E-04   3.6633712E-06   1.9188287E-03   3.7458205E+02   3.7690952E+02   0.0000000E+00   0.0000000E+00   0.0000000E+00   0.0000000E+00   0.0000000E+00
   3.9821421E+00   3.0880261E+02   3.0880261E+02   6.9121483E-05   2.3840213E-06   1.6009855E-03   3.0689571E+02   3.0880261E+02   0.0000000E+00   0.0000000E+00   0.0000000E+00   0.0000000E+00   0.0000000E+00
   4.4680369E+00   2.5279084E+02   2.5279084E+02   4.4946337E-05   1.5504476E-06   1.2655486E-03   2.5122982E+02   2.5279084E+02   0.0000000E+00   0.0000000E+00   0.0000000E+00   0.0000000E+00   0.0000000E+00
   5.0132199E+00   2.0677354E+02   2.0677354E+02   2.9202980E-05   1.0074302E-06   1.0478108E-03   2.0549669E+02   2.0677354E+02   0.0000000E+00   0.0000000E+00   0.0000000E+00   0.0000000E+00   0.0000000E+00
   5.6249252E+00   1.6900423E+02   1.6900423E+02   1.8957979E-05   6.5416509E-07   8.3586980E-04   1.6796060E+02   1.6900423E+02   0.0000000E+00   0.0000000E+00   0.0000000E+00   0.0000000E+00   0.0000000E+00
   6.3112699E+00   1.3803331E+02   1.3803331E+02   1.2306550E-05   4.2437006E-07   7.2339573E-04   1.3718094E+02   1.3803331E+02   0.0000000E+00   0.0000000E+00   0.0000000E+00   0.0000000E+00   0.0000000E+00
   7.0813613E+00   1.1265953E+02   1.1265953E+02   7.9763475E-06   2.7520278E-07   5.6270997E-04   1.1196384E+02   1.1265953E+02   0.0000000E+00   0.0000000E+00   0.0000000E+00   0.0000000E+00   0.0000000E+00
   7.9454181E+00   9.1888811E+01   9.1888811E+01   5.1672093E-06   1.7832134E-07   4.6953846E-04   9.1321384E+01   9.1888811E+01   0.0000000E+00   0.0000000E+00   0.0000000E+00   0.0000000E+00   0.0000000E+00
   8.9149057E+00   7.4899749E+01   7.4899749E+01   3.3454573E-06   1.1548822E-07   3.7930703E-04   7.4437232E+01   7.4899749E+01   0.0000000E+00   0.0000000E+00   0.0000000E+00   0.0000000E+00   0.0000000E+00
