#           k/h    CDM            baryon         photon         nu             mass_nu        total          no_nu          total_de       Weyl           v_CDM          v_b            v_b-v_c     
   1.1057517E-05   5.6553023E+06   5.6553023E+06   7.5392931E+06   8.7684923E+03   4.6481106E+05   5.6554032E+06   5.6553023E+06   0.0000000E+00   0.0000000E+00   0.0000000E+00   0.0000000E+00   0.0000000E+00
   1.2406739E-05   5.6553008E+06   5.6553008E+06   7.5390039E+06   8.7682834E+03   4.6480455E+05   5.6554017E+06   5.6553008E+06   0.0000000E+00   0.0000000E+00   0.0000000E+00   0.0000000E+00   0.0000000E+00
   1.3920590E-05   5.6552990E+06   5.6552990E+06   7.5386397E+06   8.7680204E+03   4.6479634E+05   5.6553997E+06   5.6552990E+06   0.0000000E+00   0.0000000E+00   0.0000000E+00   0.0000000E+00   0.0000000E+00
   1.5619158E-05   5.6552968E+06   5.6552968E+06   7.5381814E+06   8.7676894E+03   4.6478601E+05   5.6553973E+06   5.6552968E+06   0.0000000E+00   0.0000000E+00   0.0000000E+00   0.0000000E+00   0.0000000E+00
   1.7524984E-05   5.6552940E+06   5.6552940E+06   7.5376043E+06   8.7672727E+03   4.6477301E+05   5.6553943E+06   5.6552940E+06   0.0000000E+00   0.0000000E+00   0.0000000E+00   0.0000000E+00   0.0000000E+00
   1.9663355E-05   5.6552904E+06   5.6552904E+06   7.5368780E+06   8.7667482E+03   4.6475665E+05   5.6553904E+06   5.6552904E+06   0.0000000E+00   0.0000000E+00   0.0000000E+00   0.0000000E+00   0.0000000E+00
   2.2062648E-05   5.6552859E+06   5.6552859E+06   7.5359636E+06   8.7660878E+03   4.6473605E+05   5.6553856E+06   5.6552859E+06   0.0000000E+00   0.0000000E+00   0.0000000E+00   0.0000000E+00   0.0000000E+00
   2.4754698E-05   5.6552803E+06   5.6552803E+06   7.5348127E+06   8.7652566E+03   4.6471012E+05   5.6553795E+06   5.6552803E+06   0.0000000E+00   0.0000000E+00   0.0000000E+00   0.0000000E+00   0.0000000E+00
   2.7775228E-05   5.6552732E+06   5.6552732E+06   7.5333639E+06   8.7642102E+03   4.6467749E+05   5.6553719E+06   5.6552732E+06   0.0000000E+00   0.0000000E+00   0.0000000E+00   0.0000000E+00   0.0000000E+00
   3.1164318E-05   5.6552642E+06   5.6552642E+06   7.5315405E+06   8.7628931E+03   4.6463643E+05   5.6553623E+06   5.6552642E+06   0.0000000E+00   0.0000000E+00   0.0000000E+00   0.0000000E+00   0.0000000E+00
   3.4966940E-05   5.6552530E+06   5.6552530E+06   7.5292455E+06   8.7612354E+03   4.6458475E+05   5.6553501E+06   5.6552530E+06   0.0000000E+00   0.0000000E+00   0.0000000E+00   0.0000000E+00   0.0000000E+00
   3.9233552E-05   5.6552388E+06   5.6552388E+06   7.5263572E+06   8.7591489E+03   4.6451973E+05   5.6553349E+06   5.6552388E+06   0.0000000E+00   0.0000000E+00   0.0000000E+00   0.0000000E+00   0.0000000E+00
   4.4020769E-05   5.6552209E+06   5.6552209E+06   7.5227225E+06   8.7565230E+03   4.6443793E+05   5.6553156E+06   5.6552209E+06   0.0000000E+00   0.0000000E+00   0.0000000E+00   0.0000000E+00   0.0000000E+00
   4.9392116E-05   5.6551985E+06   5.6551985E+06   7.5181492E+06   8.7532184E+03   4.6433505E+05   5.6552915E+06   5.6551985E+06   0.0000000E+00   0.0000000E+00   0.0000000E+00   0.0000000E+00   0.0000000E+00
   5.5418865E-05   5.6551702E+06   5.6551702E+06   7.5123955E+06   8.7490602E+03   4.6420566E+05   5.6552610E+06   5.6551702E+06   0.0000000E+00   0.0000000E+00   0.0000000E+00   0.0000000E+00   0.0000000E+00
   6.2180990E-05   5.6551346E+06   5.6551346E+06   7.5051579E+06   8.7438286E+03   4.6404301E+05   5.6552227E+06   5.6551346E+06   0.0000000E+00   0.0000000E+00   0.0000000E+00   0.0000000E+00   0.0000000E+00
   6.9768218E-05   5.6550898E+06   5.6550898E+06   7.4960559E+06   8.7372476E+03   4.6383859E+05   5.6551745E+06   5.6550898E+06   0.0000000E+00   0.0000000E+00   0.0000000E+00   0.0000000E+00   0.0000000E+00
   7.8281228E-05   5.6550334E+06   5.6550334E+06   7.4846121E+06   8.7289706E+03   4.6358182E+05   5.6551137E+06   5.6550334E+06   0.0000000E+00   0.0000000E+00   0.0000000E+00   0.0000000E+00   0.0000000E+00
   8.7832982E-05   5.6549624E+06   5.6549624E+06   7.4702289E+06   8.7185633E+03   4.6325946E+05   5.6550373E+06   5.6549624E+06   0.0000000E+00   0.0000000E+00   0.0000000E+00   0.0000000E+00   0.0000000E+00
   9.8550227E-05   5.6548731E+06   5.6548731E+06   7.4521591E+06   8.7054815E+03   4.6285505E+05   5.6549412E+06   5.6548731E+06   0.0000000E+00   0.0000000E+00   0.0000000E+00   0.0000000E+00   0.0000000E+00
   1.1057517E-04   5.6547607E+06   5.6547607E+06   7.4294700E+06   8.6890447E+03   4.6234818E+05   5.6548202E+06   5.6547607E+06   0.0000000E+00   0.0000000E+00   0.0000000E+00   0.0000000E+00   0.0000000E+00
   1.2406739E-04   5.6546193E+06   5.6546193E+06   7.4009999E+06   8.6684027E+03   4.6171360E+05   5.6546681E+06   5.6546193E+06   0.0000000E+00   0.0000000E+00   0.0000000E+00   0.0000000E+00   0.0000000E+00
   1.3920590E-04   5.6544415E+06   5.6544415E+06   7.3653065E+06   8.6424961E+03   4.6092030E+05   5.6544767E+06   5.6544415E+06   0.0000000E+00   0.0000000E+00   0.0000000E+00   0.0000000E+00   0.0000000E+00
   1.5619158E-04   5.6542179E+06   5.6542179E+06   7.3206054E+06   8.6100084E+03   4.5993038E+05   5.6542359E+06   5.6542179E+06   0.0000000E+00   0.0000000E+00   0.0000000E+00   0.0000000E+00   0.0000000E+00
   1.7524984E-04   5.6539367E+06   5.6539367E+06   7.2646990E+06   8.5693087E+03   4.5869798E+05   5.6539333E+06   5.6539367E+06   0.0000000E+00   0.0000000E+00   0.0000000E+00   0.0000000E+00   0.0000000E+00
   1.9663355E-04   5.6535833E+06   5.6535833E+06   7.1948982E+06   8.5183862E+03   4.5716814E+05   5.6535530E+06   5.6535833E+06   0.0000000E+00   0.0000000E+00   0.0000000E+00   0.0000000E+00   0.0000000E+00
   2.2062648E-04   5.6531394E+06   5.6531394E+06   7.1079379E+06   8.4547750E+03   4.5527612E+05   5.6530753E+06   5.6531394E+06   0.0000000E+00   0.0000000E+00   0.0000000E+00   0.0000000E+00   0.0000000E+00
   2.4754698E-04   5.6525820E+06   5.6525820E+06   6.9998944E+06   8.3754735E+03   4.5294707E+05   5.6524756E+06   5.6525820E+06   0.0000000E+00   0.0000000E+00   0.0000000E+00   0.0000000E+00   0.0000000E+00
   2.7775228E-04   5.6518826E+06   5.6518826E+06   6.8661176E+06   8.2768627E+03   4.5009704E+05   5.6517231E+06   5.6518826E+06   0.0000000E+00   0.0000000E+00   0.0000000E+00   0.0000000E+00   0.0000000E+00
   3.1164318E-04   5.6510057E+06   5.6510057E+06   6.7011978E+06   8.1546334E+03   4.4663575E+05   5.6507800E+06   5.6510057E+06   0.0000000E+00   0.0000000E+00   0.0000000E+00   0.0000000E+00   0.0000000E+00
   3.4966940E-04   5.6499076E+06   5.6499076E+06   6.4990020E+06   8.0037399E+03   4.4247245E+05   5.6495990E+06   5.6499076E+06   0.0000000E+00   0.0000000E+00   0.0000000E+00   0.0000000E+00   0.0000000E+00
   3.9233552E-04   5.6485341E+06   5.6485341E+06   6.2528299E+06   7.8184078E+03   4.3752616E+05   5.6481223E+06   5.6485341E+06   0.0000000E+00   0.0000000E+00   0.0000000E+00   0.0000000E+00   0.0000000E+00
   4.4020769E-04   5.6468190E+06   5.6468190E+06   5.9557626E+06   7.5922376E+03   4.3174209E+05   5.6462790E+06   5.6468190E+06   0.0000000E+00   0.0000000E+00   0.0000000E+00   0.0000000E+00   0.0000000E+00
   4.9392116E-04   5.6446814E+06   5.6446814E+06   5.6013007E+06   7.3184659E+03   4.2511562E+05   5.6439826E+06   5.6446814E+06   0.0000000E+00   0.0000000E+00   0.0000000E+00   0.0000000E+00   0.0000000E+00
   5.5418865E-04   5.6420238E+06   5.6420238E+06   5.1844053E+06   6.9904619E+03   4.1772388E+05   5.6411291E+06   5.6420238E+06   0.0000000E+00   0.0000000E+00   0.0000000E+00   0.0000000E+00   0.0000000E+00
   6.2180990E-04   5.6387293E+06   5.6387293E+06   4.7030501E+06   6.6025574E+03   4.0976193E+05   5.6375943E+06   5.6387293E+06   0.0000000E+00   0.0000000E+00   0.0000000E+00   0.0000000E+00   0.0000000E+00
   6.9768218E-04   5.6346594E+06   5.6346594E+06   4.1603306E+06   6.1512993E+03   4.0157352E+05   5.6332317E+06   5.6346594E+06   0.0000000E+00   0.0000000E+00   0.0000000E+00   0.0000000E+00   0.0000000E+00
   7.8281228E-04   5.6296525E+06   5.6296525E+06   3.5670047E+06   5.6371694E+03   3.9365477E+05   5.6278711E+06   5.6296525E+06   0.0000000E+00   0.0000000E+00   0.0000000E+00   0.0000000E+00   0.0000000E+00
   8.7832982E-04   5.6235225E+06   5.6235225E+06   2.9439911E+06   5.0666769E+03   3.8659378E+05   5.6213179E+06   5.6235225E+06   0.0000000E+00   0.0000000E+00   0.0000000E+00   0.0000000E+00   0.0000000E+00
   9.8550227E-04   5.6160581E+06   5.6160581E+06   2.3237842E+06   4.4544651E+03   3.8089542E+05   5.6133542E+06   5.6160581E+06   0.0000000E+00   0.0000000E+00   0.0000000E+00   0.0000000E+00   0.0000000E+00
   1.1057517E-03   5.6070234E+06   5.6070234E+06   1.7490306E+06   3.8246400E+03   3.7664979E+05   5.6037393E+06   5.6070234E+06   0.0000000E+00   0.0000000E+00   0.0000000E+00   0.0000000E+00   0.0000000E+00
   1.2406739E-03   5.5961572E+06   5.5961572E+06   1.2660482E+06   3.2100179E+03   3.7307198E+05   5.5922125E+06   5.5961572E+06   0.0000000E+00   0.0000000E+00   0.0000000E+00   0.0000000E+00   0.0000000E+00
   1.3920590E-03   5.5831715E+06   5.5831715E+06   9.1179462E+05   2.6477115E+03   3.6812010E+05   5.5784926E+06   5.5831715E+06   0.0000000E+00   0.0000000E+00   0.0000000E+00   0.0000000E+00   0.0000000E+00
   1.5619158E-03   5.5677467E+06   5.5677467E+06   6.9615621E+05   2.1701264E+03   3.5867780E+05   5.5622755E+06   5.5677467E+06   0.0000000E+00   0.0000000E+00   0.0000000E+00   0.0000000E+00   0.0000000E+00
   1.7524984E-03   5.5495247E+06   5.5495247E+06   5.8820543E+05   1.7929455E+03   3.4194536E+05   5.5432269E+06   5.5495247E+06   0.0000000E+00   0.0000000E+00   0.0000000E+00   0.0000000E+00   0.0000000E+00
   1.9663355E-03   5.5281019E+06   5.5281019E+06   5.2209229E+05   1.5061600E+03   3.1811390E+05   5.5209741E+06   5.5281019E+06   0.0000000E+00   0.0000000E+00   0.0000000E+00   0.0000000E+00   0.0000000E+00
   2.2062648E-03   5.5030315E+06   5.5030315E+06   4.3439229E+05   1.2777838E+03   2.9245686E+05   5.4951013E+06   5.5030315E+06   0.0000000E+00   0.0000000E+00   0.0000000E+00   0.0000000E+00   0.0000000E+00
   2.4754698E-03   5.4738383E+06   5.4738383E+06   3.1582803E+05   1.0751930E+03   2.7275858E+05   5.4651562E+06   5.4738383E+06   0.0000000E+00   0.0000000E+00   0.0000000E+00   0.0000000E+00   0.0000000E+00
   2.7775228E-03   5.4400400E+06   5.4400400E+06   2.1845980E+05   8.9042694E+02   2.6065747E+05   5.4306624E+06   5.4400400E+06   0.0000000E+00   0.0000000E+00   0.0000000E+00   0.0000000E+00   0.0000000E+00
   3.1164318E-03   5.4011479E+06   5.4011479E+06   1.7870762E+05   7.3842474E+02   2.4716744E+05   5.3911188E+06   5.4011479E+06   0.0000000E+00   0.0000000E+00   0.0000000E+00   0.0000000E+00   0.0000000E+00
   3.4966940E-03   5.3566385E+06   5.3566385E+06   1.5284745E+05   6.2228557E+02   2.2667168E+05   5.3459815E+06   5.3566385E+06   0.0000000E+00   0.0000000E+00   0.0000000E+00   0.0000000E+00   0.0000000E+00
   3.9233552E-03   5.3059347E+06   5.3059347E+06   1.0678035E+05   5.2175598E+02   2.0922334E+05   5.2946619E+06   5.3059347E+06   0.0000000E+00   0.0000000E+00   0.0000000E+00   0.0000000E+00   0.0000000E+00
   4.4020769E-03   5.2484311E+06   5.2484311E+06   8.6034285E+04   4.3197693E+02   1.9517583E+05   5.2365611E+06   5.2484311E+06   0.0000000E+00   0.0000000E+00   0.0000000E+00   0.0000000E+00   0.0000000E+00
   4.9392116E-03   5.1835032E+06   5.1835032E+06   7.3944424E+04   3.6057830E+02   1.7423609E+05   5.1710730E+06   5.1835032E+06   0.0000000E+00   0.0000000E+00   0.0000000E+00   0.0000000E+00   0.0000000E+00
   5.5418865E-03   5.1105022E+06   5.1105022E+06   5.2186556E+04   2.9739748E+02   1.5897805E+05   5.0975711E+06   5.1105022E+06   0.0000000E+00   0.0000000E+00   0.0000000E+00   0.0000000E+00   0.0000000E+00
   6.2180990E-03   5.0287866E+06   5.0287866E+06   4.4734943E+04   2.4495792E+02   1.4131530E+05   5.0154338E+06   5.0287866E+06   0.0000000E+00   0.0000000E+00   0.0000000E+00   0.0000000E+00   0.0000000E+00
   6.9768218E-03   4.9377018E+06   4.9377018E+06   3.1716197E+04   2.0023281E+02   1.2789065E+05   4.9239967E+06   4.9377018E+06   0.0000000E+00   0.0000000E+00   0.0000000E+00   0.0000000E+00   0.0000000E+00
   7.8281228E-03   4.8365697E+06   4.8365697E+06   2.5032342E+04   1.6340476E+02   1.1159103E+05   4.8225761E+06   4.8365697E+06   0.0000000E+00   0.0000000E+00   0.0000000E+00   0.0000000E+00   0.0000000E+00
   8.7832982E-03   4.7247090E+06   4.7247090E+06   2.1194682E+04   1.3199881E+02   9.8217315E+04   4.7105323E+06   4.7247090E+06   0.0000000E+00   0.0000000E+00   0.0000000E+00   0.0000000E+00   0.0000000E+00
   9.8550227E-03   4.6014443E+06   4.6014443E+06   1.5875257E+04   1.0620419E+02   8.6247790E+04   4.5871722E+06   4.6014443E+06   0.0000000E+00   0.0000000E+00   0.0000000E+00   0.0000000E+00   0.0000000E+00
   1.1057517E-02   4.4660930E+06   4.4660930E+06   1.1989150E+04   8.4761753E+01   7.4870302E+04   4.4518233E+06   4.4660930E+06   0.0000000E+00   0.0000000E+00   0.0000000E+00   0.0000000E+00   0.0000000E+00
   1.2406739E-02   4.3179915E+06   4.3179915E+06   9.2861686E+03   6.7294628E+01   6.4169553E+04   4.3038247E+06   4.3179915E+06   0.0000000E+00   0.0000000E+00   0.0000000E+00   0.0000000E+00   0.0000000E+00
   1.3920590E-02   4.1565245E+06   4.1565245E+06   7.2814523E+03   5.3003268E+01   5.4535145E+04   4.1425647E+06   4.1565245E+06   0.0000000E+00   0.0000000E+00   0.0000000E+00   0.0000000E+00   0.0000000E+00
   1.5619158E-02   3.9811822E+06   3.9811822E+06   5.2905274E+03   4.1454436E+01   4.5730351E+04   3.9675304E+06   3.9811822E+06   0.0000000E+00   0.0000000E+00   0.0000000E+00   0.0000000E+00   0.0000000E+00
   1.7524984E-02   3.7916577E+06   3.7916577E+06   3.9399278E+03   3.2109040E+01   3.8893723E+04   3.7784182E+06   3.7916577E+06   0.0000000E+00   0.0000000E+00   0.0000000E+00   0.0000000E+00   0.0000000E+00
   1.9663355E-02   3.5880042E+06   3.5880042E+06   2.9273100E+03   2.4677601E+01   3.2064744E+04   3.5752753E+06   3.5880042E+06   0.0000000E+00   0.0000000E+00   0.0000000E+00   0.0000000E+00   0.0000000E+00
   2.2062646E-02   3.3708607E+06   3.3708607E+06   2.2803679E+03   1.8776002E+01   2.6512468E+04   3.3587361E+06   3.3708607E+06   0.0000000E+00   0.0000000E+00   0.0000000E+00   0.0000000E+00   0.0000000E+00
   2.4754659E-02   3.1417611E+06   3.1417611E+06   1.6585706E+03   1.4146330E+01   2.1758563E+04   3.1303248E+06   3.1417611E+06   0.0000000E+00   0.0000000E+00   0.0000000E+00   0.0000000E+00   0.0000000E+00
   2.7774687E-02   2.9035211E+06   2.9035211E+06   1.1808201E+03   1.0545422E+01   1.7857403E+04   2.8928426E+06   2.9035211E+06   0.0000000E+00   0.0000000E+00   0.0000000E+00   0.0000000E+00   0.0000000E+00
   3.1159156E-02   2.6607619E+06   2.6607619E+06   8.9361078E+02   7.7854435E+00   1.4379066E+04   2.6508898E+06   2.6607619E+06   0.0000000E+00   0.0000000E+00   0.0000000E+00   0.0000000E+00   0.0000000E+00
   3.4931563E-02   2.4208111E+06   2.4208111E+06   6.5682660E+02   5.7033454E+00   1.1635891E+04   2.4117622E+06   2.4208111E+06   0.0000000E+00   0.0000000E+00   0.0000000E+00   0.0000000E+00   0.0000000E+00
   3.9055602E-02   2.1949880E+06   2.1949880E+06   4.6347779E+02   4.1764470E+00   9.4209244E+03   2.1867321E+06   2.1949880E+06   0.0000000E+00   0.0000000E+00   0.0000000E+00   0.0000000E+00   0.0000000E+00
   4.3361287E-02   1.9976947E+06   1.9976947E+06   3.3094957E+02   3.1050986E+00   7.8041145E+03   1.9901436E+06   1.9976947E+06   0.0000000E+00   0.0000000E+00   0.0000000E+00   0.0000000E+00   0.0000000E+00
   4.7575301E-02   1.8387095E+06   1.8387095E+06   2.6203586E+02   2.3849626E+00   6.6251386E+03   1.8317330E+06   1.8387095E+06   0.0000000E+00   0.0000000E+00   0.0000000E+00   0.0000000E+00   0.0000000E+00
   5.1516927E-02   1.7158781E+06   1.7158781E+06   2.0874834E+02   1.9030267E+00   5.7722359E+03   1.7093491E+06   1.7158781E+06   0.0000000E+00   0.0000000E+00   0.0000000E+00   0.0000000E+00   0.0000000E+00
   5.5172153E-02   1.6199727E+06   1.6199727E+06   1.6674237E+02   1.5690050E+00   5.1375108E+03   1.6137951E+06   1.6199727E+06   0.0000000E+00   0.0000000E+00   0.0000000E+00   0.0000000E+00   0.0000000E+00
   5.8601498E-02   1.5421124E+06   1.5421124E+06   1.4628785E+02   1.3250904E+00   4.6454983E+03   1.5362214E+06   1.5421124E+06   0.0000000E+00   0.0000000E+00   0.0000000E+00   0.0000000E+00   0.0000000E+00
   6.1871216E-02   1.4759076E+06   1.4759076E+06   1.2319818E+02   1.1383227E+00   4.2964653E+03   1.4702615E+06   1.4759076E+06   0.0000000E+00   0.0000000E+00   0.0000000E+00   0.0000000E+00   0.0000000E+00
   6.5034736E-02   1.4170642E+06   1.4170642E+06   1.0995549E+02   9.8986588E-01   3.9593348E+03   1.4116366E+06   1.4170642E+06   0.0000000E+00   0.0000000E+00   0.0000000E+00   0.0000000E+00   0.0000000E+00
   6.8132367E-02   1.3627105E+06   1.3627105E+06   9.1739530E+01   8.6789885E-01   3.6984649E+03   1.3574856E+06   1.3627105E+06   0.0000000E+00   0.0000000E+00   0.0000000E+00   0.0000000E+00   0.0000000E+00
   7.1194469E-02   1.3109294E+06   1.3109294E+06   8.5059341E+01   7.6526591E-01   3.4664636E+03   1.3058985E+06   1.3109294E+06   0.0000000E+00   0.0000000E+00   0.0000000E+00   0.0000000E+00   0.0000000E+00
   7.4244365E-02   1.2604762E+06   1.2604762E+06   7.4307144E+01   6.7744262E-01   3.2253894E+03   1.2556350E+06   1.2604762E+06   0.0000000E+00   0.0000000E+00   0.0000000E+00   0.0000000E+00   0.0000000E+00
   7.7300465E-02   1.2106109E+06   1.2106109E+06   6.3290477E+01   6.0104468E-01   3.0392467E+03   1.2059578E+06   1.2106109E+06   0.0000000E+00   0.0000000E+00   0.0000000E+00   0.0000000E+00   0.0000000E+00
   8.0377720E-02   1.1609920E+06   1.1609920E+06   5.9546354E+01   5.3400312E-01   2.8503546E+03   1.1565267E+06   1.1609920E+06   0.0000000E+00   0.0000000E+00   0.0000000E+00   0.0000000E+00   0.0000000E+00
   8.3488622E-02   1.1116023E+06   1.1116023E+06   5.0733021E+01   4.7480453E-01   2.6590468E+03   1.1073244E+06   1.1116023E+06   0.0000000E+00   0.0000000E+00   0.0000000E+00   0.0000000E+00   0.0000000E+00
   8.6643890E-02   1.0626860E+06   1.0626860E+06   4.5300320E+01   4.2225635E-01   2.5101928E+03   1.0585940E+06   1.0626860E+06   0.0000000E+00   0.0000000E+00   0.0000000E+00   0.0000000E+00   0.0000000E+00
   8.9852952E-02   1.0146858E+06   1.0146858E+06   4.1120701E+01   3.7571445E-01   2.3378545E+03   1.0107768E+06   1.0146858E+06   0.0000000E+00   0.0000000E+00   0.0000000E+00   0.0000000E+00   0.0000000E+00
   9.3124289E-02   9.6817668E+05   9.6817668E+05   3.5403047E+01   3.3439944E-01   2.2044009E+03   9.6444501E+05   9.6817668E+05   0.0000000E+00   0.0000000E+00   0.0000000E+00   0.0000000E+00   0.0000000E+00
   9.6465679E-02   9.2378987E+05   9.2378987E+05   3.2118283E+01   2.9789095E-01   2.0580284E+03   9.2022773E+05   9.2378987E+05   0.0000000E+00   0.0000000E+00   0.0000000E+00   0.0000000E+00   0.0000000E+00
   9.9884384E-02   8.8213223E+05   8.8213223E+05   2.8913659E+01   2.6570903E-01   1.9449693E+03   8.7872934E+05   8.8213223E+05   0.0000000E+00   0.0000000E+00   0.0000000E+00   0.0000000E+00   0.0000000E+00
   1.0338728E-01   8.4370248E+05   8.4370248E+05   2.4700259E+01   2.3746130E-01   1.8296936E+03   8.4044660E+05   8.4370248E+05   0.0000000E+00   0.0000000E+00   0.0000000E+00   0.0000000E+00   0.0000000E+00
   1.0698098E-01   8.0881284E+05   8.0881284E+05   2.2655344E+01   2.1272926E-01   1.7243013E+03   8.0569050E+05   8.0881284E+05   0.0000000E+00   0.0000000E+00   0.0000000E+00   0.0000000E+00   0.0000000E+00
   1.1067186E-01   7.7752497E+05   7.7752497E+05   2.0951957E+01   1.9109241E-01   1.6377386E+03   7.7452242E+05   7.7752497E+05   0.0000000E+00   0.0000000E+00   0.0000000E+00   0.0000000E+00   0.0000000E+00
   1.1446619E-01   7.4961138E+05   7.4961138E+05   1.8968999E+01   1.7213345E-01   1.5621748E+03   7.4671573E+05   7.4961138E+05   0.0000000E+00   0.0000000E+00   0.0000000E+00   0.0000000E+00   0.0000000E+00
   1.1837012E-01   7.2455246E+05   7.2455246E+05   1.7127744E+01   1.5545679E-01   1.4924270E+03   7.2175280E+05   7.2455246E+05   0.0000000E+00   0.0000000E+00   0.0000000E+00   0.0000000E+00   0.0000000E+00
   1.2238975E-01   7.0157717E+05   7.0157717E+05   1.5460520E+01   1.4066118E-01   1.4270151E+03   6.9886554E+05   7.0157717E+05   0.0000000E+00   0.0000000E+00   0.0000000E+00   0.0000000E+00   0.0000000E+00
   1.2653115E-01   6.7974990E+05   6.7974990E+05   1.3667479E+01   1.2738218E-01   1.3663618E+03   6.7712196E+05   6.7974990E+05   0.0000000E+00   0.0000000E+00   0.0000000E+00   0.0000000E+00   0.0000000E+00
   1.3080036E-01   6.5809836E+05   6.5809836E+05   1.2140599E+01   1.1532099E-01   1.3129534E+03   6.5555351E+05   6.5809836E+05   0.0000000E+00   0.0000000E+00   0.0000000E+00   0.0000000E+00   0.0000000E+00
   1.3520343E-01   6.3576749E+05   6.3576749E+05   1.1424594E+01   1.0424206E-01   1.2560046E+03   6.3330844E+05   6.3576749E+05   0.0000000E+00   0.0000000E+00   0.0000000E+00   0.0000000E+00   0.0000000E+00
   1.3974644E-01   6.1217493E+05   6.1217493E+05   9.8727993E+00   9.3981132E-02   1.1968690E+03   6.0980663E+05   6.1217493E+05   0.0000000E+00   0.0000000E+00   0.0000000E+00   0.0000000E+00   0.0000000E+00
   1.4443546E-01   5.8713572E+05   5.8713572E+05   9.2772918E+00   8.4449849E-02   1.1385643E+03   5.8486383E+05   5.8713572E+05   0.0000000E+00   0.0000000E+00   0.0000000E+00   0.0000000E+00   0.0000000E+00
   1.4927663E-01   5.6092241E+05   5.6092241E+05   8.0559485E+00   7.5633298E-02   1.0807810E+03   5.5875154E+05   5.6092241E+05   0.0000000E+00   0.0000000E+00   0.0000000E+00   0.0000000E+00   0.0000000E+00
   1.5427610E-01   5.3423274E+05   5.3423274E+05   7.0602484E+00   6.7552830E-02   1.0198726E+03   5.3216480E+05   5.3423274E+05   0.0000000E+00   0.0000000E+00   0.0000000E+00   0.0000000E+00   0.0000000E+00
   1.5944009E-01   5.0805394E+05   5.0805394E+05   6.2943099E+00   6.0248695E-02   9.6202369E+02   5.0608701E+05   5.0805394E+05   0.0000000E+00   0.0000000E+00   0.0000000E+00   0.0000000E+00   0.0000000E+00
   1.6477485E-01   4.8343778E+05   4.8343778E+05   5.6158424E+00   5.3747362E-02   9.0958726E+02   4.8156586E+05   4.8343778E+05   0.0000000E+00   0.0000000E+00   0.0000000E+00   0.0000000E+00   0.0000000E+00
   1.7028673E-01   4.6123068E+05   4.6123068E+05   5.1403175E+00   4.8044592E-02   8.6281634E+02   4.5944447E+05   4.6123068E+05   0.0000000E+00   0.0000000E+00   0.0000000E+00   0.0000000E+00   0.0000000E+00
   1.7598210E-01   4.4182825E+05   4.4182825E+05   4.6348409E+00   4.3088656E-02   8.1919428E+02   4.4011694E+05   4.4182825E+05   0.0000000E+00   0.0000000E+00   0.0000000E+00   0.0000000E+00   0.0000000E+00
   1.8186747E-01   4.2503392E+05   4.2503392E+05   4.1182591E+00   3.8780122E-02   7.8504507E+02   4.2338744E+05   4.2503392E+05   0.0000000E+00   0.0000000E+00   0.0000000E+00   0.0000000E+00   0.0000000E+00
   1.8794943E-01   4.1008585E+05   4.1008585E+05   3.6885040E+00   3.4995066E-02   7.5179210E+02   4.0849709E+05   4.1008585E+05   0.0000000E+00   0.0000000E+00   0.0000000E+00   0.0000000E+00   0.0000000E+00
   1.9423468E-01   3.9587220E+05   3.9587220E+05   3.3937165E+00   3.1596896E-02   7.2157591E+02   3.9433832E+05   3.9587220E+05   0.0000000E+00   0.0000000E+00   0.0000000E+00   0.0000000E+00   0.0000000E+00
   2.0073009E-01   3.8128862E+05   3.8128862E+05   3.0699863E+00   2.8478950E-02   6.9158056E+02   3.7981109E+05   3.8128862E+05   0.0000000E+00   0.0000000E+00   0.0000000E+00   0.0000000E+00   0.0000000E+00
   2.0744272E-01   3.6562580E+05   3.6562580E+05   2.7216989E+00   2.5574503E-02   6.5993798E+02   3.6420882E+05   3.6562580E+05   0.0000000E+00   0.0000000E+00   0.0000000E+00   0.0000000E+00   0.0000000E+00
   2.1437983E-01   3.4883709E+05   3.4883709E+05   2.4133988E+00   2.2865729E-02   6.2762829E+02   3.4748504E+05   3.4883709E+05   0.0000000E+00   0.0000000E+00   0.0000000E+00   0.0000000E+00   0.0000000E+00
   2.2154894E-01   3.3155720E+05   3.3155720E+05   2.1994672E+00   2.0375603E-02   5.9331525E+02   3.3027201E+05   3.3155720E+05   0.0000000E+00   0.0000000E+00   0.0000000E+00   0.0000000E+00   0.0000000E+00
   2.2895792E-01   3.1483038E+05   3.1483038E+05   1.9403488E+00   1.8137050E-02   5.6169453E+02   3.1360992E+05   3.1483038E+05   0.0000000E+00   0.0000000E+00   0.0000000E+00   0.0000000E+00   0.0000000E+00
   2.3661497E-01   2.9963768E+05   2.9963768E+05   1.7182621E+00   1.6172542E-02   5.3248039E+02   2.9847602E+05   2.9963768E+05   0.0000000E+00   0.0000000E+00   0.0000000E+00   0.0000000E+00   0.0000000E+00
   2.4452878E-01   2.8643068E+05   2.8643068E+05   1.5457736E+00   1.4472827E-02   5.0715297E+02   2.8532013E+05   2.8643068E+05   0.0000000E+00   0.0000000E+00   0.0000000E+00   0.0000000E+00   0.0000000E+00
   2.5270856E-01   2.7491188E+05   2.7491188E+05   1.3997404E+00   1.2996519E-02   4.8475306E+02   2.7384592E+05   2.7491188E+05   0.0000000E+00   0.0000000E+00   0.0000000E+00   0.0000000E+00   0.0000000E+00
   2.6116412E-01   2.6420441E+05   2.6420441E+05   1.2341263E+00   1.1684742E-02   4.6445562E+02   2.6317990E+05   2.6420441E+05   0.0000000E+00   0.0000000E+00   0.0000000E+00   0.0000000E+00   0.0000000E+00
   2.6990604E-01   2.5334876E+05   2.5334876E+05   1.1224855E+00   1.0486935E-02   4.4378891E+02   2.5236629E+05   2.5334876E+05   0.0000000E+00   0.0000000E+00   0.0000000E+00   0.0000000E+00   0.0000000E+00
   2.7894576E-01   2.4185490E+05   2.4185490E+05   1.0046031E+00   9.3756970E-03   4.2250816E+02   2.4091693E+05   2.4185490E+05   0.0000000E+00   0.0000000E+00   0.0000000E+00   0.0000000E+00   0.0000000E+00
   2.8829570E-01   2.2996536E+05   2.2996536E+05   8.8646449E-01   8.3526804E-03   4.0066416E+02   2.2907346E+05   2.2996536E+05   0.0000000E+00   0.0000000E+00   0.0000000E+00   0.0000000E+00   0.0000000E+00
   2.9796949E-01   2.1843770E+05   2.1843770E+05   7.9300150E-01   7.4327107E-03   3.7978638E+02   2.1759047E+05   2.1843770E+05   0.0000000E+00   0.0000000E+00   0.0000000E+00   0.0000000E+00   0.0000000E+00
   3.0798212E-01   2.0797456E+05   2.0797456E+05   7.0136131E-01   6.6255534E-03   3.6057406E+02   2.0716786E+05   2.0797456E+05   0.0000000E+00   0.0000000E+00   0.0000000E+00   0.0000000E+00   0.0000000E+00
   3.1835018E-01   1.9870778E+05   1.9870778E+05   6.2808382E-01   5.9226057E-03   3.4368838E+02   1.9793700E+05   1.9870778E+05   0.0000000E+00   0.0000000E+00   0.0000000E+00   0.0000000E+00   0.0000000E+00
   3.2909216E-01   1.9013944E+05   1.9013944E+05   5.6305690E-01   5.3005829E-03   3.2827218E+02   1.8940185E+05   1.9013944E+05   0.0000000E+00   0.0000000E+00   0.0000000E+00   0.0000000E+00   0.0000000E+00
   3.4022873E-01   1.8159752E+05   1.8159752E+05   5.0507872E-01   4.7356887E-03   3.1279103E+02   1.8089305E+05   1.8159752E+05   0.0000000E+00   0.0000000E+00   0.0000000E+00   0.0000000E+00   0.0000000E+00
   3.5178316E-01   1.7281707E+05   1.7281707E+05   4.5093937E-01   4.2170493E-03   2.9710174E+02   1.7214663E+05   1.7281707E+05   0.0000000E+00   0.0000000E+00   0.0000000E+00   0.0000000E+00   0.0000000E+00
   3.6378179E-01   1.6411433E+05   1.6411433E+05   3.9897935E-01   3.7466805E-03   2.8161303E+02   1.6347763E+05   1.6411433E+05   0.0000000E+00   0.0000000E+00   0.0000000E+00   0.0000000E+00   0.0000000E+00
   3.7625459E-01   1.5598862E+05   1.5598862E+05   3.5510459E-01   3.3294351E-03   2.6728472E+02   1.5538342E+05   1.5598862E+05   0.0000000E+00   0.0000000E+00   0.0000000E+00   0.0000000E+00   0.0000000E+00
   3.8923587E-01   1.4857075E+05   1.4857075E+05   3.1587044E-01   2.9624956E-03   2.5416763E+02   1.4799431E+05   1.4857075E+05   0.0000000E+00   0.0000000E+00   0.0000000E+00   0.0000000E+00   0.0000000E+00
   4.0276515E-01   1.4152284E+05   1.4152284E+05   2.8078766E-01   2.6350934E-03   2.4166656E+02   1.4097373E+05   1.4152284E+05   0.0000000E+00   0.0000000E+00   0.0000000E+00   0.0000000E+00   0.0000000E+00
   4.1688831E-01   1.3448799E+05   1.3448799E+05   2.4949973E-01   2.3374313E-03   2.2934900E+02   1.3396616E+05   1.3448799E+05   0.0000000E+00   0.0000000E+00   0.0000000E+00   0.0000000E+00   0.0000000E+00
   4.3165894E-01   1.2751064E+05   1.2751064E+05   2.1990859E-01   2.0677374E-03   2.1713963E+02   1.2701587E+05   1.2751064E+05   0.0000000E+00   0.0000000E+00   0.0000000E+00   0.0000000E+00   0.0000000E+00
   4.4714022E-01   1.2087972E+05   1.2087972E+05   1.9442883E-01   1.8269066E-03   2.0561404E+02   1.2041067E+05   1.2087972E+05   0.0000000E+00   0.0000000E+00   0.0000000E+00   0.0000000E+00   0.0000000E+00
   4.6340723E-01   1.1465447E+05   1.1465447E+05   1.7176661E-01   1.6131985E-03   1.9479215E+02   1.1420956E+05   1.1465447E+05   0.0000000E+00   0.0000000E+00   0.0000000E+00   0.0000000E+00   0.0000000E+00
   4.8055014E-01   1.0860573E+05   1.0860573E+05   1.5143433E-01   1.4208738E-03   1.8428392E+02   1.0818429E+05   1.0860573E+05   0.0000000E+00   0.0000000E+00   0.0000000E+00   0.0000000E+00   0.0000000E+00
   4.9867841E-01   1.0262458E+05   1.0262458E+05   1.3283484E-01   1.2469697E-03   1.7394720E+02   1.0222634E+05   1.0262458E+05   0.0000000E+00   0.0000000E+00   0.0000000E+00   0.0000000E+00   0.0000000E+00
   5.1792653E-01   9.6846568E+04   9.6846568E+04   1.1609275E-01   1.0909970E-03   1.6397062E+02   9.6470737E+04   9.6846568E+04   0.0000000E+00   0.0000000E+00   0.0000000E+00   0.0000000E+00   0.0000000E+00
   5.3846201E-01   9.1302961E+04   9.1302961E+04   1.0127356E-01   9.5158892E-04   1.5442003E+02   9.0948637E+04   9.1302961E+04   0.0000000E+00   0.0000000E+00   0.0000000E+00   0.0000000E+00   0.0000000E+00
   5.6049662E-01   8.5858626E+04   8.5858626E+04   8.7906741E-02   8.2590244E-04   1.4507501E+02   8.5525424E+04   8.5858626E+04   0.0000000E+00   0.0000000E+00   0.0000000E+00   0.0000000E+00   0.0000000E+00
   5.8430264E-01   8.0511009E+04   8.0511009E+04   7.5851311E-02   7.1265944E-04   1.3591955E+02   8.0198554E+04   8.0511009E+04   0.0000000E+00   0.0000000E+00   0.0000000E+00   0.0000000E+00   0.0000000E+00
   6.1023668E-01   7.5295315E+04   7.5295315E+04   6.5036785E-02   6.1107500E-04   1.2698234E+02   7.5003096E+04   7.5295315E+04   0.0000000E+00   0.0000000E+00   0.0000000E+00   0.0000000E+00   0.0000000E+00
   6.3877539E-01   7.0132166E+04   7.0132166E+04   5.5288057E-02   5.1949435E-04   1.1817183E+02   6.9859980E+04   7.0132166E+04   0.0000000E+00   0.0000000E+00   0.0000000E+00   0.0000000E+00   0.0000000E+00
   6.7056981E-01   6.5013383E+04   6.5013383E+04   4.6515871E-02   4.3699484E-04   1.0945848E+02   6.4761059E+04   6.5013383E+04   0.0000000E+00   0.0000000E+00   0.0000000E+00   0.0000000E+00   0.0000000E+00
   7.0652921E-01   5.9904520E+04   5.9904520E+04   3.8604199E-02   3.6271214E-04   1.0078137E+02   5.9672021E+04   5.9904520E+04   0.0000000E+00   0.0000000E+00   0.0000000E+00   0.0000000E+00   0.0000000E+00
   7.4794923E-01   5.4764733E+04   5.4764733E+04   3.1491783E-02   2.9588771E-04   9.2056898E+01   5.4552179E+04   5.4764733E+04   0.0000000E+00   0.0000000E+00   0.0000000E+00   0.0000000E+00   0.0000000E+00
   7.9669905E-01   4.9556496E+04   4.9556496E+04   2.5116468E-02   2.3599820E-04   8.3233315E+01   4.9364153E+04   4.9556496E+04   0.0000000E+00   0.0000000E+00   0.0000000E+00   0.0000000E+00   0.0000000E+00
   8.5545305E-01   4.4251015E+04   4.4251015E+04   1.9452356E-02   1.8278122E-04   7.4267100E+01   4.4079262E+04   4.4251015E+04   0.0000000E+00   0.0000000E+00   0.0000000E+00   0.0000000E+00   0.0000000E+00
   9.2782490E-01   3.8855355E+04   3.8855355E+04   1.4519557E-02   1.3643660E-04   6.5160361E+01   3.8704542E+04   3.8855355E+04   0.0000000E+00   0.0000000E+00   0.0000000E+00   0.0000000E+00   0.0000000E+00
   1.0179439E+00   3.3463670E+04   3.3463670E+04   1.0388590E-02   9.7623817E-05   5.6076888E+01   3.3333782E+04   3.3463670E+04   0.0000000E+00   0.0000000E+00   0.0000000E+00   0.0000000E+00   0.0000000E+00
   1.1288915E+00   2.8291461E+04   2.8291461E+04   7.1412925E-03   6.7111388E-05   4.7379873E+01   2.8181647E+04   2.8291461E+04   0.0000000E+00   0.0000000E+00   0.0000000E+00   0.0000000E+00   0.0000000E+00
   1.2610590E+00   2.3607425E+04   2.3607425E+04   4.7752847E-03   4.4879882E-05   3.9512045E+01   2.3515791E+04   2.3607425E+04   0.0000000E+00   0.0000000E+00   0.0000000E+00   0.0000000E+00   0.0000000E+00
   1.4132738E+00   1.9568408E+04   1.9568408E+04   3.1517482E-03   2.9621667E-05   3.2732995E+01   1.9492452E+04   1.9568408E+04   0.0000000E+00   0.0000000E+00   0.0000000E+00   0.0000000E+00   0.0000000E+00
   1.5853701E+00   1.6173935E+04   1.6173935E+04   2.0703621E-03   1.9456969E-05   2.7046390E+01   1.6111153E+04   1.6173935E+04   0.0000000E+00   0.0000000E+00   0.0000000E+00   0.0000000E+00   0.0000000E+00
   1.7787626E+00   1.3347329E+04   1.3347329E+04   1.3570397E-03   1.2756089E-05   2.2311590E+01   1.3295519E+04   1.3347329E+04   0.0000000E+00   0.0000000E+00   0.0000000E+00   0.0000000E+00   0.0000000E+00
   1.9957991E+00   1.1001149E+04   1.1001149E+04   8.8843201E-04   8.3523287E-06   1.8384897E+01   1.0958446E+04   1.1001149E+04   0.0000000E+00   0.0000000E+00   0.0000000E+00   0.0000000E+00   0.0000000E+00
   2.2393231E+00   9.0571311E+03   9.0571311E+03   5.8099210E-04   5.4626204E-06   1.5133429E+01   9.0219741E+03   9.0571311E+03   0.0000000E+00   0.0000000E+00   0.0000000E+00   0.0000000E+00   0.0000000E+00
   2.5125618E+00   7.4486611E+03   7.4486611E+03   3.7953672E-04   3.5691065E-06   1.2443084E+01   7.4197477E+03   7.4486611E+03   0.0000000E+00   0.0000000E+00   0.0000000E+00   0.0000000E+00   0.0000000E+00
   2.8191407E+00   6.1196088E+03   6.1196088E+03   2.4768935E-04   2.3295804E-06   1.0221518E+01   6.0958543E+03   6.1196088E+03   0.0000000E+00   0.0000000E+00   0.0000000E+00   0.0000000E+00   0.0000000E+00
   3.1631279E+00   5.0228327E+03   5.0228327E+03   1.6149597E-04   1.5191262E-06   8.3889466E+00   5.0033355E+03   5.0228327E+03   0.0000000E+00   0.0000000E+00   0.0000000E+00   0.0000000E+00   0.0000000E+00
   3.5490879E+00   4.1188261E+03   4.1188261E+03   1.0513086E-04   9.8977653E-07   6.8785495E+00   4.1028379E+03   4.1188261E+03   0.0000000E+00   0.0000000E+00   0.0000000E+00   0.0000000E+00   0.0000000E+00
   3.9821421E+00   3.3745574E+03   3.3745574E+03   6.8458488E-05   6.4435384E-07   5.6353479E+00   3.3614583E+03   3.3745574E+03   0.0000000E+00   0.0000000E+00   0.0000000E+00   0.0000000E+00   0.0000000E+00
   4.4680369E+00   2.7624638E+03   2.7624638E+03   4.4559953E-05   4.1916970E-07   4.6128422E+00   2.7517407E+03   2.7624638E+03   0.0000000E+00   0.0000000E+00   0.0000000E+00   0.0000000E+00   0.0000000E+00
   5.0132199E+00   2.2595891E+03   2.2595891E+03   2.8922328E-05   2.7249349E-07   3.7729498E+00   2.2508180E+03   2.2595891E+03   0.0000000E+00   0.0000000E+00   0.0000000E+00   0.0000000E+00   0.0000000E+00
   5.6249252E+00   1.8468479E+03   1.8468479E+03   1.8776901E-05   1.7702962E-07   3.0837498E+00   1.8396789E+03   1.8468479E+03   0.0000000E+00   0.0000000E+00   0.0000000E+00   0.0000000E+00   0.0000000E+00
   6.3112699E+00   1.5083992E+03   1.5083992E+03   1.2182130E-05   1.1494711E-07   2.5186063E+00   1.5025440E+03   1.5083992E+03   0.0000000E+00   0.0000000E+00   0.0000000E+00   0.0000000E+00   0.0000000E+00
   7.0813613E+00   1.2311156E+03   1.2311156E+03   7.8954074E-06   7.4600580E-08   2.0555155E+00   1.2263367E+03   1.2311156E+03   0.0000000E+00   0.0000000E+00   0.0000000E+00   0.0000000E+00   0.0000000E+00
   7.9454181E+00   1.0041340E+03   1.0041340E+03   5.1169664E-06   4.8396822E-08   1.6765122E+00   1.0002362E+03   1.0041340E+03   0.0000000E+00   0.0000000E+00   0.0000000E+00   0.0000000E+00   0.0000000E+00
   8.9149057E+00   8.1847808E+02   8.1847808E+02   3.3144678E-06   3.1387642E-08   1.3665471E+00   8.1530096E+02   8.1847808E+02   0.0000000E+00   0.0000000E+00   0.0000000E+00   0.0000000E+00   0.0000000E+00
