#           k/h    CDM            baryon         photon         nu             mass_nu        total          no_nu          total_de       Weyl           v_CDM          v_b            v_b-v_c     
   1.0537954E-05   8.0576804E+06   8.0576804E+06   1.0741519E+07   1.0965228E+04   1.1296337E+06   8.0577776E+06   8.0576804E+06   0.0000000E+00   0.0000000E+00   0.0000000E+00   0.0000000E+00   0.0000000E+00
   1.1823779E-05   8.0576780E+06   8.0576780E+06   1.0740983E+07   1.0964886E+04   1.1296168E+06   8.0577750E+06   8.0576780E+06   0.0000000E+00   0.0000000E+00   0.0000000E+00   0.0000000E+00   0.0000000E+00
   1.3266498E-05   8.0576750E+06   8.0576750E+06   1.0740309E+07   1.0964455E+04   1.1295956E+06   8.0577718E+06   8.0576750E+06   0.0000000E+00   0.0000000E+00   0.0000000E+00   0.0000000E+00   0.0000000E+00
   1.4885255E-05   8.0576712E+06   8.0576712E+06   1.0739461E+07   1.0963912E+04   1.1295688E+06   8.0577678E+06   8.0576712E+06   0.0000000E+00   0.0000000E+00   0.0000000E+00   0.0000000E+00   0.0000000E+00
   1.6701531E-05   8.0576664E+06   8.0576664E+06   1.0738393E+07   1.0963229E+04   1.1295351E+06   8.0577627E+06   8.0576664E+06   0.0000000E+00   0.0000000E+00   0.0000000E+00   0.0000000E+00   0.0000000E+00
   1.8739426E-05   8.0576604E+06   8.0576604E+06   1.0737049E+07   1.0962369E+04   1.1294927E+06   8.0577563E+06   8.0576604E+06   0.0000000E+00   0.0000000E+00   0.0000000E+00   0.0000000E+00   0.0000000E+00
   2.1025982E-05   8.0576529E+06   8.0576529E+06   1.0735357E+07   1.0961287E+04   1.1294393E+06   8.0577482E+06   8.0576529E+06   0.0000000E+00   0.0000000E+00   0.0000000E+00   0.0000000E+00   0.0000000E+00
   2.3591540E-05   8.0576434E+06   8.0576434E+06   1.0733228E+07   1.0959924E+04   1.1293721E+06   8.0577380E+06   8.0576434E+06   0.0000000E+00   0.0000000E+00   0.0000000E+00   0.0000000E+00   0.0000000E+00
   2.6470143E-05   8.0576314E+06   8.0576314E+06   1.0730547E+07   1.0958209E+04   1.1292876E+06   8.0577252E+06   8.0576314E+06   0.0000000E+00   0.0000000E+00   0.0000000E+00   0.0000000E+00   0.0000000E+00
   2.9699989E-05   8.0576164E+06   8.0576164E+06   1.0727174E+07   1.0956051E+04   1.1291812E+06   8.0577091E+06   8.0576164E+06   0.0000000E+00   0.0000000E+00   0.0000000E+00   0.0000000E+00   0.0000000E+00
   3.3323936E-05   8.0575974E+06   8.0575974E+06   1.0722928E+07   1.0953334E+04   1.1290474E+06   8.0576889E+06   8.0575974E+06   0.0000000E+00   0.0000000E+00   0.0000000E+00   0.0000000E+00   0.0000000E+00
   3.7390071E-05   8.0575735E+06   8.0575735E+06   1.0717585E+07   1.0949915E+04   1.1288790E+06   8.0576633E+06   8.0575735E+06   0.0000000E+00   0.0000000E+00   0.0000000E+00   0.0000000E+00   0.0000000E+00
   4.1952349E-05   8.0575435E+06   8.0575435E+06   1.0710863E+07   1.0945612E+04   1.1286672E+06   8.0576312E+06   8.0575435E+06   0.0000000E+00   0.0000000E+00   0.0000000E+00   0.0000000E+00   0.0000000E+00
   4.7071310E-05   8.0575057E+06   8.0575057E+06   1.0702405E+07   1.0940198E+04   1.1284009E+06   8.0575908E+06   8.0575057E+06   0.0000000E+00   0.0000000E+00   0.0000000E+00   0.0000000E+00   0.0000000E+00
   5.2814879E-05   8.0574581E+06   8.0574581E+06   1.0691767E+07   1.0933386E+04   1.1280661E+06   8.0575399E+06   8.0574581E+06   0.0000000E+00   0.0000000E+00   0.0000000E+00   0.0000000E+00   0.0000000E+00
   5.9259269E-05   8.0573982E+06   8.0573982E+06   1.0678389E+07   1.0924817E+04   1.1276453E+06   8.0574758E+06   8.0573982E+06   0.0000000E+00   0.0000000E+00   0.0000000E+00   0.0000000E+00   0.0000000E+00
   6.6489993E-05   8.0573228E+06   8.0573228E+06   1.0661570E+07   1.0914041E+04   1.1271168E+06   8.0573952E+06   8.0573228E+06   0.0000000E+00   0.0000000E+00   0.0000000E+00   0.0000000E+00   0.0000000E+00
   7.4602999E-05   8.0572279E+06   8.0572279E+06   1.0640431E+07   1.0900493E+04   1.1264533E+06   8.0572938E+06   8.0572279E+06   0.0000000E+00   0.0000000E+00   0.0000000E+00   0.0000000E+00   0.0000000E+00
   8.3705942E-05   8.0571085E+06   8.0571085E+06   1.0613877E+07   1.0883463E+04   1.1256210E+06   8.0571661E+06   8.0571085E+06   0.0000000E+00   0.0000000E+00   0.0000000E+00   0.0000000E+00   0.0000000E+00
   9.3919611E-05   8.0569582E+06   8.0569582E+06   1.0580536E+07   1.0862068E+04   1.1245779E+06   8.0570054E+06   8.0569582E+06   0.0000000E+00   0.0000000E+00   0.0000000E+00   0.0000000E+00   0.0000000E+00
   1.0537954E-04   8.0567692E+06   8.0567692E+06   1.0538706E+07   1.0835202E+04   1.1232721E+06   8.0568033E+06   8.0567692E+06   0.0000000E+00   0.0000000E+00   0.0000000E+00   0.0000000E+00   0.0000000E+00
   1.1823779E-04   8.0565315E+06   8.0565315E+06   1.0486269E+07   1.0801489E+04   1.1216399E+06   8.0565491E+06   8.0565315E+06   0.0000000E+00   0.0000000E+00   0.0000000E+00   0.0000000E+00   0.0000000E+00
   1.3266498E-04   8.0562325E+06   8.0562325E+06   1.0420611E+07   1.0759218E+04   1.1196035E+06   8.0562294E+06   8.0562325E+06   0.0000000E+00   0.0000000E+00   0.0000000E+00   0.0000000E+00   0.0000000E+00
   1.4885255E-04   8.0558565E+06   8.0558565E+06   1.0338511E+07   1.0706274E+04   1.1170688E+06   8.0558275E+06   8.0558565E+06   0.0000000E+00   0.0000000E+00   0.0000000E+00   0.0000000E+00   0.0000000E+00
   1.6701531E-04   8.0553841E+06   8.0553841E+06   1.0236036E+07   1.0640049E+04   1.1139230E+06   8.0553224E+06   8.0553841E+06   0.0000000E+00   0.0000000E+00   0.0000000E+00   0.0000000E+00   0.0000000E+00
   1.8739426E-04   8.0547906E+06   8.0547906E+06   1.0108411E+07   1.0557351E+04   1.1100336E+06   8.0546879E+06   8.0547906E+06   0.0000000E+00   0.0000000E+00   0.0000000E+00   0.0000000E+00   0.0000000E+00
   2.1025982E-04   8.0540454E+06   8.0540454E+06   9.9499122E+06   1.0454298E+04   1.1052477E+06   8.0538913E+06   8.0540454E+06   0.0000000E+00   0.0000000E+00   0.0000000E+00   0.0000000E+00   0.0000000E+00
   2.3591540E-04   8.0531103E+06   8.0531103E+06   9.7537695E+06   1.0326221E+04   1.0993940E+06   8.0528918E+06   8.0531103E+06   0.0000000E+00   0.0000000E+00   0.0000000E+00   0.0000000E+00   0.0000000E+00
   2.6470143E-04   8.0519380E+06   8.0519380E+06   9.5121310E+06   1.0167576E+04   1.0922889E+06   8.0516388E+06   8.0519380E+06   0.0000000E+00   0.0000000E+00   0.0000000E+00   0.0000000E+00   0.0000000E+00
   2.9699989E-04   8.0504699E+06   8.0504699E+06   9.2161331E+06   9.9718932E+03   1.0837490E+06   8.0500698E+06   8.0504699E+06   0.0000000E+00   0.0000000E+00   0.0000000E+00   0.0000000E+00   0.0000000E+00
   3.3323936E-04   8.0486336E+06   8.0486336E+06   8.8561533E+06   9.7318093E+03   1.0736120E+06   8.0481077E+06   8.0486336E+06   0.0000000E+00   0.0000000E+00   0.0000000E+00   0.0000000E+00   0.0000000E+00
   3.7390071E-04   8.0463404E+06   8.0463404E+06   8.4223540E+06   9.4392230E+03   1.0617712E+06   8.0456579E+06   8.0463404E+06   0.0000000E+00   0.0000000E+00   0.0000000E+00   0.0000000E+00   0.0000000E+00
   4.1952349E-04   8.0434825E+06   8.0434825E+06   7.9056593E+06   9.0856688E+03   1.0482235E+06   8.0426055E+06   8.0434825E+06   0.0000000E+00   0.0000000E+00   0.0000000E+00   0.0000000E+00   0.0000000E+00
   4.7071310E-04   8.0399290E+06   8.0399290E+06   7.2993263E+06   8.6630064E+03   1.0331343E+06   8.0388115E+06   8.0399290E+06   0.0000000E+00   0.0000000E+00   0.0000000E+00   0.0000000E+00   0.0000000E+00
   5.2814879E-04   8.0355236E+06   8.0355236E+06   6.6012604E+06   8.1645481E+03   1.0169078E+06   8.0341098E+06   8.0355236E+06   0.0000000E+00   0.0000000E+00   0.0000000E+00   0.0000000E+00   0.0000000E+00
   5.9259269E-04   8.0300807E+06   8.0300807E+06   5.8171138E+06   7.5867336E+03   1.0002441E+06   8.0283043E+06   8.0300807E+06   0.0000000E+00   0.0000000E+00   0.0000000E+00   0.0000000E+00   0.0000000E+00
   6.6489993E-04   8.0233833E+06   8.0233833E+06   4.9639372E+06   6.9313864E+03   9.8413526E+05   8.0211660E+06   8.0233833E+06   0.0000000E+00   0.0000000E+00   0.0000000E+00   0.0000000E+00   0.0000000E+00
   7.4602999E-04   8.0151808E+06   8.0151808E+06   4.0736158E+06   6.2083878E+03   9.6972399E+05   8.0124324E+06   8.0151808E+06   0.0000000E+00   0.0000000E+00   0.0000000E+00   0.0000000E+00   0.0000000E+00
   8.3705942E-04   8.0051880E+06   8.0051880E+06   3.1944770E+06   5.4382362E+03   9.5792359E+05   8.0018067E+06   8.0051880E+06   0.0000000E+00   0.0000000E+00   0.0000000E+00   0.0000000E+00   0.0000000E+00
   9.3919611E-04   7.9930841E+06   7.9930841E+06   2.3884475E+06   4.6533820E+03   9.4872621E+05   7.9889588E+06   7.9930841E+06   0.0000000E+00   0.0000000E+00   0.0000000E+00   0.0000000E+00   0.0000000E+00
   1.0537954E-03   7.9785112E+06   7.9785112E+06   1.7206291E+06   3.8965942E+03   9.4028410E+05   7.9735261E+06   7.9785112E+06   0.0000000E+00   0.0000000E+00   0.0000000E+00   0.0000000E+00   0.0000000E+00
   1.1823779E-03   7.9610706E+06   7.9610706E+06   1.2396059E+06   3.2143855E+03   9.2822955E+05   7.9551120E+06   7.9610706E+06   0.0000000E+00   0.0000000E+00   0.0000000E+00   0.0000000E+00   0.0000000E+00
   1.3266498E-03   7.9403148E+06   7.9403148E+06   9.5225469E+05   2.6446681E+03   9.0625134E+05   7.9332814E+06   7.9403148E+06   0.0000000E+00   0.0000000E+00   0.0000000E+00   0.0000000E+00   0.0000000E+00
   1.4885255E-03   7.9157377E+06   7.9157377E+06   8.0693397E+05   2.2014581E+03   8.6915029E+05   7.9075517E+06   7.9157377E+06   0.0000000E+00   0.0000000E+00   0.0000000E+00   0.0000000E+00   0.0000000E+00
   1.6701531E-03   7.8867673E+06   7.8867673E+06   7.0778898E+05   1.8653649E+03   8.1819153E+05   7.8773852E+06   7.8867673E+06   0.0000000E+00   0.0000000E+00   0.0000000E+00   0.0000000E+00   0.0000000E+00
   1.8739426E-03   7.8527713E+06   7.8527713E+06   5.7320922E+05   1.5922115E+03   7.6449594E+05   7.8421905E+06   7.8527713E+06   0.0000000E+00   0.0000000E+00   0.0000000E+00   0.0000000E+00   0.0000000E+00
   2.1025982E-03   7.8130816E+06   7.8130816E+06   4.0522826E+05   1.3434349E+03   7.2247011E+05   7.8013369E+06   7.8130816E+06   0.0000000E+00   0.0000000E+00   0.0000000E+00   0.0000000E+00   0.0000000E+00
   2.3591540E-03   7.7670233E+06   7.7670233E+06   2.8225767E+05   1.1159816E+03   6.9266191E+05   7.7541716E+06   7.7670233E+06   0.0000000E+00   0.0000000E+00   0.0000000E+00   0.0000000E+00   0.0000000E+00
   2.6470143E-03   7.7139131E+06   7.7139131E+06   2.3942524E+05   9.3188693E+02   6.5694775E+05   7.7000108E+06   7.7139131E+06   0.0000000E+00   0.0000000E+00   0.0000000E+00   0.0000000E+00   0.0000000E+00
   2.9699989E-03   7.6530227E+06   7.6530227E+06   2.0339804E+05   7.9134628E+02   6.0881700E+05   7.6381065E+06   7.6530227E+06   0.0000000E+00   0.0000000E+00   0.0000000E+00   0.0000000E+00   0.0000000E+00
   3.3323936E-03   7.5835627E+06   7.5835627E+06   1.4304773E+05   6.6811519E+02   5.6835833E+05   7.5676493E+06   7.5835627E+06   0.0000000E+00   0.0000000E+00   0.0000000E+00   0.0000000E+00   0.0000000E+00
   3.7390071E-03   7.5047131E+06   7.5047131E+06   1.2092944E+05   5.5980531E+02   5.2998437E+05   7.4878161E+06   7.5047131E+06   0.0000000E+00   0.0000000E+00   0.0000000E+00   0.0000000E+00   0.0000000E+00
   4.1952349E-03   7.4156173E+06   7.4156173E+06   9.6682931E+04   4.7209547E+02   4.8049064E+05   7.3977664E+06   7.4156173E+06   0.0000000E+00   0.0000000E+00   0.0000000E+00   0.0000000E+00   0.0000000E+00
   4.7071310E-03   7.3153799E+06   7.3153799E+06   6.9406593E+04   3.9292642E+02   4.4266254E+05   7.2966313E+06   7.3153799E+06   0.0000000E+00   0.0000000E+00   0.0000000E+00   0.0000000E+00   0.0000000E+00
   5.2814879E-03   7.2031221E+06   7.2031221E+06   5.7199059E+04   3.2705369E+02   3.9781832E+05   7.1835703E+06   7.2031221E+06   0.0000000E+00   0.0000000E+00   0.0000000E+00   0.0000000E+00   0.0000000E+00
   5.9259269E-03   7.0779706E+06   7.0779706E+06   4.4585167E+04   2.6959080E+02   3.6155455E+05   7.0577339E+06   7.0779706E+06   0.0000000E+00   0.0000000E+00   0.0000000E+00   0.0000000E+00   0.0000000E+00
   6.6489993E-03   6.9390473E+06   6.9390473E+06   3.2571521E+04   2.2247528E+02   3.2047083E+05   6.9182196E+06   6.9390473E+06   0.0000000E+00   0.0000000E+00   0.0000000E+00   0.0000000E+00   0.0000000E+00
   7.4602999E-03   6.7854468E+06   6.7854468E+06   2.6833293E+04   1.8175962E+02   2.8292011E+05   6.7641450E+06   6.7854468E+06   0.0000000E+00   0.0000000E+00   0.0000000E+00   0.0000000E+00   0.0000000E+00
   8.3705942E-03   6.6162913E+06   6.6162913E+06   2.1661091E+04   1.4755195E+02   2.4974293E+05   6.5946788E+06   6.6162913E+06   0.0000000E+00   0.0000000E+00   0.0000000E+00   0.0000000E+00   0.0000000E+00
   9.3919611E-03   6.4307082E+06   6.4307082E+06   1.6490566E+04   1.1907077E+02   2.1780302E+05   6.4089183E+06   6.4307082E+06   0.0000000E+00   0.0000000E+00   0.0000000E+00   0.0000000E+00   0.0000000E+00
   1.0537954E-02   6.2278289E+06   6.2278289E+06   1.2752641E+04   9.5395831E+01   1.8830709E+05   6.2060265E+06   6.2278289E+06   0.0000000E+00   0.0000000E+00   0.0000000E+00   0.0000000E+00   0.0000000E+00
   1.1823779E-02   6.0068169E+06   6.0068169E+06   9.4526999E+03   7.5896129E+01   1.6081967E+05   5.9851604E+06   6.0068169E+06   0.0000000E+00   0.0000000E+00   0.0000000E+00   0.0000000E+00   0.0000000E+00
   1.3266498E-02   5.7669092E+06   5.7669092E+06   6.7424960E+03   5.9850161E+01   1.3727611E+05   5.7455697E+06   5.7669092E+06   0.0000000E+00   0.0000000E+00   0.0000000E+00   0.0000000E+00   0.0000000E+00
   1.4885255E-02   5.5074933E+06   5.5074933E+06   5.5743671E+03   4.6807217E+01   1.1571913E+05   5.4866345E+06   5.5074933E+06   0.0000000E+00   0.0000000E+00   0.0000000E+00   0.0000000E+00   0.0000000E+00
   1.6701531E-02   5.2282463E+06   5.2282463E+06   3.9109899E+03   3.6291122E+01   9.6835178E+04   5.2080364E+06   5.2282463E+06   0.0000000E+00   0.0000000E+00   0.0000000E+00   0.0000000E+00   0.0000000E+00
   1.8739426E-02   4.9293597E+06   4.9293597E+06   2.9060164E+03   2.7873501E+01   7.9966935E+04   4.9099603E+06   4.9293597E+06   0.0000000E+00   0.0000000E+00   0.0000000E+00   0.0000000E+00   0.0000000E+00
   2.1025981E-02   4.6118686E+06   4.6118686E+06   2.2033376E+03   2.1184727E+01   6.5647790E+04   4.5934323E+06   4.6118686E+06   0.0000000E+00   0.0000000E+00   0.0000000E+00   0.0000000E+00   0.0000000E+00
   2.3591515E-02   4.2781024E+06   4.2781024E+06   1.6819125E+03   1.5925712E+01   5.3122379E+04   4.2607660E+06   4.2781024E+06   0.0000000E+00   0.0000000E+00   0.0000000E+00   0.0000000E+00   0.0000000E+00
   2.6469777E-02   3.9322503E+06   3.9322503E+06   1.2090248E+03   1.1835907E+01   4.2887572E+04   3.9161268E+06   3.9322503E+06   0.0000000E+00   0.0000000E+00   0.0000000E+00   0.0000000E+00   0.0000000E+00
   2.9696307E-02   3.5810862E+06   3.5810862E+06   8.7006263E+02   8.7006740E+00   3.4216549E+04   3.5662532E+06   3.5810862E+06   0.0000000E+00   0.0000000E+00   0.0000000E+00   0.0000000E+00   0.0000000E+00
   3.3297505E-02   3.2351248E+06   3.2351248E+06   6.4302972E+02   6.3380879E+00   2.7030852E+04   3.2216086E+06   3.2351248E+06   0.0000000E+00   0.0000000E+00   0.0000000E+00   0.0000000E+00   0.0000000E+00
   3.7251094E-02   2.9102888E+06   2.9102888E+06   4.4308563E+02   4.6075406E+00   2.1548376E+04   2.8980414E+06   2.9102888E+06   0.0000000E+00   0.0000000E+00   0.0000000E+00   0.0000000E+00   0.0000000E+00
   4.1413906E-02   2.6270309E+06   2.6270309E+06   3.1508675E+02   3.3947732E+00   1.7303223E+04   2.6159108E+06   2.6270309E+06   0.0000000E+00   0.0000000E+00   0.0000000E+00   0.0000000E+00   0.0000000E+00
   4.5525600E-02   2.4002459E+06   2.4002459E+06   2.4626143E+02   2.5825992E+00   1.4273040E+04   2.3900399E+06   2.4002459E+06   0.0000000E+00   0.0000000E+00   0.0000000E+00   0.0000000E+00   0.0000000E+00
   4.9387658E-02   2.2277655E+06   2.2277655E+06   1.9709127E+02   2.0445814E+00   1.2275560E+04   2.2182605E+06   2.2277655E+06   0.0000000E+00   0.0000000E+00   0.0000000E+00   0.0000000E+00   0.0000000E+00
   5.2967249E-02   2.0959563E+06   2.0959563E+06   1.6385519E+02   1.6768388E+00   1.0746973E+04   2.0869904E+06   2.0959563E+06   0.0000000E+00   0.0000000E+00   0.0000000E+00   0.0000000E+00   0.0000000E+00
   5.6318195E-02   1.9911737E+06   1.9911737E+06   1.3589101E+02   1.4114616E+00   9.6332278E+03   1.9826385E+06   1.9911737E+06   0.0000000E+00   0.0000000E+00   0.0000000E+00   0.0000000E+00   0.0000000E+00
   5.9505773E-02   1.9035507E+06   1.9035507E+06   1.1682742E+02   1.2102632E+00   8.7683400E+03   1.8953773E+06   1.9035507E+06   0.0000000E+00   0.0000000E+00   0.0000000E+00   0.0000000E+00   0.0000000E+00
   6.2583763E-02   1.8264924E+06   1.8264924E+06   1.0166648E+02   1.0510264E+00   8.0632404E+03   1.8186387E+06   1.8264924E+06   0.0000000E+00   0.0000000E+00   0.0000000E+00   0.0000000E+00   0.0000000E+00
   6.5592900E-02   1.7556215E+06   1.7556215E+06   8.7949136E+01   9.2069923E-01   7.4613131E+03   1.7480632E+06   1.7556215E+06   0.0000000E+00   0.0000000E+00   0.0000000E+00   0.0000000E+00   0.0000000E+00
   6.8563812E-02   1.6880363E+06   1.6880363E+06   7.5545087E+01   8.1121762E-01   6.9209164E+03   1.6807612E+06   1.6880363E+06   0.0000000E+00   0.0000000E+00   0.0000000E+00   0.0000000E+00   0.0000000E+00
   7.1519949E-02   1.6218665E+06   1.6218665E+06   6.6118147E+01   7.1733223E-01   6.4117575E+03   1.6148699E+06   1.6218665E+06   0.0000000E+00   0.0000000E+00   0.0000000E+00   0.0000000E+00   0.0000000E+00
   7.4479741E-02   1.5560126E+06   1.5560126E+06   6.1577941E+01   6.3556802E-01   5.9652865E+03   1.5492943E+06   1.5560126E+06   0.0000000E+00   0.0000000E+00   0.0000000E+00   0.0000000E+00   0.0000000E+00
   7.7458096E-02   1.4899834E+06   1.4899834E+06   5.3683337E+01   5.6363656E-01   5.5743977E+03   1.4835452E+06   1.4899834E+06   0.0000000E+00   0.0000000E+00   0.0000000E+00   0.0000000E+00   0.0000000E+00
   8.0467419E-02   1.4237834E+06   1.4237834E+06   4.5249637E+01   5.0001155E-01   5.1762023E+03   1.4176269E+06   1.4237834E+06   0.0000000E+00   0.0000000E+00   0.0000000E+00   0.0000000E+00   0.0000000E+00
   8.3518315E-02   1.3578184E+06   1.3578184E+06   4.0697369E+01   4.4352562E-01   4.7961333E+03   1.3519433E+06   1.3578184E+06   0.0000000E+00   0.0000000E+00   0.0000000E+00   0.0000000E+00   0.0000000E+00
   8.6620078E-02   1.2928024E+06   1.2928024E+06   3.7281954E+01   3.9337223E-01   4.4579849E+03   1.2872053E+06   1.2928024E+06   0.0000000E+00   0.0000000E+00   0.0000000E+00   0.0000000E+00   0.0000000E+00
   8.9781043E-02   1.2296564E+06   1.2296564E+06   3.3446306E+01   3.4896425E-01   4.1498021E+03   1.2243297E+06   1.2296564E+06   0.0000000E+00   0.0000000E+00   0.0000000E+00   0.0000000E+00   0.0000000E+00
   9.3008836E-02   1.1693950E+06   1.1693950E+06   2.9663242E+01   3.0977644E-01   3.8642478E+03   1.1643267E+06   1.1693950E+06   0.0000000E+00   0.0000000E+00   0.0000000E+00   0.0000000E+00   0.0000000E+00
   9.6310557E-02   1.1130022E+06   1.1130022E+06   2.6256719E+01   2.7539743E-01   3.6017371E+03   1.1081760E+06   1.1130022E+06   0.0000000E+00   0.0000000E+00   0.0000000E+00   0.0000000E+00   0.0000000E+00
   9.9692920E-02   1.0613032E+06   1.0613032E+06   2.3021628E+01   2.4538098E-01   3.3641471E+03   1.0566992E+06   1.0613032E+06   0.0000000E+00   0.0000000E+00   0.0000000E+00   0.0000000E+00   0.0000000E+00
   1.0316235E-01   1.0148418E+06   1.0148418E+06   1.9864630E+01   2.1928515E-01   3.1601682E+03   1.0104375E+06   1.0148418E+06   0.0000000E+00   0.0000000E+00   0.0000000E+00   0.0000000E+00   0.0000000E+00
   1.0672508E-01   9.7377888E+05   9.7377888E+05   1.8114174E+01   1.9664984E-01   2.9876436E+03   9.6955114E+05   9.7377888E+05   0.0000000E+00   0.0000000E+00   0.0000000E+00   0.0000000E+00   0.0000000E+00
   1.1038719E-01   9.3782790E+05   9.3782790E+05   1.6579523E+01   1.7701292E-01   2.8207416E+03   9.3375476E+05   9.3782790E+05   0.0000000E+00   0.0000000E+00   0.0000000E+00   0.0000000E+00   0.0000000E+00
   1.1415464E-01   9.0624372E+05   9.0624372E+05   1.4676134E+01   1.5986312E-01   2.6891087E+03   9.0230641E+05   9.0624372E+05   0.0000000E+00   0.0000000E+00   0.0000000E+00   0.0000000E+00   0.0000000E+00
   1.1803337E-01   8.7787785E+05   8.7787785E+05   1.3439678E+01   1.4475747E-01   2.5566878E+03   8.7406254E+05   8.7787785E+05   0.0000000E+00   0.0000000E+00   0.0000000E+00   0.0000000E+00   0.0000000E+00
   1.2202924E-01   8.5130489E+05   8.5130489E+05   1.2449841E+01   1.3124033E-01   2.4499806E+03   8.4760395E+05   8.5130489E+05   0.0000000E+00   0.0000000E+00   0.0000000E+00   0.0000000E+00   0.0000000E+00
   1.2614813E-01   8.2501382E+05   8.2501382E+05   1.0930467E+01   1.1895588E-01   2.3423769E+03   8.2142616E+05   8.2501382E+05   0.0000000E+00   0.0000000E+00   0.0000000E+00   0.0000000E+00   0.0000000E+00
   1.3039588E-01   7.9764311E+05   7.9764311E+05   9.7789993E+00   1.0762112E-01   2.2328112E+03   7.9417354E+05   7.9764311E+05   0.0000000E+00   0.0000000E+00   0.0000000E+00   0.0000000E+00   0.0000000E+00
   1.3477839E-01   7.6822325E+05   7.6822325E+05   8.8304400E+00   9.7047291E-02   2.1234501E+03   7.6488080E+05   7.6822325E+05   0.0000000E+00   0.0000000E+00   0.0000000E+00   0.0000000E+00   0.0000000E+00
   1.3930154E-01   7.3637858E+05   7.3637858E+05   8.0822280E+00   8.7147793E-02   2.0119067E+03   7.3317393E+05   7.3637858E+05   0.0000000E+00   0.0000000E+00   0.0000000E+00   0.0000000E+00   0.0000000E+00
   1.4397127E-01   7.0243569E+05   7.0243569E+05   7.3982943E+00   7.7919388E-02   1.8931845E+03   6.9937807E+05   7.0243569E+05   0.0000000E+00   0.0000000E+00   0.0000000E+00   0.0000000E+00   0.0000000E+00
   1.4879354E-01   6.6739397E+05   6.6739397E+05   6.2923631E+00   6.9411612E-02   1.7798847E+03   6.6448827E+05   6.6739397E+05   0.0000000E+00   0.0000000E+00   0.0000000E+00   0.0000000E+00   0.0000000E+00
   1.5377436E-01   6.3273722E+05   6.3273722E+05   5.7363876E+00   6.1706095E-02   1.6682202E+03   6.2998186E+05   6.3273722E+05   0.0000000E+00   0.0000000E+00   0.0000000E+00   0.0000000E+00   0.0000000E+00
   1.5891980E-01   6.0010263E+05   6.0010263E+05   5.1484502E+00   5.4864490E-02   1.5676217E+03   5.9748890E+05   6.0010263E+05   0.0000000E+00   0.0000000E+00   0.0000000E+00   0.0000000E+00   0.0000000E+00
   1.6423597E-01   5.7086906E+05   5.7086906E+05   4.5736963E+00   4.8903925E-02   1.4781025E+03   5.6838221E+05   5.7086906E+05   0.0000000E+00   0.0000000E+00   0.0000000E+00   0.0000000E+00   0.0000000E+00
   1.6972907E-01   5.4576694E+05   5.4576694E+05   4.1040703E+00   4.3780830E-02   1.4000454E+03   5.4338905E+05   5.4576694E+05   0.0000000E+00   0.0000000E+00   0.0000000E+00   0.0000000E+00   0.0000000E+00
   1.7540537E-01   5.2463185E+05   5.2463185E+05   3.6901299E+00   3.9387231E-02   1.3324631E+03   5.2234569E+05   5.2463185E+05   0.0000000E+00   0.0000000E+00   0.0000000E+00   0.0000000E+00   0.0000000E+00
   1.8127124E-01   5.0640590E+05   5.0640590E+05   3.2187120E+00   3.5567182E-02   1.2763098E+03   5.0419884E+05   5.0640590E+05   0.0000000E+00   0.0000000E+00   0.0000000E+00   0.0000000E+00   0.0000000E+00
   1.8733317E-01   4.8942912E+05   4.8942912E+05   3.0219314E+00   3.2158441E-02   1.2236327E+03   4.8729575E+05   4.8942912E+05   0.0000000E+00   0.0000000E+00   0.0000000E+00   0.0000000E+00   0.0000000E+00
   1.9359780E-01   4.7196559E+05   4.7196559E+05   2.7066528E+00   2.9022408E-02   1.1721496E+03   4.6990807E+05   4.7196559E+05   0.0000000E+00   0.0000000E+00   0.0000000E+00   0.0000000E+00   0.0000000E+00
   2.0007191E-01   4.5280463E+05   4.5280463E+05   2.4325720E+00   2.6073544E-02   1.1163970E+03   4.5083040E+05   4.5280463E+05   0.0000000E+00   0.0000000E+00   0.0000000E+00   0.0000000E+00   0.0000000E+00
   2.0676253E-01   4.3171177E+05   4.3171177E+05   2.1711136E+00   2.3292440E-02   1.0566641E+03   4.2982928E+05   4.3171177E+05   0.0000000E+00   0.0000000E+00   0.0000000E+00   0.0000000E+00   0.0000000E+00
   2.1367691E-01   4.0952126E+05   4.0952126E+05   1.8825980E+00   2.0710940E-02   9.9637168E+02   4.0773534E+05   4.0952126E+05   0.0000000E+00   0.0000000E+00   0.0000000E+00   0.0000000E+00   0.0000000E+00
   2.2082260E-01   3.8778190E+05   3.8778190E+05   1.7171241E+00   1.8382867E-02   9.3791330E+02   3.8609061E+05   3.8778190E+05   0.0000000E+00   0.0000000E+00   0.0000000E+00   0.0000000E+00   0.0000000E+00
   2.2820753E-01   3.6806297E+05   3.6806297E+05   1.5119037E+00   1.6347973E-02   8.8572234E+02   3.6645753E+05   3.6806297E+05   0.0000000E+00   0.0000000E+00   0.0000000E+00   0.0000000E+00   0.0000000E+00
   2.3584002E-01   3.5121611E+05   3.5121611E+05   1.3541264E+00   1.4606487E-02   8.4041202E+02   3.4968402E+05   3.5121611E+05   0.0000000E+00   0.0000000E+00   0.0000000E+00   0.0000000E+00   0.0000000E+00
   2.4372892E-01   3.3696361E+05   3.3696361E+05   1.2071959E+00   1.3114282E-02   8.0178612E+02   3.3549357E+05   3.3696361E+05   0.0000000E+00   0.0000000E+00   0.0000000E+00   0.0000000E+00   0.0000000E+00
   2.5188366E-01   3.2406512E+05   3.2406512E+05   1.0903688E+00   1.1800837E-02   7.6791472E+02   3.2265123E+05   3.2406512E+05   0.0000000E+00   0.0000000E+00   0.0000000E+00   0.0000000E+00   0.0000000E+00
   2.6031438E-01   3.1101970E+05   3.1101970E+05   9.6796539E-01   1.0600515E-02   7.3338103E+02   3.0966262E+05   3.1101970E+05   0.0000000E+00   0.0000000E+00   0.0000000E+00   0.0000000E+00   0.0000000E+00
   2.6903201E-01   2.9692926E+05   2.9692926E+05   8.6521188E-01   9.4770669E-03   6.9716472E+02   2.9563358E+05   2.9692926E+05   0.0000000E+00   0.0000000E+00   0.0000000E+00   0.0000000E+00   0.0000000E+00
   2.7804846E-01   2.8199548E+05   2.8199548E+05   7.7989687E-01   8.4317710E-03   6.5955601E+02   2.8076488E+05   2.8199548E+05   0.0000000E+00   0.0000000E+00   0.0000000E+00   0.0000000E+00   0.0000000E+00
   2.8737676E-01   2.6730194E+05   2.6730194E+05   6.8639050E-01   7.4870762E-03   6.2270424E+02   2.6613539E+05   2.6730194E+05   0.0000000E+00   0.0000000E+00   0.0000000E+00   0.0000000E+00   0.0000000E+00
   2.9703121E-01   2.5399692E+05   2.5399692E+05   6.0875238E-01   6.6617173E-03   5.8951321E+02   2.5288836E+05   2.5399692E+05   0.0000000E+00   0.0000000E+00   0.0000000E+00   0.0000000E+00   0.0000000E+00
   3.0702767E-01   2.4244937E+05   2.4244937E+05   5.4519674E-01   5.9502509E-03   5.6089832E+02   2.4139116E+05   2.4244937E+05   0.0000000E+00   0.0000000E+00   0.0000000E+00   0.0000000E+00   0.0000000E+00
   3.1738376E-01   2.3202716E+05   2.3202716E+05   4.9189751E-01   5.3266857E-03   5.3491317E+02   2.3101438E+05   2.3202716E+05   0.0000000E+00   0.0000000E+00   0.0000000E+00   0.0000000E+00   0.0000000E+00
   3.2811919E-01   2.2169063E+05   2.2169063E+05   4.3916773E-01   4.7608938E-03   5.0958787E+02   2.2072292E+05   2.2169063E+05   0.0000000E+00   0.0000000E+00   0.0000000E+00   0.0000000E+00   0.0000000E+00
   3.3925612E-01   2.1090171E+05   2.1090171E+05   3.8848102E-01   4.2379309E-03   4.8337875E+02   2.0998106E+05   2.1090171E+05   0.0000000E+00   0.0000000E+00   0.0000000E+00   0.0000000E+00   0.0000000E+00
   3.5081960E-01   2.0002475E+05   2.0002475E+05   3.4729520E-01   3.7603380E-03   4.5720896E+02   1.9915154E+05   2.0002475E+05   0.0000000E+00   0.0000000E+00   0.0000000E+00   0.0000000E+00   0.0000000E+00
   3.6283813E-01   1.8983845E+05   1.8983845E+05   3.0755596E-01   3.3371712E-03   4.3276595E+02   1.8900967E+05   1.8983845E+05   0.0000000E+00   0.0000000E+00   0.0000000E+00   0.0000000E+00   0.0000000E+00
   3.7534429E-01   1.8067016E+05   1.8067016E+05   2.7325986E-01   2.9673674E-03   4.1092900E+02   1.7988138E+05   1.8067016E+05   0.0000000E+00   0.0000000E+00   0.0000000E+00   0.0000000E+00   0.0000000E+00
   3.8837561E-01   1.7209495E+05   1.7209495E+05   2.4315524E-01   2.6397003E-03   3.9058429E+02   1.7134358E+05   1.7209495E+05   0.0000000E+00   0.0000000E+00   0.0000000E+00   0.0000000E+00   0.0000000E+00
   4.0197555E-01   1.6352235E+05   1.6352235E+05   2.1523353E-01   2.3415634E-03   3.7022341E+02   1.6280838E+05   1.6352235E+05   0.0000000E+00   0.0000000E+00   0.0000000E+00   0.0000000E+00   0.0000000E+00
   4.1619488E-01   1.5491576E+05   1.5491576E+05   1.9020682E-01   2.0696826E-03   3.5006483E+02   1.5423934E+05   1.5491576E+05   0.0000000E+00   0.0000000E+00   0.0000000E+00   0.0000000E+00   0.0000000E+00
   4.3109333E-01   1.4670626E+05   1.4670626E+05   1.6799225E-01   1.8272163E-03   3.3081736E+02   1.4606567E+05   1.4670626E+05   0.0000000E+00   0.0000000E+00   0.0000000E+00   0.0000000E+00   0.0000000E+00
   4.4674183E-01   1.3907621E+05   1.3907621E+05   1.4827279E-01   1.6127986E-03   3.1306162E+02   1.3846892E+05   1.3907621E+05   0.0000000E+00   0.0000000E+00   0.0000000E+00   0.0000000E+00   0.0000000E+00
   4.6322541E-01   1.3171923E+05   1.3171923E+05   1.3076329E-01   1.4206995E-03   2.9597209E+02   1.3114405E+05   1.3171923E+05   0.0000000E+00   0.0000000E+00   0.0000000E+00   0.0000000E+00   0.0000000E+00
   4.8064713E-01   1.2440777E+05   1.2440777E+05   1.1475221E-01   1.2464044E-03   2.7908759E+02   1.2386450E+05   1.2440777E+05   0.0000000E+00   0.0000000E+00   0.0000000E+00   0.0000000E+00   0.0000000E+00
   4.9913337E-01   1.1731906E+05   1.1731906E+05   1.0028053E-01   1.0901089E-03   2.6273311E+02   1.1680674E+05   1.1731906E+05   0.0000000E+00   0.0000000E+00   0.0000000E+00   0.0000000E+00   0.0000000E+00
   5.1884122E-01   1.1056213E+05   1.1056213E+05   8.7398860E-02   9.5072099E-04   2.4723905E+02   1.1007930E+05   1.1056213E+05   0.0000000E+00   0.0000000E+00   0.0000000E+00   0.0000000E+00   0.0000000E+00
   5.3996884E-01   1.0394756E+05   1.0394756E+05   7.5909746E-02   8.2524176E-04   2.3211544E+02   1.0349361E+05   1.0394756E+05   0.0000000E+00   0.0000000E+00   0.0000000E+00   0.0000000E+00   0.0000000E+00
   5.6277036E-01   9.7432131E+04   9.7432131E+04   6.5509240E-02   7.1220146E-04   2.1724681E+02   9.7006619E+04   9.7432131E+04   0.0000000E+00   0.0000000E+00   0.0000000E+00   0.0000000E+00   0.0000000E+00
   5.8757766E-01   9.1098749E+04   9.1098749E+04   5.6175374E-02   6.1088390E-04   2.0283022E+02   9.0700888E+04   9.1098749E+04   0.0000000E+00   0.0000000E+00   0.0000000E+00   0.0000000E+00   0.0000000E+00
   6.1483300E-01   8.4845626E+04   8.4845626E+04   4.7786211E-02   5.1962024E-04   1.8868618E+02   8.4475068E+04   8.4845626E+04   0.0000000E+00   0.0000000E+00   0.0000000E+00   0.0000000E+00   0.0000000E+00
   6.4513854E-01   7.8647831E+04   7.8647831E+04   4.0226049E-02   4.3751409E-04   1.7467001E+02   7.8304334E+04   7.8647831E+04   0.0000000E+00   0.0000000E+00   0.0000000E+00   0.0000000E+00   0.0000000E+00
   6.7933255E-01   7.2482855E+04   7.2482855E+04   3.3433181E-02   3.6364758E-04   1.6077992E+02   7.2166278E+04   7.2482855E+04   0.0000000E+00   0.0000000E+00   0.0000000E+00   0.0000000E+00   0.0000000E+00
   7.1860640E-01   6.6289655E+04   6.6289655E+04   2.7325742E-02   2.9723615E-04   1.4686454E+02   6.6000122E+04   6.6289655E+04   0.0000000E+00   0.0000000E+00   0.0000000E+00   0.0000000E+00   0.0000000E+00
   7.6467725E-01   6.0030420E+04   6.0030420E+04   2.1852773E-02   2.3771405E-04   1.3284459E+02   5.9768220E+04   6.0030420E+04   0.0000000E+00   0.0000000E+00   0.0000000E+00   0.0000000E+00   0.0000000E+00
   8.2001011E-01   5.3665597E+04   5.3665597E+04   1.6988164E-02   1.8480968E-04   1.1861183E+02   5.3431193E+04   5.3665597E+04   0.0000000E+00   0.0000000E+00   0.0000000E+00   0.0000000E+00   0.0000000E+00
   8.8797992E-01   4.7194983E+04   4.7194983E+04   1.2740008E-02   1.3860010E-04   1.0419491E+02   4.6988838E+04   4.7194983E+04   0.0000000E+00   0.0000000E+00   0.0000000E+00   0.0000000E+00   0.0000000E+00
   9.7258139E-01   4.0713768E+04   4.0713768E+04   9.1614295E-03   9.9677897E-05   8.9777671E+01   4.0535929E+04   4.0713768E+04   0.0000000E+00   0.0000000E+00   0.0000000E+00   0.0000000E+00   0.0000000E+00
   1.0770764E+00   3.4461175E+04   3.4461175E+04   6.3227152E-03   6.8795587E-05   7.5912080E+01   3.4310645E+04   3.4461175E+04   0.0000000E+00   0.0000000E+00   0.0000000E+00   0.0000000E+00   0.0000000E+00
   1.2022367E+00   2.8759952E+04   2.8759952E+04   4.2332605E-03   4.6086081E-05   6.3292007E+01   2.8634324E+04   2.8759952E+04   0.0000000E+00   0.0000000E+00   0.0000000E+00   0.0000000E+00   0.0000000E+00
   1.3469739E+00   2.3824460E+04   2.3824460E+04   2.7952571E-03   3.0415173E-05   5.2392872E+01   2.3720390E+04   2.3824460E+04   0.0000000E+00   0.0000000E+00   0.0000000E+00   0.0000000E+00   0.0000000E+00
   1.5108961E+00   1.9673307E+04   1.9673307E+04   1.8343250E-03   1.9962919E-05   4.3237092E+01   1.9587369E+04   1.9673307E+04   0.0000000E+00   0.0000000E+00   0.0000000E+00   0.0000000E+00   0.0000000E+00
   1.6951854E+00   1.6219342E+04   1.6219342E+04   1.2013037E-03   1.3075403E-05   3.5627599E+01   1.6148491E+04   1.6219342E+04   0.0000000E+00   0.0000000E+00   0.0000000E+00   0.0000000E+00   0.0000000E+00
   1.9020220E+00   1.3355822E+04   1.3355822E+04   7.8575228E-04   8.5533679E-06   2.9326312E+01   1.3297480E+04   1.3355822E+04   0.0000000E+00   0.0000000E+00   0.0000000E+00   0.0000000E+00   0.0000000E+00
   2.1341032E+00   1.0985942E+04   1.0985942E+04   5.1339153E-04   5.5893346E-06   2.4115502E+01   1.0937952E+04   1.0985942E+04   0.0000000E+00   0.0000000E+00   0.0000000E+00   0.0000000E+00   0.0000000E+00
   2.3945031E+00   9.0273157E+03   9.0273157E+03   3.3509213E-04   3.6487872E-06   1.9810967E+01   8.9878813E+03   9.0273157E+03   0.0000000E+00   0.0000000E+00   0.0000000E+00   0.0000000E+00   0.0000000E+00
   2.6866767E+00   7.4106508E+03   7.4106508E+03   2.1847826E-04   2.3797634E-06   1.6259655E+01   7.3782784E+03   7.4106508E+03   0.0000000E+00   0.0000000E+00   0.0000000E+00   0.0000000E+00   0.0000000E+00
   3.0145009E+00   6.0778590E+03   6.0778590E+03   1.4236118E-04   1.5507330E-06   1.3332981E+01   6.0513086E+03   6.0778590E+03   0.0000000E+00   0.0000000E+00   0.0000000E+00   0.0000000E+00   0.0000000E+00
   3.3823256E+00   4.9803603E+03   4.9803603E+03   9.2659701E-05   1.0096611E-06   1.0924132E+01   4.9586042E+03   4.9803603E+03   0.0000000E+00   0.0000000E+00   0.0000000E+00   0.0000000E+00   0.0000000E+00
   3.7950317E+00   4.0775999E+03   4.0775999E+03   6.0287239E-05   6.5688136E-07   8.9431826E+00   4.0597874E+03   4.0775999E+03   0.0000000E+00   0.0000000E+00   0.0000000E+00   0.0000000E+00   0.0000000E+00
   4.2580956E+00   3.3357924E+03   3.3357924E+03   3.9158552E-05   4.2706072E-07   7.3155824E+00   3.3212204E+03   3.3357924E+03   0.0000000E+00   0.0000000E+00   0.0000000E+00   0.0000000E+00   0.0000000E+00
   4.7776619E+00   2.7268407E+03   2.7268407E+03   2.5426800E-05   2.7746871E-07   5.9797067E+00   2.7149288E+03   2.7268407E+03   0.0000000E+00   0.0000000E+00   0.0000000E+00   0.0000000E+00   0.0000000E+00
   5.3606248E+00   2.2274178E+03   2.2274178E+03   1.6496298E-05   1.8017025E-07   4.8843106E+00   2.2176876E+03   2.2274178E+03   0.0000000E+00   0.0000000E+00   0.0000000E+00   0.0000000E+00   0.0000000E+00
   6.0147200E+00   1.8181877E+03   1.8181877E+03   1.0696364E-05   1.1693306E-07   3.9867493E+00   1.8102452E+03   1.8181877E+03   0.0000000E+00   0.0000000E+00   0.0000000E+00   0.0000000E+00   0.0000000E+00
   6.7486268E+00   1.4831463E+03   1.4831463E+03   6.9314023E-06   7.5858479E-08   3.2520045E+00   1.4766673E+03   1.4831463E+03   0.0000000E+00   0.0000000E+00   0.0000000E+00   0.0000000E+00   0.0000000E+00
   7.5720838E+00   1.2090653E+03   1.2090653E+03   4.4880775E-06   4.9195854E-08   2.6509265E+00   1.2037836E+03   1.2090653E+03   0.0000000E+00   0.0000000E+00   0.0000000E+00   0.0000000E+00   0.0000000E+00
   8.4960178E+00   9.8502569E+02   9.8502569E+02   2.9046565E-06   3.1897142E-08   2.1596587E+00   9.8072269E+02   9.8502569E+02   0.0000000E+00   0.0000000E+00   0.0000000E+00   0.0000000E+00   0.0000000E+00
