#           k/h    CDM            baryon         photon         nu             mass_nu        total          no_nu          total_de       Weyl           v_CDM          v_b            v_b-v_c     
   1.0008987E-05   1.3534451E+06   1.3534451E+06   1.8045456E+06   1.7114838E+04   1.7124858E+03   1.3541669E+06   1.3534451E+06   0.0000000E+00   0.0000000E+00   0.0000000E+00   0.0000000E+00   0.0000000E+00
   1.1230268E-05   1.3534448E+06   1.3534448E+06   1.8045329E+06   1.7114758E+04   1.7124531E+03   1.3541665E+06   1.3534448E+06   0.0000000E+00   0.0000000E+00   0.0000000E+00   0.0000000E+00   0.0000000E+00
   1.2600568E-05   1.3534445E+06   1.3534445E+06   1.8045168E+06   1.7114658E+04   1.7124119E+03   1.3541661E+06   1.3534445E+06   0.0000000E+00   0.0000000E+00   0.0000000E+00   0.0000000E+00   0.0000000E+00
   1.4138070E-05   1.3534440E+06   1.3534440E+06   1.8044965E+06   1.7114532E+04   1.7123600E+03   1.3541656E+06   1.3534440E+06   0.0000000E+00   0.0000000E+00   0.0000000E+00   0.0000000E+00   0.0000000E+00
   1.5863175E-05   1.3534435E+06   1.3534435E+06   1.8044711E+06   1.7114374E+04   1.7122947E+03   1.3541650E+06   1.3534435E+06   0.0000000E+00   0.0000000E+00   0.0000000E+00   0.0000000E+00   0.0000000E+00
   1.7798775E-05   1.3534427E+06   1.3534427E+06   1.8044390E+06   1.7114174E+04   1.7122126E+03   1.3541642E+06   1.3534427E+06   0.0000000E+00   0.0000000E+00   0.0000000E+00   0.0000000E+00   0.0000000E+00
   1.9970554E-05   1.3534418E+06   1.3534418E+06   1.8043986E+06   1.7113923E+04   1.7121091E+03   1.3541631E+06   1.3534418E+06   0.0000000E+00   0.0000000E+00   0.0000000E+00   0.0000000E+00   0.0000000E+00
   2.2407330E-05   1.3534407E+06   1.3534407E+06   1.8043477E+06   1.7113607E+04   1.7119789E+03   1.3541618E+06   1.3534407E+06   0.0000000E+00   0.0000000E+00   0.0000000E+00   0.0000000E+00   0.0000000E+00
   2.5141438E-05   1.3534393E+06   1.3534393E+06   1.8042837E+06   1.7113209E+04   1.7118149E+03   1.3541602E+06   1.3534393E+06   0.0000000E+00   0.0000000E+00   0.0000000E+00   0.0000000E+00   0.0000000E+00
   2.8209158E-05   1.3534375E+06   1.3534375E+06   1.8042032E+06   1.7112707E+04   1.7116085E+03   1.3541582E+06   1.3534375E+06   0.0000000E+00   0.0000000E+00   0.0000000E+00   0.0000000E+00   0.0000000E+00
   3.1651195E-05   1.3534352E+06   1.3534352E+06   1.8041017E+06   1.7112076E+04   1.7113487E+03   1.3541556E+06   1.3534352E+06   0.0000000E+00   0.0000000E+00   0.0000000E+00   0.0000000E+00   0.0000000E+00
   3.5513225E-05   1.3534324E+06   1.3534324E+06   1.8039740E+06   1.7111282E+04   1.7110217E+03   1.3541524E+06   1.3534324E+06   0.0000000E+00   0.0000000E+00   0.0000000E+00   0.0000000E+00   0.0000000E+00
   3.9846494E-05   1.3534288E+06   1.3534288E+06   1.8038133E+06   1.7110282E+04   1.7106101E+03   1.3541483E+06   1.3534288E+06   0.0000000E+00   0.0000000E+00   0.0000000E+00   0.0000000E+00   0.0000000E+00
   4.4708502E-05   1.3534243E+06   1.3534243E+06   1.8036109E+06   1.7109023E+04   1.7100919E+03   1.3541432E+06   1.3534243E+06   0.0000000E+00   0.0000000E+00   0.0000000E+00   0.0000000E+00   0.0000000E+00
   5.0163764E-05   1.3534186E+06   1.3534186E+06   1.8033562E+06   1.7107439E+04   1.7094398E+03   1.3541367E+06   1.3534186E+06   0.0000000E+00   0.0000000E+00   0.0000000E+00   0.0000000E+00   0.0000000E+00
   5.6284669E-05   1.3534115E+06   1.3534115E+06   1.8030356E+06   1.7105444E+04   1.7086190E+03   1.3541286E+06   1.3534115E+06   0.0000000E+00   0.0000000E+00   0.0000000E+00   0.0000000E+00   0.0000000E+00
   6.3152438E-05   1.3534024E+06   1.3534024E+06   1.8026320E+06   1.7102934E+04   1.7075861E+03   1.3541184E+06   1.3534024E+06   0.0000000E+00   0.0000000E+00   0.0000000E+00   0.0000000E+00   0.0000000E+00
   7.0858200E-05   1.3533911E+06   1.3533911E+06   1.8021241E+06   1.7099773E+04   1.7062864E+03   1.3541055E+06   1.3533911E+06   0.0000000E+00   0.0000000E+00   0.0000000E+00   0.0000000E+00   0.0000000E+00
   7.9504209E-05   1.3533768E+06   1.3533768E+06   1.8014848E+06   1.7095796E+04   1.7046512E+03   1.3540893E+06   1.3533768E+06   0.0000000E+00   0.0000000E+00   0.0000000E+00   0.0000000E+00   0.0000000E+00
   8.9205189E-05   1.3533589E+06   1.3533589E+06   1.8006803E+06   1.7090790E+04   1.7025940E+03   1.3540689E+06   1.3533589E+06   0.0000000E+00   0.0000000E+00   0.0000000E+00   0.0000000E+00   0.0000000E+00
   1.0008987E-04   1.3533363E+06   1.3533363E+06   1.7996680E+06   1.7084489E+04   1.7000066E+03   1.3540432E+06   1.3533363E+06   0.0000000E+00   0.0000000E+00   0.0000000E+00   0.0000000E+00   0.0000000E+00
   1.1230268E-04   1.3533078E+06   1.3533078E+06   1.7983943E+06   1.7076561E+04   1.6967531E+03   1.3540108E+06   1.3533078E+06   0.0000000E+00   0.0000000E+00   0.0000000E+00   0.0000000E+00   0.0000000E+00
   1.2600568E-04   1.3532720E+06   1.3532720E+06   1.7967920E+06   1.7066586E+04   1.6926633E+03   1.3539701E+06   1.3532720E+06   0.0000000E+00   0.0000000E+00   0.0000000E+00   0.0000000E+00   0.0000000E+00
   1.4138070E-04   1.3532270E+06   1.3532270E+06   1.7947766E+06   1.7054036E+04   1.6875241E+03   1.3539189E+06   1.3532270E+06   0.0000000E+00   0.0000000E+00   0.0000000E+00   0.0000000E+00   0.0000000E+00
   1.5863175E-04   1.3531702E+06   1.3531702E+06   1.7922423E+06   1.7038249E+04   1.6810695E+03   1.3538545E+06   1.3531702E+06   0.0000000E+00   0.0000000E+00   0.0000000E+00   0.0000000E+00   0.0000000E+00
   1.7798775E-04   1.3530989E+06   1.3530989E+06   1.7890566E+06   1.7018397E+04   1.6729677E+03   1.3537734E+06   1.3530989E+06   0.0000000E+00   0.0000000E+00   0.0000000E+00   0.0000000E+00   0.0000000E+00
   1.9970554E-04   1.3530091E+06   1.3530091E+06   1.7850533E+06   1.6993439E+04   1.6628063E+03   1.3536714E+06   1.3530091E+06   0.0000000E+00   0.0000000E+00   0.0000000E+00   0.0000000E+00   0.0000000E+00
   2.2407330E-04   1.3528961E+06   1.3528961E+06   1.7800250E+06   1.6962071E+04   1.6500739E+03   1.3535431E+06   1.3528961E+06   0.0000000E+00   0.0000000E+00   0.0000000E+00   0.0000000E+00   0.0000000E+00
   2.5141438E-04   1.3527540E+06   1.3527540E+06   1.7737133E+06   1.6922667E+04   1.6341399E+03   1.3533818E+06   1.3527540E+06   0.0000000E+00   0.0000000E+00   0.0000000E+00   0.0000000E+00   0.0000000E+00
   2.8209158E-04   1.3525754E+06   1.3525754E+06   1.7657964E+06   1.6873193E+04   1.6142300E+03   1.3531789E+06   1.3525754E+06   0.0000000E+00   0.0000000E+00   0.0000000E+00   0.0000000E+00   0.0000000E+00
   3.1651195E-04   1.3523508E+06   1.3523508E+06   1.7558755E+06   1.6811121E+04   1.5894014E+03   1.3529240E+06   1.3523508E+06   0.0000000E+00   0.0000000E+00   0.0000000E+00   0.0000000E+00   0.0000000E+00
   3.5513225E-04   1.3520686E+06   1.3520686E+06   1.7434584E+06   1.6733311E+04   1.5585160E+03   1.3526039E+06   1.3520686E+06   0.0000000E+00   0.0000000E+00   0.0000000E+00   0.0000000E+00   0.0000000E+00
   3.9846494E-04   1.3517142E+06   1.3517142E+06   1.7279405E+06   1.6635882E+04   1.5202177E+03   1.3522019E+06   1.3517142E+06   0.0000000E+00   0.0000000E+00   0.0000000E+00   0.0000000E+00   0.0000000E+00
   4.4708502E-04   1.3512694E+06   1.3512694E+06   1.7085844E+06   1.6514057E+04   1.4729185E+03   1.3516976E+06   1.3512694E+06   0.0000000E+00   0.0000000E+00   0.0000000E+00   0.0000000E+00   0.0000000E+00
   5.0163764E-04   1.3507114E+06   1.3507114E+06   1.6844989E+06   1.6361996E+04   1.4148029E+03   1.3510656E+06   1.3507114E+06   0.0000000E+00   0.0000000E+00   0.0000000E+00   0.0000000E+00   0.0000000E+00
   5.6284669E-04   1.3500123E+06   1.3500123E+06   1.6546197E+06   1.6172617E+04   1.3438663E+03   1.3502743E+06   1.3500123E+06   0.0000000E+00   0.0000000E+00   0.0000000E+00   0.0000000E+00   0.0000000E+00
   6.3152438E-04   1.3491373E+06   1.3491373E+06   1.6176956E+06   1.5937424E+04   1.2580117E+03   1.3492850E+06   1.3491373E+06   0.0000000E+00   0.0000000E+00   0.0000000E+00   0.0000000E+00   0.0000000E+00
   7.0858200E-04   1.3480438E+06   1.3480438E+06   1.5722873E+06   1.5646364E+04   1.1552385E+03   1.3480503E+06   1.3480438E+06   0.0000000E+00   0.0000000E+00   0.0000000E+00   0.0000000E+00   0.0000000E+00
   7.9504209E-04   1.3466798E+06   1.3466798E+06   1.5167893E+06   1.5287777E+04   1.0339694E+03   1.3465129E+06   1.3466798E+06   0.0000000E+00   0.0000000E+00   0.0000000E+00   0.0000000E+00   0.0000000E+00
   8.9205189E-04   1.3449824E+06   1.3449824E+06   1.4494897E+06   1.4848482E+04   8.9357554E+02   1.3446036E+06   1.3449824E+06   0.0000000E+00   0.0000000E+00   0.0000000E+00   0.0000000E+00   0.0000000E+00
   1.0008987E-03   1.3428760E+06   1.3428760E+06   1.3686894E+06   1.4314148E+04   7.3516024E+02   1.3422406E+06   1.3428760E+06   0.0000000E+00   0.0000000E+00   0.0000000E+00   0.0000000E+00   0.0000000E+00
   1.1230268E-03   1.3402714E+06   1.3402714E+06   1.2729089E+06   1.3670063E+04   5.6264544E+02   1.3393284E+06   1.3402714E+06   0.0000000E+00   0.0000000E+00   0.0000000E+00   0.0000000E+00   0.0000000E+00
   1.2600568E-03   1.3370649E+06   1.3370649E+06   1.1612107E+06   1.2902538E+04   3.8413201E+02   1.3357577E+06   1.3370649E+06   0.0000000E+00   0.0000000E+00   0.0000000E+00   0.0000000E+00   0.0000000E+00
   1.4138070E-03   1.3331381E+06   1.3331381E+06   1.0336626E+06   1.2001134E+04   2.1334209E+02   1.3314069E+06   1.3331381E+06   0.0000000E+00   0.0000000E+00   0.0000000E+00   0.0000000E+00   0.0000000E+00
   1.5863175E-03   1.3283601E+06   1.3283601E+06   8.9193946E+05   1.0961935E+04   7.0633192E+01   1.3261457E+06   1.3283601E+06   0.0000000E+00   0.0000000E+00   0.0000000E+00   0.0000000E+00   0.0000000E+00
   1.7798775E-03   1.3225906E+06   1.3225906E+06   7.3999868E+05   9.7918679E+03   -1.7434996E+01   1.3198404E+06   1.3225906E+06   0.0000000E+00   0.0000000E+00   0.0000000E+00   0.0000000E+00   0.0000000E+00
   1.9970554E-03   1.3156859E+06   1.3156859E+06   5.8465187E+05   8.5137036E+03   -2.1636271E+01   1.3123624E+06   1.3156859E+06   0.0000000E+00   0.0000000E+00   0.0000000E+00   0.0000000E+00   0.0000000E+00
   2.2407330E-03   1.3075064E+06   1.3075064E+06   4.3568212E+05   7.1706190E+03   8.1229181E+01   1.3035973E+06   1.3075064E+06   0.0000000E+00   0.0000000E+00   0.0000000E+00   0.0000000E+00   0.0000000E+00
   2.5141438E-03   1.2979251E+06   1.2979251E+06   3.0497204E+05   5.8280642E+03   2.9321867E+02   1.2934537E+06   1.2979251E+06   0.0000000E+00   0.0000000E+00   0.0000000E+00   0.0000000E+00   0.0000000E+00
   2.8209158E-03   1.2868326E+06   1.2868326E+06   2.0406574E+05   4.5695092E+03   5.7612876E+02   1.2818642E+06   1.2868326E+06   0.0000000E+00   0.0000000E+00   0.0000000E+00   0.0000000E+00   0.0000000E+00
   3.1651195E-03   1.2741360E+06   1.2741360E+06   1.4000561E+05   3.4823571E+03   8.3905890E+02   1.2687752E+06   1.2741360E+06   0.0000000E+00   0.0000000E+00   0.0000000E+00   0.0000000E+00   0.0000000E+00
   3.5513225E-03   1.2597458E+06   1.2597458E+06   1.1055797E+05   2.6328803E+03   9.5441342E+02   1.2541199E+06   1.2597458E+06   0.0000000E+00   0.0000000E+00   0.0000000E+00   0.0000000E+00   0.0000000E+00
   3.9846494E-03   1.2435538E+06   1.2435538E+06   1.0203571E+05   2.0365565E+03   8.2571892E+02   1.2377819E+06   1.2435538E+06   0.0000000E+00   0.0000000E+00   0.0000000E+00   0.0000000E+00   0.0000000E+00
   4.4708502E-03   1.2254123E+06   1.2254123E+06   9.4269731E+04   1.6417902E+03   4.9589235E+02   1.2195713E+06   1.2254123E+06   0.0000000E+00   0.0000000E+00   0.0000000E+00   0.0000000E+00   0.0000000E+00
   5.0163764E-03   1.2051356E+06   1.2051356E+06   7.4020862E+04   1.3509970E+03   1.9686038E+02   1.1992475E+06   1.2051356E+06   0.0000000E+00   0.0000000E+00   0.0000000E+00   0.0000000E+00   0.0000000E+00
   5.6284669E-03   1.1825370E+06   1.1825370E+06   4.7393112E+04   1.0836185E+03   1.8022773E+02   1.1765962E+06   1.1825370E+06   0.0000000E+00   0.0000000E+00   0.0000000E+00   0.0000000E+00   0.0000000E+00
   6.3152438E-03   1.1574767E+06   1.1574767E+06   3.2543097E+04   8.3356824E+02   3.6804861E+02   1.1515016E+06   1.1574767E+06   0.0000000E+00   0.0000000E+00   0.0000000E+00   0.0000000E+00   0.0000000E+00
   7.0858200E-03   1.1298552E+06   1.1298552E+06   3.1788188E+04   6.4390447E+02   3.5639549E+02   1.1239043E+06   1.1298552E+06   0.0000000E+00   0.0000000E+00   0.0000000E+00   0.0000000E+00   0.0000000E+00
   7.9504209E-03   1.0995517E+06   1.0995517E+06   2.6241039E+04   5.1493615E+02   1.2560120E+02   1.0936750E+06   1.0995517E+06   0.0000000E+00   0.0000000E+00   0.0000000E+00   0.0000000E+00   0.0000000E+00
   8.9205189E-03   1.0664122E+06   1.0664122E+06   1.5291363E+04   4.0153335E+02   1.5922884E+02   1.0606252E+06   1.0664122E+06   0.0000000E+00   0.0000000E+00   0.0000000E+00   0.0000000E+00   0.0000000E+00
   1.0008987E-02   1.0303166E+06   1.0303166E+06   1.4527518E+04   3.0650368E+02   2.1651923E+02   1.0246488E+06   1.0303166E+06   0.0000000E+00   0.0000000E+00   0.0000000E+00   0.0000000E+00   0.0000000E+00
   1.1230268E-02   9.9115933E+05   9.9115933E+05   1.0710426E+04   2.4054435E+02   6.2793330E+01   9.8565503E+05   9.9115933E+05   0.0000000E+00   0.0000000E+00   0.0000000E+00   0.0000000E+00   0.0000000E+00
   1.2600568E-02   9.4882252E+05   9.4882252E+05   7.5793724E+03   1.8238467E+02   1.5883500E+02   9.4350278E+05   9.4882252E+05   0.0000000E+00   0.0000000E+00   0.0000000E+00   0.0000000E+00   0.0000000E+00
   1.4138070E-02   9.0323400E+05   9.0323400E+05   6.1830341E+03   1.4084626E+02   4.4647964E+01   8.9813124E+05   9.0323400E+05   0.0000000E+00   0.0000000E+00   0.0000000E+00   0.0000000E+00   0.0000000E+00
   1.5863175E-02   8.5435620E+05   8.5435620E+05   4.7711362E+03   1.0592333E+02   1.0519386E+02   8.4949917E+05   8.5435620E+05   0.0000000E+00   0.0000000E+00   0.0000000E+00   0.0000000E+00   0.0000000E+00
   1.7798775E-02   8.0224634E+05   8.0224634E+05   2.9182800E+03   8.0234262E+01   6.1358719E+01   7.9766044E+05   8.0224634E+05   0.0000000E+00   0.0000000E+00   0.0000000E+00   0.0000000E+00   0.0000000E+00
   1.9970554E-02   7.4709941E+05   7.4709941E+05   2.5606726E+03   6.0302961E+01   2.6757923E+01   7.4280940E+05   7.4709941E+05   0.0000000E+00   0.0000000E+00   0.0000000E+00   0.0000000E+00   0.0000000E+00
   2.2407315E-02   6.8933286E+05   6.8933286E+05   2.0388535E+03   4.4660729E+01   3.2833823E+01   6.8536013E+05   6.8933286E+05   0.0000000E+00   0.0000000E+00   0.0000000E+00   0.0000000E+00   0.0000000E+00
   2.5141205E-02   6.2968389E+05   6.2968389E+05   1.4784126E+03   3.2804661E+01   3.2835372E+01   6.2604391E+05   6.2968389E+05   0.0000000E+00   0.0000000E+00   0.0000000E+00   0.0000000E+00   0.0000000E+00
   2.8206671E-02   5.6932951E+05   5.6932951E+05   1.0452459E+03   2.3909486E+01   2.3154750E+01   5.6603004E+05   5.6932951E+05   0.0000000E+00   0.0000000E+00   0.0000000E+00   0.0000000E+00   0.0000000E+00
   3.1632356E-02   5.1006289E+05   5.1006289E+05   6.7003629E+02   1.7275444E+01   1.4630909E+01   5.0710056E+05   5.1006289E+05   0.0000000E+00   0.0000000E+00   0.0000000E+00   0.0000000E+00   0.0000000E+00
   3.5408984E-02   4.5454505E+05   4.5454505E+05   4.3930705E+02   1.2376109E+01   2.2467166E+01   4.5190043E+05   4.5454505E+05   0.0000000E+00   0.0000000E+00   0.0000000E+00   0.0000000E+00   0.0000000E+00
   3.9421514E-02   4.0621919E+05   4.0621919E+05   3.8506922E+02   8.9582598E+00   1.6819007E+01   4.0385257E+05   4.0621919E+05   0.0000000E+00   0.0000000E+00   0.0000000E+00   0.0000000E+00   0.0000000E+00
   4.3428156E-02   3.6778126E+05   3.6778126E+05   2.3990559E+02   6.6705054E+00   1.1545836E+01   3.6563651E+05   3.6778126E+05   0.0000000E+00   0.0000000E+00   0.0000000E+00   0.0000000E+00   0.0000000E+00
   4.7213673E-02   3.3906850E+05   3.3906850E+05   1.9898122E+02   5.1505644E+00   1.5506827E+01   3.3708973E+05   3.3906850E+05   0.0000000E+00   0.0000000E+00   0.0000000E+00   0.0000000E+00   0.0000000E+00
   5.0722354E-02   3.1770390E+05   3.1770390E+05   1.7628972E+02   4.1359607E+00   1.1757208E+01   3.1584879E+05   3.1770390E+05   0.0000000E+00   0.0000000E+00   0.0000000E+00   0.0000000E+00   0.0000000E+00
   5.3999025E-02   3.0118077E+05   3.0118077E+05   1.4287773E+02   3.4190583E+00   8.9906127E+00   2.9942141E+05   3.0118077E+05   0.0000000E+00   0.0000000E+00   0.0000000E+00   0.0000000E+00   0.0000000E+00
   5.7107570E-02   2.8767120E+05   2.8767120E+05   1.1626320E+02   2.8861805E+00   8.2252073E+00   2.8599018E+05   2.8767120E+05   0.0000000E+00   0.0000000E+00   0.0000000E+00   0.0000000E+00   0.0000000E+00
   6.0102276E-02   2.7596070E+05   2.7596070E+05   9.7422951E+01   2.4748145E+00   8.0544098E+00   2.7434765E+05   2.7596070E+05   0.0000000E+00   0.0000000E+00   0.0000000E+00   0.0000000E+00   0.0000000E+00
   6.3024514E-02   2.6525021E+05   2.6525021E+05   8.3380761E+01   2.1472036E+00   7.8632835E+00   2.6369938E+05   2.6525021E+05   0.0000000E+00   0.0000000E+00   0.0000000E+00   0.0000000E+00   0.0000000E+00
   6.5905355E-02   2.5501433E+05   2.5501433E+05   7.2285014E+01   1.8792006E+00   7.5106221E+00   2.5352303E+05   2.5501433E+05   0.0000000E+00   0.0000000E+00   0.0000000E+00   0.0000000E+00   0.0000000E+00
   6.8768494E-02   2.4491722E+05   2.4491722E+05   6.3267798E+01   1.6552359E+00   7.0023090E+00   2.4348469E+05   2.4491722E+05   0.0000000E+00   0.0000000E+00   0.0000000E+00   0.0000000E+00   0.0000000E+00
   7.1632470E-02   2.3476370E+05   2.3476370E+05   5.5796033E+01   1.4647471E+00   6.4309654E+00   2.3339033E+05   2.3476370E+05   0.0000000E+00   0.0000000E+00   0.0000000E+00   0.0000000E+00   0.0000000E+00
   7.4512204E-02   2.2446952E+05   2.2446952E+05   4.9387288E+01   1.3000853E+00   5.9258317E+00   2.2315618E+05   2.2446952E+05   0.0000000E+00   0.0000000E+00   0.0000000E+00   0.0000000E+00   0.0000000E+00
   7.7420057E-02   2.1404092E+05   2.1404092E+05   4.3635881E+01   1.1560427E+00   5.5517383E+00   2.1278843E+05   2.1404092E+05   0.0000000E+00   0.0000000E+00   0.0000000E+00   0.0000000E+00   0.0000000E+00
   8.0366549E-02   2.0355778E+05   2.0355778E+05   3.8319142E+01   1.0290557E+00   5.3150325E+00   2.0236650E+05   2.0355778E+05   0.0000000E+00   0.0000000E+00   0.0000000E+00   0.0000000E+00   0.0000000E+00
   8.3360865E-02   1.9315711E+05   1.9315711E+05   3.3445170E+01   9.1639752E-01   5.2195332E+00   1.9202658E+05   1.9315711E+05   0.0000000E+00   0.0000000E+00   0.0000000E+00   0.0000000E+00   0.0000000E+00
   8.6411209E-02   1.8301489E+05   1.8301489E+05   2.9237518E+01   8.1607052E-01   5.2602875E+00   1.8194361E+05   1.8301489E+05   0.0000000E+00   0.0000000E+00   0.0000000E+00   0.0000000E+00   0.0000000E+00
   8.9525064E-02   1.7332571E+05   1.7332571E+05   2.6057978E+01   7.2667443E-01   5.3894130E+00   1.7231105E+05   1.7332571E+05   0.0000000E+00   0.0000000E+00   0.0000000E+00   0.0000000E+00   0.0000000E+00
   9.2709380E-02   1.6428021E+05   1.6428021E+05   2.4178125E+01   6.4711921E-01   5.4683590E+00   1.6331842E+05   1.6428021E+05   0.0000000E+00   0.0000000E+00   0.0000000E+00   0.0000000E+00   0.0000000E+00
   9.5970712E-02   1.5604153E+05   1.5604153E+05   2.3287176E+01   5.7651540E-01   5.2459444E+00   1.5512790E+05   1.5604153E+05   0.0000000E+00   0.0000000E+00   0.0000000E+00   0.0000000E+00   0.0000000E+00
   9.9315324E-02   1.4872259E+05   1.4872259E+05   2.2057931E+01   5.1408416E-01   4.5497125E+00   1.4785175E+05   1.4872259E+05   0.0000000E+00   0.0000000E+00   0.0000000E+00   0.0000000E+00   0.0000000E+00
   1.0274927E-01   1.4236675E+05   1.4236675E+05   1.8960655E+01   4.5894532E-01   3.7349949E+00   1.4153306E+05   1.4236675E+05   0.0000000E+00   0.0000000E+00   0.0000000E+00   0.0000000E+00   0.0000000E+00
   1.0627846E-01   1.3693497E+05   1.3693497E+05   1.4910827E+01   4.1009987E-01   3.6649650E+00   1.3613304E+05   1.3693497E+05   0.0000000E+00   0.0000000E+00   0.0000000E+00   0.0000000E+00   0.0000000E+00
   1.0990869E-01   1.3230243E+05   1.3230243E+05   1.3556688E+01   3.6688845E-01   4.2838662E+00   1.3152758E+05   1.3230243E+05   0.0000000E+00   0.0000000E+00   0.0000000E+00   0.0000000E+00   0.0000000E+00
   1.1364570E-01   1.2826706E+05   1.2826706E+05   1.4345735E+01   3.2910117E-01   4.0141343E+00   1.2751581E+05   1.2826706E+05   0.0000000E+00   0.0000000E+00   0.0000000E+00   0.0000000E+00   0.0000000E+00
   1.1749519E-01   1.2457121E+05   1.2457121E+05   1.1946413E+01   2.9591096E-01   3.2579494E+00   1.2384157E+05   1.2457121E+05   0.0000000E+00   0.0000000E+00   0.0000000E+00   0.0000000E+00   0.0000000E+00
   1.2146282E-01   1.2093551E+05   1.2093551E+05   1.0309243E+01   2.6614739E-01   3.7306336E+00   1.2022713E+05   1.2093551E+05   0.0000000E+00   0.0000000E+00   0.0000000E+00   0.0000000E+00   0.0000000E+00
   1.2555429E-01   1.1710148E+05   1.1710148E+05   1.0623552E+01   2.3968923E-01   3.2909956E+00   1.1641552E+05   1.1710148E+05   0.0000000E+00   0.0000000E+00   0.0000000E+00   0.0000000E+00   0.0000000E+00
   1.2977527E-01   1.1287659E+05   1.1287659E+05   8.2083894E+00   2.1576265E-01   3.3804705E+00   1.1221536E+05   1.1287659E+05   0.0000000E+00   0.0000000E+00   0.0000000E+00   0.0000000E+00   0.0000000E+00
   1.3413146E-01   1.0817316E+05   1.0817316E+05   8.6147004E+00   1.9416975E-01   2.9755416E+00   1.0753945E+05   1.0817316E+05   0.0000000E+00   0.0000000E+00   0.0000000E+00   0.0000000E+00   0.0000000E+00
   1.3862862E-01   1.0303141E+05   1.0303141E+05   6.7107990E+00   1.7426539E-01   3.1839239E+00   1.0242781E+05   1.0303141E+05   0.0000000E+00   0.0000000E+00   0.0000000E+00   0.0000000E+00   0.0000000E+00
   1.4327250E-01   9.7618289E+04   9.7618289E+04   6.3552858E+00   1.5624655E-01   2.5789196E+00   9.7046373E+04   9.7618289E+04   0.0000000E+00   0.0000000E+00   0.0000000E+00   0.0000000E+00   0.0000000E+00
   1.4806891E-01   9.2197163E+04   9.2197163E+04   5.9113389E+00   1.3966140E-01   2.6857484E+00   9.1656988E+04   9.2197163E+04   0.0000000E+00   0.0000000E+00   0.0000000E+00   0.0000000E+00   0.0000000E+00
   1.5302373E-01   8.7070558E+04   8.7070558E+04   4.8462465E+00   1.2467510E-01   2.6223912E+00   8.6560407E+04   8.7070558E+04   0.0000000E+00   0.0000000E+00   0.0000000E+00   0.0000000E+00   0.0000000E+00
   1.5814285E-01   8.2505752E+04   8.2505752E+04   4.1863673E+00   1.1120016E-01   2.4447667E+00   8.2022330E+04   8.2505752E+04   0.0000000E+00   0.0000000E+00   0.0000000E+00   0.0000000E+00   0.0000000E+00
   1.6343228E-01   7.8661155E+04   7.8661155E+04   3.7541654E+00   9.9274134E-02   2.1682058E+00   7.8200246E+04   7.8661155E+04   0.0000000E+00   0.0000000E+00   0.0000000E+00   0.0000000E+00   0.0000000E+00
   1.6889805E-01   7.5535519E+04   7.5535519E+04   3.4154020E+00   8.8724686E-02   2.0223246E+00   7.5092915E+04   7.5535519E+04   0.0000000E+00   0.0000000E+00   0.0000000E+00   0.0000000E+00   0.0000000E+00
   1.7454634E-01   7.2960051E+04   7.2960051E+04   3.1135389E+00   7.9441164E-02   1.9627662E+00   7.2532528E+04   7.2960051E+04   0.0000000E+00   0.0000000E+00   0.0000000E+00   0.0000000E+00   0.0000000E+00
   1.8038339E-01   7.0643399E+04   7.0643399E+04   2.7985044E+00   7.1265107E-02   1.9111579E+00   7.0229440E+04   7.0643399E+04   0.0000000E+00   0.0000000E+00   0.0000000E+00   0.0000000E+00   0.0000000E+00
   1.8641561E-01   6.8262446E+04   6.8262446E+04   2.4790389E+00   6.3986854E-02   1.8921145E+00   6.7862430E+04   6.8262446E+04   0.0000000E+00   0.0000000E+00   0.0000000E+00   0.0000000E+00   0.0000000E+00
   1.9264954E-01   6.5572600E+04   6.5572600E+04   2.2477431E+00   5.7417785E-02   1.9118465E+00   6.5188338E+04   6.5572600E+04   0.0000000E+00   0.0000000E+00   0.0000000E+00   0.0000000E+00   0.0000000E+00
   1.9909195E-01   6.2497620E+04   6.2497620E+04   2.1535003E+00   5.1437238E-02   1.8306637E+00   6.2131372E+04   6.2497620E+04   0.0000000E+00   0.0000000E+00   0.0000000E+00   0.0000000E+00   0.0000000E+00
   2.0574981E-01   5.9159296E+04   5.9159296E+04   1.9128129E+00   4.5975252E-02   1.6006143E+00   5.8812605E+04   5.9159296E+04   0.0000000E+00   0.0000000E+00   0.0000000E+00   0.0000000E+00   0.0000000E+00
   2.1263038E-01   5.5826185E+04   5.5826185E+04   1.5671107E+00   4.0977783E-02   1.6117052E+00   5.5499022E+04   5.5826185E+04   0.0000000E+00   0.0000000E+00   0.0000000E+00   0.0000000E+00   0.0000000E+00
   2.1974128E-01   5.2794597E+04   5.2794597E+04   1.5184729E+00   3.6499209E-02   1.4827913E+00   5.2485197E+04   5.2794597E+04   0.0000000E+00   0.0000000E+00   0.0000000E+00   0.0000000E+00   0.0000000E+00
   2.2709049E-01   5.0250802E+04   5.0250802E+04   1.2466818E+00   3.2525563E-02   1.4259359E+00   4.9956304E+04   5.0250802E+04   0.0000000E+00   0.0000000E+00   0.0000000E+00   0.0000000E+00   0.0000000E+00
   2.3468649E-01   4.8181686E+04   4.8181686E+04   1.1739788E+00   2.9039202E-02   1.3003247E+00   4.7899311E+04   4.8181686E+04   0.0000000E+00   0.0000000E+00   0.0000000E+00   0.0000000E+00   0.0000000E+00
   2.4253831E-01   4.6385807E+04   4.6385807E+04   1.0846625E+00   2.5968609E-02   1.3206409E+00   4.6113954E+04   4.6385807E+04   0.0000000E+00   0.0000000E+00   0.0000000E+00   0.0000000E+00   0.0000000E+00
   2.5065564E-01   4.4587501E+04   4.4587501E+04   9.5470370E-01   2.3245456E-02   1.2873434E+00   4.4326183E+04   4.4587501E+04   0.0000000E+00   0.0000000E+00   0.0000000E+00   0.0000000E+00   0.0000000E+00
   2.5904894E-01   4.2595267E+04   4.2595267E+04   8.4930676E-01   2.0791567E-02   1.2073112E+00   4.2345623E+04   4.2595267E+04   0.0000000E+00   0.0000000E+00   0.0000000E+00   0.0000000E+00   0.0000000E+00
   2.6772956E-01   4.0409777E+04   4.0409777E+04   7.6108096E-01   1.8551396E-02   1.1480653E+00   4.0172938E+04   4.0409777E+04   0.0000000E+00   0.0000000E+00   0.0000000E+00   0.0000000E+00   0.0000000E+00
   2.7670992E-01   3.8208317E+04   3.8208317E+04   6.7675252E-01   1.6518174E-02   1.0772738E+00   3.7984379E+04   3.8208317E+04   0.0000000E+00   0.0000000E+00   0.0000000E+00   0.0000000E+00   0.0000000E+00
   2.8600366E-01   3.6210199E+04   3.6210199E+04   5.8455001E-01   1.4695909E-02   1.0153900E+00   3.5997971E+04   3.6210199E+04   0.0000000E+00   0.0000000E+00   0.0000000E+00   0.0000000E+00   0.0000000E+00
   2.9562587E-01   3.4515453E+04   3.4515453E+04   5.1818104E-01   1.3085381E-02   9.7198463E-01   3.4313155E+04   3.4515453E+04   0.0000000E+00   0.0000000E+00   0.0000000E+00   0.0000000E+00   0.0000000E+00
   3.0559328E-01   3.3038734E+04   3.3038734E+04   4.7745102E-01   1.1667200E-02   9.2345622E-01   3.2845090E+04   3.3038734E+04   0.0000000E+00   0.0000000E+00   0.0000000E+00   0.0000000E+00   0.0000000E+00
   3.1592464E-01   3.1593550E+04   3.1593550E+04   4.1889830E-01   1.0407751E-02   8.7998867E-01   3.1408375E+04   3.1593550E+04   0.0000000E+00   0.0000000E+00   0.0000000E+00   0.0000000E+00   0.0000000E+00
   3.2664097E-01   3.0057143E+04   3.0057143E+04   3.6945227E-01   9.2706003E-03   8.3683383E-01   2.9880972E+04   3.0057143E+04   0.0000000E+00   0.0000000E+00   0.0000000E+00   0.0000000E+00   0.0000000E+00
   3.3776603E-01   2.8468488E+04   2.8468488E+04   3.3002584E-01   8.2386736E-03   8.0028360E-01   2.8301628E+04   2.8468488E+04   0.0000000E+00   0.0000000E+00   0.0000000E+00   0.0000000E+00   0.0000000E+00
   3.4932682E-01   2.6966996E+04   2.6966996E+04   2.9156237E-01   7.3122108E-03   7.5394117E-01   2.6808935E+04   2.6966996E+04   0.0000000E+00   0.0000000E+00   0.0000000E+00   0.0000000E+00   0.0000000E+00
   3.6135416E-01   2.5636100E+04   2.5636100E+04   2.5978906E-01   6.4891022E-03   7.1472944E-01   2.5485839E+04   2.5636100E+04   0.0000000E+00   0.0000000E+00   0.0000000E+00   0.0000000E+00   0.0000000E+00
   3.7388354E-01   2.4420613E+04   2.4420613E+04   2.3343254E-01   5.7598802E-03   6.6923004E-01   2.4277476E+04   2.4420613E+04   0.0000000E+00   0.0000000E+00   0.0000000E+00   0.0000000E+00   0.0000000E+00
   3.8695599E-01   2.3208467E+04   2.3208467E+04   2.0554957E-01   5.1066678E-03   6.4786105E-01   2.3072434E+04   2.3208467E+04   0.0000000E+00   0.0000000E+00   0.0000000E+00   0.0000000E+00   0.0000000E+00
   4.0061938E-01   2.1971109E+04   2.1971109E+04   1.8095850E-01   4.5177626E-03   6.0168181E-01   2.1842327E+04   2.1971109E+04   0.0000000E+00   0.0000000E+00   0.0000000E+00   0.0000000E+00   0.0000000E+00
   4.1492998E-01   2.0779935E+04   2.0779935E+04   1.5975059E-01   3.9873455E-03   5.7363841E-01   2.0658135E+04   2.0779935E+04   0.0000000E+00   0.0000000E+00   0.0000000E+00   0.0000000E+00   0.0000000E+00
   4.2995447E-01   1.9684915E+04   1.9684915E+04   1.4120339E-01   3.5149311E-03   5.4567104E-01   1.9569532E+04   1.9684915E+04   0.0000000E+00   0.0000000E+00   0.0000000E+00   0.0000000E+00   0.0000000E+00
   4.4577267E-01   1.8642898E+04   1.8642898E+04   1.2495242E-01   3.0935867E-03   5.1974653E-01   1.8533622E+04   1.8642898E+04   0.0000000E+00   0.0000000E+00   0.0000000E+00   0.0000000E+00   0.0000000E+00
   4.6248115E-01   1.7602215E+04   1.7602215E+04   1.0965474E-01   2.7148373E-03   4.9366977E-01   1.7499039E+04   1.7602215E+04   0.0000000E+00   0.0000000E+00   0.0000000E+00   0.0000000E+00   0.0000000E+00
   4.8019806E-01   1.6585432E+04   1.6585432E+04   9.5528461E-02   2.3744390E-03   4.6155722E-01   1.6488216E+04   1.6585432E+04   0.0000000E+00   0.0000000E+00   0.0000000E+00   0.0000000E+00   0.0000000E+00
   4.9906995E-01   1.5622852E+04   1.5622852E+04   8.3569090E-02   2.0699317E-03   4.2656356E-01   1.5531277E+04   1.5622852E+04   0.0000000E+00   0.0000000E+00   0.0000000E+00   0.0000000E+00   0.0000000E+00
   5.1928120E-01   1.4686629E+04   1.4686629E+04   7.2528310E-02   1.7966201E-03   4.0472397E-01   1.4600542E+04   1.4686629E+04   0.0000000E+00   0.0000000E+00   0.0000000E+00   0.0000000E+00   0.0000000E+00
   5.4106756E-01   1.3760414E+04   1.3760414E+04   6.2454214E-02   1.5512575E-03   3.8323143E-01   1.3679755E+04   1.3760414E+04   0.0000000E+00   0.0000000E+00   0.0000000E+00   0.0000000E+00   0.0000000E+00
   5.6473599E-01   1.2862253E+04   1.2862253E+04   5.3660768E-02   1.3306277E-03   3.6068173E-01   1.2786860E+04   1.2862253E+04   0.0000000E+00   0.0000000E+00   0.0000000E+00   0.0000000E+00   0.0000000E+00
   5.9069410E-01   1.1979573E+04   1.1979573E+04   4.5663740E-02   1.1325588E-03   3.3618522E-01   1.1909353E+04   1.1979573E+04   0.0000000E+00   0.0000000E+00   0.0000000E+00   0.0000000E+00   0.0000000E+00
   6.1949480E-01   1.1103947E+04   1.1103947E+04   3.8478757E-02   9.5445044E-04   3.1253632E-01   1.1038859E+04   1.1103947E+04   0.0000000E+00   0.0000000E+00   0.0000000E+00   0.0000000E+00   0.0000000E+00
   6.5190505E-01   1.0236521E+04   1.0236521E+04   3.2023389E-02   7.9456492E-04   2.8589894E-01   1.0176518E+04   1.0236521E+04   0.0000000E+00   0.0000000E+00   0.0000000E+00   0.0000000E+00   0.0000000E+00
   6.8901137E-01   9.3663090E+03   9.3663090E+03   2.6235140E-02   6.5094579E-04   2.6159806E-01   9.3114067E+03   9.3663090E+03   0.0000000E+00   0.0000000E+00   0.0000000E+00   0.0000000E+00   0.0000000E+00
   7.3237744E-01   8.4895038E+03   8.4895038E+03   2.1047568E-02   5.2214551E-04   2.3594801E-01   8.4397409E+03   8.4895038E+03   0.0000000E+00   0.0000000E+00   0.0000000E+00   0.0000000E+00   0.0000000E+00
   7.8425413E-01   7.5995995E+03   7.5995995E+03   1.6430648E-02   4.0761955E-04   2.1057926E-01   7.5550527E+03   7.5995995E+03   0.0000000E+00   0.0000000E+00   0.0000000E+00   0.0000000E+00   0.0000000E+00
   8.4776250E-01   6.6955165E+03   6.6955165E+03   1.2388090E-02   3.0738138E-04   1.8368021E-01   6.6562692E+03   6.6955165E+03   0.0000000E+00   0.0000000E+00   0.0000000E+00   0.0000000E+00   0.0000000E+00
   9.2672825E-01   5.7878556E+03   5.7878556E+03   8.9615361E-03   2.2233154E-04   1.6132005E-01   5.7539287E+03   5.7878556E+03   0.0000000E+00   0.0000000E+00   0.0000000E+00   0.0000000E+00   0.0000000E+00
   1.0245630E+00   4.9068243E+03   4.9068243E+03   6.2157167E-03   1.5422121E-04   1.3467700E-01   4.8780617E+03   4.9068243E+03   0.0000000E+00   0.0000000E+00   0.0000000E+00   0.0000000E+00   0.0000000E+00
   1.1424657E+00   4.0969773E+03   4.0969773E+03   4.1739069E-03   1.0355460E-04   1.1232584E-01   4.0729617E+03   4.0969773E+03   0.0000000E+00   0.0000000E+00   0.0000000E+00   0.0000000E+00   0.0000000E+00
   1.2795105E+00   3.3921394E+03   3.3921394E+03   2.7551774E-03   6.8355296E-05   9.3380072E-02   3.3722554E+03   3.3921394E+03   0.0000000E+00   0.0000000E+00   0.0000000E+00   0.0000000E+00   0.0000000E+00
   1.4350820E+00   2.7984195E+03   2.7984195E+03   1.8068390E-03   4.4819865E-05   7.8159355E-02   2.7820158E+03   2.7984195E+03   0.0000000E+00   0.0000000E+00   0.0000000E+00   0.0000000E+00   0.0000000E+00
   1.6100968E+00   2.3047422E+03   2.3047422E+03   1.1821672E-03   2.9329563E-05   6.3172979E-02   2.2912323E+03   2.3047422E+03   0.0000000E+00   0.0000000E+00   0.0000000E+00   0.0000000E+00   0.0000000E+00
   1.8065477E+00   1.8959480E+03   1.8959480E+03   7.7247612E-04   1.9162257E-05   5.2818528E-02   1.8848343E+03   1.8959480E+03   0.0000000E+00   0.0000000E+00   0.0000000E+00   0.0000000E+00   0.0000000E+00
   2.0269790E+00   1.5580452E+03   1.5580452E+03   5.0424126E-04   1.2509005E-05   4.3238590E-02   1.5489122E+03   1.5580452E+03   0.0000000E+00   0.0000000E+00   0.0000000E+00   0.0000000E+00   0.0000000E+00
   2.2743078E+00   1.2791128E+03   1.2791128E+03   3.2882667E-04   8.1581165E-06   3.5179582E-02   1.2716149E+03   1.2791128E+03   0.0000000E+00   0.0000000E+00   0.0000000E+00   0.0000000E+00   0.0000000E+00
   2.5518153E+00   1.0491405E+03   1.0491405E+03   2.1423482E-04   5.3147733E-06   2.9213780E-02   1.0429906E+03   1.0491405E+03   0.0000000E+00   0.0000000E+00   0.0000000E+00   0.0000000E+00   0.0000000E+00
   2.8631839E+00   8.5975308E+02   8.5975308E+02   1.3945375E-04   3.4598845E-06   2.3717229E-02   8.5471336E+02   8.5975308E+02   0.0000000E+00   0.0000000E+00   0.0000000E+00   0.0000000E+00   0.0000000E+00
   3.2125452E+00   7.0395796E+02   7.0395796E+02   9.0704592E-05   2.2505047E-06   1.9405903E-02   6.9983149E+02   7.0395796E+02   0.0000000E+00   0.0000000E+00   0.0000000E+00   0.0000000E+00   0.0000000E+00
   3.6045350E+00   5.7592986E+02   5.7592986E+02   5.8965230E-05   1.4625004E-06   1.5961089E-02   5.7255386E+02   5.7592986E+02   0.0000000E+00   0.0000000E+00   0.0000000E+00   0.0000000E+00   0.0000000E+00
   4.0443548E+00   4.7082353E+02   4.7082353E+02   3.8282472E-05   9.4981790E-07   1.2947390E-02   4.6806364E+02   4.7082353E+02   0.0000000E+00   0.0000000E+00   0.0000000E+00   0.0000000E+00   0.0000000E+00
   4.5378407E+00   3.8461598E+02   3.8461598E+02   2.4838791E-05   6.1635874E-07   1.0640339E-02   3.8236143E+02   3.8461598E+02   0.0000000E+00   0.0000000E+00   0.0000000E+00   0.0000000E+00   0.0000000E+00
   5.0915410E+00   3.1397213E+02   3.1397213E+02   1.6105639E-05   3.9973524E-07   8.6332919E-03   3.1213168E+02   3.1397213E+02   0.0000000E+00   0.0000000E+00   0.0000000E+00   0.0000000E+00   0.0000000E+00
   5.7128029E+00   2.5613131E+02   2.5613131E+02   1.0436149E-05   2.5905296E-07   7.0969242E-03   2.5462991E+02   2.5613131E+02   0.0000000E+00   0.0000000E+00   0.0000000E+00   0.0000000E+00   0.0000000E+00
   6.4098703E+00   2.0881151E+02   2.0881151E+02   6.7583970E-06   1.6779571E-07   5.7884417E-03   2.0758749E+02   2.0881151E+02   0.0000000E+00   0.0000000E+00   0.0000000E+00   0.0000000E+00   0.0000000E+00
   7.1919928E+00   1.7012889E+02   1.7012889E+02   4.3745429E-06   1.0862066E-07   4.6997143E-03   1.6913163E+02   1.7012889E+02   0.0000000E+00   0.0000000E+00   0.0000000E+00   0.0000000E+00   0.0000000E+00
   8.0695486E+00   1.3853023E+02   1.3853023E+02   2.8291645E-06   7.0280600E-08   3.8280384E-03   1.3771819E+02   1.3853023E+02   0.0000000E+00   0.0000000E+00   0.0000000E+00   0.0000000E+00   0.0000000E+00
