#           k/h    CDM            baryon         photon         nu             mass_nu        total          no_nu          total_de       Weyl           v_CDM          v_b            v_b-v_c     
   1.0008987E-05   1.2488243E+06   1.2488243E+06   1.6650587E+06   1.7157256E+04   1.2927838E+03   1.2495808E+06   1.2488243E+06   0.0000000E+00   0.0000000E+00   0.0000000E+00   0.0000000E+00   0.0000000E+00
   1.1230268E-05   1.2488240E+06   1.2488240E+06   1.6650479E+06   1.7157183E+04   1.2927590E+03   1.2495806E+06   1.2488240E+06   0.0000000E+00   0.0000000E+00   0.0000000E+00   0.0000000E+00   0.0000000E+00
   1.2600568E-05   1.2488237E+06   1.2488237E+06   1.6650343E+06   1.7157090E+04   1.2927277E+03   1.2495802E+06   1.2488237E+06   0.0000000E+00   0.0000000E+00   0.0000000E+00   0.0000000E+00   0.0000000E+00
   1.4138070E-05   1.2488233E+06   1.2488233E+06   1.6650171E+06   1.7156974E+04   1.2926884E+03   1.2495797E+06   1.2488233E+06   0.0000000E+00   0.0000000E+00   0.0000000E+00   0.0000000E+00   0.0000000E+00
   1.5863175E-05   1.2488228E+06   1.2488228E+06   1.6649956E+06   1.7156827E+04   1.2926390E+03   1.2495791E+06   1.2488228E+06   0.0000000E+00   0.0000000E+00   0.0000000E+00   0.0000000E+00   0.0000000E+00
   1.7798775E-05   1.2488221E+06   1.2488221E+06   1.6649685E+06   1.7156642E+04   1.2925767E+03   1.2495784E+06   1.2488221E+06   0.0000000E+00   0.0000000E+00   0.0000000E+00   0.0000000E+00   0.0000000E+00
   1.9970554E-05   1.2488213E+06   1.2488213E+06   1.6649343E+06   1.7156410E+04   1.2924983E+03   1.2495775E+06   1.2488213E+06   0.0000000E+00   0.0000000E+00   0.0000000E+00   0.0000000E+00   0.0000000E+00
   2.2407330E-05   1.2488203E+06   1.2488203E+06   1.6648913E+06   1.7156117E+04   1.2923995E+03   1.2495763E+06   1.2488203E+06   0.0000000E+00   0.0000000E+00   0.0000000E+00   0.0000000E+00   0.0000000E+00
   2.5141438E-05   1.2488190E+06   1.2488190E+06   1.6648372E+06   1.7155749E+04   1.2922753E+03   1.2495749E+06   1.2488190E+06   0.0000000E+00   0.0000000E+00   0.0000000E+00   0.0000000E+00   0.0000000E+00
   2.8209158E-05   1.2488174E+06   1.2488174E+06   1.6647691E+06   1.7155285E+04   1.2921189E+03   1.2495730E+06   1.2488174E+06   0.0000000E+00   0.0000000E+00   0.0000000E+00   0.0000000E+00   0.0000000E+00
   3.1651195E-05   1.2488154E+06   1.2488154E+06   1.6646833E+06   1.7154702E+04   1.2919220E+03   1.2495707E+06   1.2488154E+06   0.0000000E+00   0.0000000E+00   0.0000000E+00   0.0000000E+00   0.0000000E+00
   3.5513225E-05   1.2488128E+06   1.2488128E+06   1.6645754E+06   1.7153967E+04   1.2916741E+03   1.2495678E+06   1.2488128E+06   0.0000000E+00   0.0000000E+00   0.0000000E+00   0.0000000E+00   0.0000000E+00
   3.9846494E-05   1.2488096E+06   1.2488096E+06   1.6644395E+06   1.7153042E+04   1.2913621E+03   1.2495641E+06   1.2488096E+06   0.0000000E+00   0.0000000E+00   0.0000000E+00   0.0000000E+00   0.0000000E+00
   4.4708502E-05   1.2488055E+06   1.2488055E+06   1.6642684E+06   1.7151877E+04   1.2909694E+03   1.2495595E+06   1.2488055E+06   0.0000000E+00   0.0000000E+00   0.0000000E+00   0.0000000E+00   0.0000000E+00
   5.0163764E-05   1.2488004E+06   1.2488004E+06   1.6640530E+06   1.7150411E+04   1.2904751E+03   1.2495537E+06   1.2488004E+06   0.0000000E+00   0.0000000E+00   0.0000000E+00   0.0000000E+00   0.0000000E+00
   5.6284669E-05   1.2487940E+06   1.2487940E+06   1.6637819E+06   1.7148566E+04   1.2898530E+03   1.2495464E+06   1.2487940E+06   0.0000000E+00   0.0000000E+00   0.0000000E+00   0.0000000E+00   0.0000000E+00
   6.3152438E-05   1.2487859E+06   1.2487859E+06   1.6634407E+06   1.7146243E+04   1.2890700E+03   1.2495372E+06   1.2487859E+06   0.0000000E+00   0.0000000E+00   0.0000000E+00   0.0000000E+00   0.0000000E+00
   7.0858200E-05   1.2487757E+06   1.2487757E+06   1.6630112E+06   1.7143319E+04   1.2880848E+03   1.2495256E+06   1.2487757E+06   0.0000000E+00   0.0000000E+00   0.0000000E+00   0.0000000E+00   0.0000000E+00
   7.9504209E-05   1.2487629E+06   1.2487629E+06   1.6624707E+06   1.7139639E+04   1.2868452E+03   1.2495110E+06   1.2487629E+06   0.0000000E+00   0.0000000E+00   0.0000000E+00   0.0000000E+00   0.0000000E+00
   8.9205189E-05   1.2487468E+06   1.2487468E+06   1.6617904E+06   1.7135007E+04   1.2852856E+03   1.2494926E+06   1.2487468E+06   0.0000000E+00   0.0000000E+00   0.0000000E+00   0.0000000E+00   0.0000000E+00
   1.0008987E-04   1.2487264E+06   1.2487264E+06   1.6609344E+06   1.7129177E+04   1.2833239E+03   1.2494694E+06   1.2487264E+06   0.0000000E+00   0.0000000E+00   0.0000000E+00   0.0000000E+00   0.0000000E+00
   1.1230268E-04   1.2487009E+06   1.2487009E+06   1.6598573E+06   1.7121841E+04   1.2808570E+03   1.2494403E+06   1.2487009E+06   0.0000000E+00   0.0000000E+00   0.0000000E+00   0.0000000E+00   0.0000000E+00
   1.2600568E-04   1.2486687E+06   1.2486687E+06   1.6585022E+06   1.7112610E+04   1.2777556E+03   1.2494036E+06   1.2486687E+06   0.0000000E+00   0.0000000E+00   0.0000000E+00   0.0000000E+00   0.0000000E+00
   1.4138070E-04   1.2486281E+06   1.2486281E+06   1.6567976E+06   1.7100996E+04   1.2738578E+03   1.2493575E+06   1.2486281E+06   0.0000000E+00   0.0000000E+00   0.0000000E+00   0.0000000E+00   0.0000000E+00
   1.5863175E-04   1.2485772E+06   1.2485772E+06   1.6546540E+06   1.7086387E+04   1.2689615E+03   1.2492995E+06   1.2485772E+06   0.0000000E+00   0.0000000E+00   0.0000000E+00   0.0000000E+00   0.0000000E+00
   1.7798775E-04   1.2485130E+06   1.2485130E+06   1.6519589E+06   1.7068013E+04   1.2628143E+03   1.2492264E+06   1.2485130E+06   0.0000000E+00   0.0000000E+00   0.0000000E+00   0.0000000E+00   0.0000000E+00
   1.9970554E-04   1.2484323E+06   1.2484323E+06   1.6485717E+06   1.7044910E+04   1.2551019E+03   1.2491345E+06   1.2484323E+06   0.0000000E+00   0.0000000E+00   0.0000000E+00   0.0000000E+00   0.0000000E+00
   2.2407330E-04   1.2483307E+06   1.2483307E+06   1.6443165E+06   1.7015870E+04   1.2454348E+03   1.2490189E+06   1.2483307E+06   0.0000000E+00   0.0000000E+00   0.0000000E+00   0.0000000E+00   0.0000000E+00
   2.5141438E-04   1.2482029E+06   1.2482029E+06   1.6389737E+06   1.6979384E+04   1.2333311E+03   1.2488736E+06   1.2482029E+06   0.0000000E+00   0.0000000E+00   0.0000000E+00   0.0000000E+00   0.0000000E+00
   2.8209158E-04   1.2480423E+06   1.2480423E+06   1.6322701E+06   1.6933564E+04   1.2181983E+03   1.2486908E+06   1.2480423E+06   0.0000000E+00   0.0000000E+00   0.0000000E+00   0.0000000E+00   0.0000000E+00
   3.1651195E-04   1.2478403E+06   1.2478403E+06   1.6238663E+06   1.6876061E+04   1.1993129E+03   1.2484611E+06   1.2478403E+06   0.0000000E+00   0.0000000E+00   0.0000000E+00   0.0000000E+00   0.0000000E+00
   3.5513225E-04   1.2475865E+06   1.2475865E+06   1.6133427E+06   1.6803952E+04   1.1757980E+03   1.2481725E+06   1.2475865E+06   0.0000000E+00   0.0000000E+00   0.0000000E+00   0.0000000E+00   0.0000000E+00
   3.9846494E-04   1.2472676E+06   1.2472676E+06   1.6001829E+06   1.6713622E+04   1.1466043E+03   1.2478101E+06   1.2472676E+06   0.0000000E+00   0.0000000E+00   0.0000000E+00   0.0000000E+00   0.0000000E+00
   4.4708502E-04   1.2468674E+06   1.2468674E+06   1.5837552E+06   1.6600611E+04   1.1104940E+03   1.2473554E+06   1.2468674E+06   0.0000000E+00   0.0000000E+00   0.0000000E+00   0.0000000E+00   0.0000000E+00
   5.0163764E-04   1.2463652E+06   1.2463652E+06   1.5632931E+06   1.6459454E+04   1.0660391E+03   1.2467853E+06   1.2463652E+06   0.0000000E+00   0.0000000E+00   0.0000000E+00   0.0000000E+00   0.0000000E+00
   5.6284669E-04   1.2457357E+06   1.2457357E+06   1.5378767E+06   1.6283499E+04   1.0116408E+03   1.2460714E+06   1.2457357E+06   0.0000000E+00   0.0000000E+00   0.0000000E+00   0.0000000E+00   0.0000000E+00
   6.3152438E-04   1.2449477E+06   1.2449477E+06   1.5064172E+06   1.6064734E+04   9.4558982E+02   1.2451784E+06   1.2449477E+06   0.0000000E+00   0.0000000E+00   0.0000000E+00   0.0000000E+00   0.0000000E+00
   7.0858200E-04   1.2439624E+06   1.2439624E+06   1.4676507E+06   1.5793625E+04   8.6619127E+02   1.2440635E+06   1.2439624E+06   0.0000000E+00   0.0000000E+00   0.0000000E+00   0.0000000E+00   0.0000000E+00
   7.9504209E-04   1.2427326E+06   1.2427326E+06   1.4201483E+06   1.5459026E+04   7.7198937E+02   1.2426741E+06   1.2427326E+06   0.0000000E+00   0.0000000E+00   0.0000000E+00   0.0000000E+00   0.0000000E+00
   8.9205189E-04   1.2412011E+06   1.2412011E+06   1.3623562E+06   1.5048202E+04   6.6213734E+02   1.2409473E+06   1.2412011E+06   0.0000000E+00   0.0000000E+00   0.0000000E+00   0.0000000E+00   0.0000000E+00
   1.0008987E-03   1.2392989E+06   1.2392989E+06   1.2926816E+06   1.4547084E+04   5.3696450E+02   1.2388080E+06   1.2392989E+06   0.0000000E+00   0.0000000E+00   0.0000000E+00   0.0000000E+00   0.0000000E+00
   1.1230268E-03   1.2369442E+06   1.2369442E+06   1.2096497E+06   1.3940875E+04   3.9878578E+02   1.2361682E+06   1.2369442E+06   0.0000000E+00   0.0000000E+00   0.0000000E+00   0.0000000E+00   0.0000000E+00
   1.2600568E-03   1.2340414E+06   1.2340414E+06   1.1121566E+06   1.3215204E+04   2.5295990E+02   1.2329267E+06   1.2340414E+06   0.0000000E+00   0.0000000E+00   0.0000000E+00   0.0000000E+00   0.0000000E+00
   1.4138070E-03   1.2304808E+06   1.2304808E+06   9.9984674E+05   1.2358042E+04   1.0910040E+02   1.2289699E+06   1.2304808E+06   0.0000000E+00   0.0000000E+00   0.0000000E+00   0.0000000E+00   0.0000000E+00
   1.5863175E-03   1.2261400E+06   1.2261400E+06   8.7362216E+05   1.1362599E+04   -1.7867534E+01   1.2241749E+06   1.2261400E+06   0.0000000E+00   0.0000000E+00   0.0000000E+00   0.0000000E+00   0.0000000E+00
   1.7798775E-03   1.2208867E+06   1.2208867E+06   7.3625426E+05   1.0231314E+04   -1.0747452E+02   1.2184140E+06   1.2208867E+06   0.0000000E+00   0.0000000E+00   0.0000000E+00   0.0000000E+00   0.0000000E+00
   1.9970554E-03   1.2145836E+06   1.2145836E+06   5.9297942E+05   8.9807338E+03   -1.3547849E+02   1.2115624E+06   1.2145836E+06   0.0000000E+00   0.0000000E+00   0.0000000E+00   0.0000000E+00   0.0000000E+00
   2.2407330E-03   1.2070961E+06   1.2070961E+06   4.5182177E+05   7.6464947E+03   -7.9293306E+01   1.2035074E+06   1.2070961E+06   0.0000000E+00   0.0000000E+00   0.0000000E+00   0.0000000E+00   0.0000000E+00
   2.5141438E-03   1.1982999E+06   1.1982999E+06   3.2320964E+05   6.2865694E+03   7.1410889E+01   1.1941573E+06   1.1982999E+06   0.0000000E+00   0.0000000E+00   0.0000000E+00   0.0000000E+00   0.0000000E+00
   2.8209158E-03   1.1880887E+06   1.1880887E+06   2.1833473E+05   4.9797316E+03   2.9936914E+02   1.1834459E+06   1.1880887E+06   0.0000000E+00   0.0000000E+00   0.0000000E+00   0.0000000E+00   0.0000000E+00
   3.1651195E-03   1.1763749E+06   1.1763749E+06   1.4587911E+05   3.8153570E+03   5.4543753E+02   1.1713265E+06   1.1763749E+06   0.0000000E+00   0.0000000E+00   0.0000000E+00   0.0000000E+00   0.0000000E+00
   3.5513225E-03   1.1630813E+06   1.1630813E+06   1.0756971E+05   2.8719232E+03   7.1011944E+02   1.1577502E+06   1.1630813E+06   0.0000000E+00   0.0000000E+00   0.0000000E+00   0.0000000E+00   0.0000000E+00
   3.9846494E-03   1.1481210E+06   1.1481210E+06   9.4732134E+04   2.1871375E+03   6.9218373E+02   1.1426311E+06   1.1481210E+06   0.0000000E+00   0.0000000E+00   0.0000000E+00   0.0000000E+00   0.0000000E+00
   4.4708502E-03   1.1313731E+06   1.1313731E+06   8.9852380E+04   1.7334096E+03   4.7151959E+02   1.1258146E+06   1.1313731E+06   0.0000000E+00   0.0000000E+00   0.0000000E+00   0.0000000E+00   0.0000000E+00
   5.0163764E-03   1.1126732E+06   1.1126732E+06   7.6323777E+04   1.4226428E+03   1.8567752E+02   1.1070813E+06   1.1126732E+06   0.0000000E+00   0.0000000E+00   0.0000000E+00   0.0000000E+00   0.0000000E+00
   5.6284669E-03   1.0918384E+06   1.0918384E+06   5.2220422E+04   1.1568982E+03   7.2155058E+01   1.0862083E+06   1.0918384E+06   0.0000000E+00   0.0000000E+00   0.0000000E+00   0.0000000E+00   0.0000000E+00
   6.3152438E-03   1.0687190E+06   1.0687190E+06   3.2591940E+04   8.9889347E+02   2.0394089E+02   1.0630563E+06   1.0687190E+06   0.0000000E+00   0.0000000E+00   0.0000000E+00   0.0000000E+00   0.0000000E+00
   7.0858200E-03   1.0432189E+06   1.0432189E+06   2.8464262E+04   6.8483336E+02   3.0288241E+02   1.0375721E+06   1.0432189E+06   0.0000000E+00   0.0000000E+00   0.0000000E+00   0.0000000E+00   0.0000000E+00
   7.9504209E-03   1.0152456E+06   1.0152456E+06   2.7208160E+04   5.4161976E+02   1.4286831E+02   1.0096716E+06   1.0152456E+06   0.0000000E+00   0.0000000E+00   0.0000000E+00   0.0000000E+00   0.0000000E+00
   8.9205189E-03   9.8466132E+05   9.8466132E+05   1.7031394E+04   4.2957739E+02   5.6860515E+01   9.7918020E+05   9.8466132E+05   0.0000000E+00   0.0000000E+00   0.0000000E+00   0.0000000E+00   0.0000000E+00
   1.0008987E-02   9.5133777E+05   9.5133777E+05   1.2515477E+04   3.2584424E+02   1.7548140E+02   9.4596807E+05   9.5133777E+05   0.0000000E+00   0.0000000E+00   0.0000000E+00   0.0000000E+00   0.0000000E+00
   1.1230268E-02   9.1518661E+05   9.1518661E+05   1.2099959E+04   2.5383882E+02   6.4667339E+01   9.0997282E+05   9.1518661E+05   0.0000000E+00   0.0000000E+00   0.0000000E+00   0.0000000E+00   0.0000000E+00
   1.2600568E-02   8.7610137E+05   8.7610137E+05   6.7293308E+03   1.9486728E+02   8.6044282E+01   8.7106610E+05   8.7610137E+05   0.0000000E+00   0.0000000E+00   0.0000000E+00   0.0000000E+00   0.0000000E+00
   1.4138070E-02   8.3400923E+05   8.3400923E+05   6.9703369E+03   1.4855908E+02   5.8345642E+01   8.2917884E+05   8.3400923E+05   0.0000000E+00   0.0000000E+00   0.0000000E+00   0.0000000E+00   0.0000000E+00
   1.5863175E-02   7.8888119E+05   7.8888119E+05   3.9159097E+03   1.1262578E+02   7.1845007E+01   7.8428562E+05   7.8888119E+05   0.0000000E+00   0.0000000E+00   0.0000000E+00   0.0000000E+00   0.0000000E+00
   1.7798775E-02   7.4076737E+05   7.4076737E+05   3.5348445E+03   8.5495639E+01   1.9458697E+01   7.3642865E+05   7.4076737E+05   0.0000000E+00   0.0000000E+00   0.0000000E+00   0.0000000E+00   0.0000000E+00
   1.9970554E-02   6.8984795E+05   6.8984795E+05   2.7904047E+03   6.3628896E+01   4.5413147E+01   6.8579061E+05   6.8984795E+05   0.0000000E+00   0.0000000E+00   0.0000000E+00   0.0000000E+00   0.0000000E+00
   2.2407315E-02   6.3650974E+05   6.3650974E+05   1.7754676E+03   4.7163533E+01   4.7307776E+01   6.3275287E+05   6.3650974E+05   0.0000000E+00   0.0000000E+00   0.0000000E+00   0.0000000E+00   0.0000000E+00
   2.5141205E-02   5.8143291E+05   5.8143291E+05   1.2091661E+03   3.4743102E+01   3.5667110E+01   5.7799091E+05   5.8143291E+05   0.0000000E+00   0.0000000E+00   0.0000000E+00   0.0000000E+00   0.0000000E+00
   2.8206671E-02   5.2570426E+05   5.2570426E+05   8.8180912E+02   2.5317161E+01   2.9710790E+01   5.2258451E+05   5.2570426E+05   0.0000000E+00   0.0000000E+00   0.0000000E+00   0.0000000E+00   0.0000000E+00
   3.1632356E-02   4.7097968E+05   4.7097968E+05   6.9124672E+02   1.8275047E+01   2.5484716E+01   4.6817916E+05   4.7097968E+05   0.0000000E+00   0.0000000E+00   0.0000000E+00   0.0000000E+00   0.0000000E+00
   3.5408984E-02   4.1971642E+05   4.1971642E+05   5.3864182E+02   1.3171328E+01   1.2959321E+01   4.1721678E+05   4.1971642E+05   0.0000000E+00   0.0000000E+00   0.0000000E+00   0.0000000E+00   0.0000000E+00
   3.9421514E-02   3.7509377E+05   3.7509377E+05   3.2457300E+02   9.5546448E+00   7.5240681E+00   3.7285692E+05   3.7509377E+05   0.0000000E+00   0.0000000E+00   0.0000000E+00   0.0000000E+00   0.0000000E+00
   4.3428156E-02   3.3960118E+05   3.3960118E+05   2.4264216E+02   7.0812775E+00   1.3785354E+01   3.3757398E+05   3.3960118E+05   0.0000000E+00   0.0000000E+00   0.0000000E+00   0.0000000E+00   0.0000000E+00
   4.7213673E-02   3.1308852E+05   3.1308852E+05   2.1989273E+02   5.4729172E+00   1.1342789E+01   3.1121832E+05   3.1308852E+05   0.0000000E+00   0.0000000E+00   0.0000000E+00   0.0000000E+00   0.0000000E+00
   5.0722354E-02   2.9336092E+05   2.9336092E+05   1.8108338E+02   4.3933680E+00   7.9584977E+00   2.9160767E+05   2.9336092E+05   0.0000000E+00   0.0000000E+00   0.0000000E+00   0.0000000E+00   0.0000000E+00
   5.3999025E-02   2.7810381E+05   2.7810381E+05   1.4792814E+02   3.6280794E+00   6.5549048E+00   2.7644108E+05   2.7810381E+05   0.0000000E+00   0.0000000E+00   0.0000000E+00   0.0000000E+00   0.0000000E+00
   5.7107570E-02   2.6562935E+05   2.6562935E+05   1.2472186E+02   3.0606568E+00   5.9496833E+00   2.6404068E+05   2.6562935E+05   0.0000000E+00   0.0000000E+00   0.0000000E+00   0.0000000E+00   0.0000000E+00
   6.0102276E-02   2.5481612E+05   2.5481612E+05   1.0835614E+02   2.6235825E+00   5.5761864E+00   2.5329171E+05   2.5481612E+05   0.0000000E+00   0.0000000E+00   0.0000000E+00   0.0000000E+00   0.0000000E+00
   6.3024514E-02   2.4492628E+05   2.4492628E+05   9.6218291E+01   2.2753075E+00   5.4308338E+00   2.4346073E+05   2.4492628E+05   0.0000000E+00   0.0000000E+00   0.0000000E+00   0.0000000E+00   0.0000000E+00
   6.5905355E-02   2.3547471E+05   2.3547471E+05   8.6284151E+01   1.9900186E+00   5.6109495E+00   2.3406545E+05   2.3547471E+05   0.0000000E+00   0.0000000E+00   0.0000000E+00   0.0000000E+00   0.0000000E+00
   6.8768494E-02   2.2615128E+05   2.2615128E+05   7.6936538E+01   1.7514872E+00   6.0423317E+00   2.2479759E+05   2.2615128E+05   0.0000000E+00   0.0000000E+00   0.0000000E+00   0.0000000E+00   0.0000000E+00
   7.1632470E-02   2.1677578E+05   2.1677578E+05   6.7444646E+01   1.5486802E+00   6.4761846E+00   2.1547800E+05   2.1677578E+05   0.0000000E+00   0.0000000E+00   0.0000000E+00   0.0000000E+00   0.0000000E+00
   7.4512204E-02   2.0727040E+05   2.0727040E+05   5.8112087E+01   1.3740687E+00   6.6436301E+00   2.0602935E+05   2.0727040E+05   0.0000000E+00   0.0000000E+00   0.0000000E+00   0.0000000E+00   0.0000000E+00
   7.7420057E-02   1.9764090E+05   1.9764090E+05   4.9695701E+01   1.2222351E+00   6.4564188E+00   1.9645735E+05   1.9764090E+05   0.0000000E+00   0.0000000E+00   0.0000000E+00   0.0000000E+00   0.0000000E+00
   8.0366549E-02   1.8796105E+05   1.8796105E+05   4.2715308E+01   1.0887703E+00   6.0412754E+00   1.8683534E+05   1.8796105E+05   0.0000000E+00   0.0000000E+00   0.0000000E+00   0.0000000E+00   0.0000000E+00
   8.3360865E-02   1.7835734E+05   1.7835734E+05   3.7230135E+01   9.7044612E-01   5.5673210E+00   1.7728904E+05   1.7835734E+05   0.0000000E+00   0.0000000E+00   0.0000000E+00   0.0000000E+00   0.0000000E+00
   8.6411209E-02   1.6899228E+05   1.6899228E+05   3.3013493E+01   8.6511183E-01   5.1217009E+00   1.6797997E+05   1.6899228E+05   0.0000000E+00   0.0000000E+00   0.0000000E+00   0.0000000E+00   0.0000000E+00
   8.9525064E-02   1.6004552E+05   1.6004552E+05   2.9768467E+01   7.7115200E-01   4.7069483E+00   1.5908673E+05   1.6004552E+05   0.0000000E+00   0.0000000E+00   0.0000000E+00   0.0000000E+00   0.0000000E+00
   9.2709380E-02   1.5169312E+05   1.5169312E+05   2.7176167E+01   6.8733269E-01   4.2605279E+00   1.5078430E+05   1.5169312E+05   0.0000000E+00   0.0000000E+00   0.0000000E+00   0.0000000E+00   0.0000000E+00
   9.5970712E-02   1.4408571E+05   1.4408571E+05   2.4801786E+01   6.1274269E-01   3.6992987E+00   1.4322240E+05   1.4408571E+05   0.0000000E+00   0.0000000E+00   0.0000000E+00   0.0000000E+00   0.0000000E+00
   9.9315324E-02   1.3732754E+05   1.3732754E+05   2.2059531E+01   5.4656430E-01   3.0300553E+00   1.3650467E+05   1.3732754E+05   0.0000000E+00   0.0000000E+00   0.0000000E+00   0.0000000E+00   0.0000000E+00
   1.0274927E-01   1.3145867E+05   1.3145867E+05   1.8563854E+01   4.8790177E-01   2.4874942E+00   1.3067091E+05   1.3145867E+05   0.0000000E+00   0.0000000E+00   0.0000000E+00   0.0000000E+00   0.0000000E+00
   1.0627846E-01   1.2644305E+05   1.2644305E+05   1.4970975E+01   4.3581986E-01   2.4862634E+00   1.2568530E+05   1.2644305E+05   0.0000000E+00   0.0000000E+00   0.0000000E+00   0.0000000E+00   0.0000000E+00
   1.0990869E-01   1.2216543E+05   1.2216543E+05   1.3153616E+01   3.8961467E-01   3.0661360E+00   1.2143327E+05   1.2216543E+05   0.0000000E+00   0.0000000E+00   0.0000000E+00   0.0000000E+00   0.0000000E+00
   1.1364570E-01   1.1843922E+05   1.1843922E+05   1.3633870E+01   3.4901291E-01   3.3142553E+00   1.1772935E+05   1.1843922E+05   0.0000000E+00   0.0000000E+00   0.0000000E+00   0.0000000E+00   0.0000000E+00
   1.1749519E-01   1.1502652E+05   1.1502652E+05   1.3041052E+01   3.1358142E-01   2.6015204E+00   1.1433708E+05   1.1502652E+05   0.0000000E+00   0.0000000E+00   0.0000000E+00   0.0000000E+00   0.0000000E+00
   1.2146282E-01   1.1166937E+05   1.1166937E+05   1.0161618E+01   2.8205223E-01   2.4005859E+00   1.1100002E+05   1.1166937E+05   0.0000000E+00   0.0000000E+00   0.0000000E+00   0.0000000E+00   0.0000000E+00
   1.2555429E-01   1.0812909E+05   1.0812909E+05   9.9275251E+00   2.5370898E-01   2.8728062E+00   1.0748094E+05   1.0812909E+05   0.0000000E+00   0.0000000E+00   0.0000000E+00   0.0000000E+00   0.0000000E+00
   1.2977527E-01   1.0422792E+05   1.0422792E+05   9.3392519E+00   2.2859430E-01   2.1703749E+00   1.0360312E+05   1.0422792E+05   0.0000000E+00   0.0000000E+00   0.0000000E+00   0.0000000E+00   0.0000000E+00
   1.3413146E-01   9.9884880E+04   9.9884880E+04   7.4683306E+00   2.0549843E-01   2.5310258E+00   9.9286092E+04   9.9884880E+04   0.0000000E+00   0.0000000E+00   0.0000000E+00   0.0000000E+00   0.0000000E+00
   1.3862862E-01   9.5137125E+04   9.5137125E+04   7.6475090E+00   1.8472627E-01   2.0911007E+00   9.4566783E+04   9.5137125E+04   0.0000000E+00   0.0000000E+00   0.0000000E+00   0.0000000E+00   0.0000000E+00
   1.4327250E-01   9.0138782E+04   9.0138782E+04   5.9726650E+00   1.6557638E-01   2.2354083E+00   8.9598382E+04   9.0138782E+04   0.0000000E+00   0.0000000E+00   0.0000000E+00   0.0000000E+00   0.0000000E+00
   1.4806891E-01   8.5133049E+04   8.5133049E+04   5.7263123E+00   1.4822024E-01   1.8146328E+00   8.4622648E+04   8.5133049E+04   0.0000000E+00   0.0000000E+00   0.0000000E+00   0.0000000E+00   0.0000000E+00
   1.5302373E-01   8.0399261E+04   8.0399261E+04   5.1154745E+00   1.3233391E-01   2.0061875E+00   7.9917223E+04   8.0399261E+04   0.0000000E+00   0.0000000E+00   0.0000000E+00   0.0000000E+00   0.0000000E+00
   1.5814285E-01   7.6184217E+04   7.6184217E+04   4.1085849E+00   1.1811612E-01   1.7527382E+00   7.5727440E+04   7.6184217E+04   0.0000000E+00   0.0000000E+00   0.0000000E+00   0.0000000E+00   0.0000000E+00
   1.6343228E-01   7.2634188E+04   7.2634188E+04   3.9346198E+00   1.0542730E-01   1.5470385E+00   7.2198683E+04   7.2634188E+04   0.0000000E+00   0.0000000E+00   0.0000000E+00   0.0000000E+00   0.0000000E+00
   1.6889805E-01   6.9748022E+04   6.9748022E+04   3.7621762E+00   9.4174113E-02   1.5728363E+00   6.9329815E+04   6.9748022E+04   0.0000000E+00   0.0000000E+00   0.0000000E+00   0.0000000E+00   0.0000000E+00
   1.7454634E-01   6.7369868E+04   6.7369868E+04   3.3578240E+00   8.4239169E-02   1.6565494E+00   6.6965910E+04   6.7369868E+04   0.0000000E+00   0.0000000E+00   0.0000000E+00   0.0000000E+00   0.0000000E+00
   1.8038339E-01   6.5230701E+04   6.5230701E+04   2.9665150E+00   7.5508879E-02   1.6344690E+00   6.4839560E+04   6.5230701E+04   0.0000000E+00   0.0000000E+00   0.0000000E+00   0.0000000E+00   0.0000000E+00
   1.8641561E-01   6.3032167E+04   6.3032167E+04   2.6765815E+00   6.7777004E-02   1.5500010E+00   6.2654201E+04   6.3032167E+04   0.0000000E+00   0.0000000E+00   0.0000000E+00   0.0000000E+00   0.0000000E+00
   1.9264954E-01   6.0548417E+04   6.0548417E+04   2.4510916E+00   6.0827704E-02   1.4500829E+00   6.0185338E+04   6.0548417E+04   0.0000000E+00   0.0000000E+00   0.0000000E+00   0.0000000E+00   0.0000000E+00
   1.9909195E-01   5.7709052E+04   5.7709052E+04   2.2123630E+00   5.4516878E-02   1.3161656E+00   5.7362994E+04   5.7709052E+04   0.0000000E+00   0.0000000E+00   0.0000000E+00   0.0000000E+00   0.0000000E+00
   2.0574981E-01   5.4626524E+04   5.4626524E+04   1.8727766E+00   4.8750708E-02   1.1762290E+00   5.4298945E+04   5.4626524E+04   0.0000000E+00   0.0000000E+00   0.0000000E+00   0.0000000E+00   0.0000000E+00
   2.1263038E-01   5.1548808E+04   5.1548808E+04   1.5640854E+00   4.3483903E-02   1.1567143E+00   5.1239680E+04   5.1548808E+04   0.0000000E+00   0.0000000E+00   0.0000000E+00   0.0000000E+00   0.0000000E+00
   2.1974128E-01   4.8749506E+04   4.8749506E+04   1.5048189E+00   3.8727315E-02   1.1641542E+00   4.8457161E+04   4.8749506E+04   0.0000000E+00   0.0000000E+00   0.0000000E+00   0.0000000E+00   0.0000000E+00
   2.2709049E-01   4.6400613E+04   4.6400613E+04   1.2743690E+00   3.4516810E-02   1.0309109E+00   4.6122351E+04   4.6400613E+04   0.0000000E+00   0.0000000E+00   0.0000000E+00   0.0000000E+00   0.0000000E+00
   2.3468649E-01   4.4490024E+04   4.4490024E+04   1.1914445E+00   3.0801403E-02   1.0365253E+00   4.4223216E+04   4.4490024E+04   0.0000000E+00   0.0000000E+00   0.0000000E+00   0.0000000E+00   0.0000000E+00
   2.4253831E-01   4.2831736E+04   4.2831736E+04   1.0137611E+00   2.7540181E-02   9.5439320E-01   4.2574870E+04   4.2831736E+04   0.0000000E+00   0.0000000E+00   0.0000000E+00   0.0000000E+00   0.0000000E+00
   2.5065564E-01   4.1171211E+04   4.1171211E+04   9.6354812E-01   2.4641103E-02   9.3595949E-01   4.0924301E+04   4.1171211E+04   0.0000000E+00   0.0000000E+00   0.0000000E+00   0.0000000E+00   0.0000000E+00
   2.5904894E-01   3.9331624E+04   3.9331624E+04   8.6493643E-01   2.2037183E-02   9.0676934E-01   3.9095743E+04   3.9331624E+04   0.0000000E+00   0.0000000E+00   0.0000000E+00   0.0000000E+00   0.0000000E+00
   2.6772956E-01   3.7313591E+04   3.7313591E+04   7.5241529E-01   1.9671535E-02   8.5339023E-01   3.7089811E+04   3.7313591E+04   0.0000000E+00   0.0000000E+00   0.0000000E+00   0.0000000E+00   0.0000000E+00
   2.7670992E-01   3.5280812E+04   3.5280812E+04   6.6082202E-01   1.7519873E-02   8.1513966E-01   3.5069221E+04   3.5280812E+04   0.0000000E+00   0.0000000E+00   0.0000000E+00   0.0000000E+00   0.0000000E+00
   2.8600366E-01   3.3435792E+04   3.3435792E+04   5.9238245E-01   1.5590156E-02   7.7167818E-01   3.3235263E+04   3.3435792E+04   0.0000000E+00   0.0000000E+00   0.0000000E+00   0.0000000E+00   0.0000000E+00
   2.9562587E-01   3.1870894E+04   3.1870894E+04   5.3774485E-01   1.3879956E-02   7.3182056E-01   3.1679749E+04   3.1870894E+04   0.0000000E+00   0.0000000E+00   0.0000000E+00   0.0000000E+00   0.0000000E+00
   3.0559328E-01   3.0507317E+04   3.0507317E+04   4.6962190E-01   1.2373547E-02   6.8148197E-01   3.0324349E+04   3.0507317E+04   0.0000000E+00   0.0000000E+00   0.0000000E+00   0.0000000E+00   0.0000000E+00
   3.1592464E-01   2.9172860E+04   2.9172860E+04   4.1994916E-01   1.1033546E-02   6.6340598E-01   2.8997895E+04   2.9172860E+04   0.0000000E+00   0.0000000E+00   0.0000000E+00   0.0000000E+00   0.0000000E+00
   3.2664097E-01   2.7754174E+04   2.7754174E+04   3.7421127E-01   9.8279183E-03   6.3310307E-01   2.7587716E+04   2.7754174E+04   0.0000000E+00   0.0000000E+00   0.0000000E+00   0.0000000E+00   0.0000000E+00
   3.3776603E-01   2.6287244E+04   2.6287244E+04   3.3704326E-01   8.7382199E-03   5.9066035E-01   2.6129583E+04   2.6287244E+04   0.0000000E+00   0.0000000E+00   0.0000000E+00   0.0000000E+00   0.0000000E+00
   3.4932682E-01   2.4900797E+04   2.4900797E+04   2.9603783E-01   7.7553083E-03   5.6392364E-01   2.4751451E+04   2.4900797E+04   0.0000000E+00   0.0000000E+00   0.0000000E+00   0.0000000E+00   0.0000000E+00
   3.6135416E-01   2.3671873E+04   2.3671873E+04   2.6247979E-01   6.8827024E-03   5.2460363E-01   2.3529896E+04   2.3671873E+04   0.0000000E+00   0.0000000E+00   0.0000000E+00   0.0000000E+00   0.0000000E+00
   3.7388354E-01   2.2549515E+04   2.2549515E+04   2.3444782E-01   6.1075162E-03   5.0303637E-01   2.2414269E+04   2.2549515E+04   0.0000000E+00   0.0000000E+00   0.0000000E+00   0.0000000E+00   0.0000000E+00
   3.8695599E-01   2.1430243E+04   2.1430243E+04   2.0647884E-01   5.4144688E-03   4.8737749E-01   2.1301710E+04   2.1430243E+04   0.0000000E+00   0.0000000E+00   0.0000000E+00   0.0000000E+00   0.0000000E+00
   4.0061938E-01   2.0287691E+04   2.0287691E+04   1.8248536E-01   4.7909524E-03   4.4892531E-01   2.0166010E+04   2.0287691E+04   0.0000000E+00   0.0000000E+00   0.0000000E+00   0.0000000E+00   0.0000000E+00
   4.1492998E-01   1.9187786E+04   1.9187786E+04   1.5985527E-01   4.2285558E-03   4.3366397E-01   1.9072701E+04   1.9187786E+04   0.0000000E+00   0.0000000E+00   0.0000000E+00   0.0000000E+00   0.0000000E+00
   4.2995447E-01   1.8176665E+04   1.8176665E+04   1.4117251E-01   3.7274262E-03   4.1035149E-01   1.8067644E+04   1.8176665E+04   0.0000000E+00   0.0000000E+00   0.0000000E+00   0.0000000E+00   0.0000000E+00
   4.4577267E-01   1.7214486E+04   1.7214486E+04   1.2510766E-01   3.2802974E-03   3.8833609E-01   1.7111236E+04   1.7214486E+04   0.0000000E+00   0.0000000E+00   0.0000000E+00   0.0000000E+00   0.0000000E+00
   4.6248115E-01   1.6253540E+04   1.6253540E+04   1.0942182E-01   2.8787360E-03   3.7083022E-01   1.6156054E+04   1.6253540E+04   0.0000000E+00   0.0000000E+00   0.0000000E+00   0.0000000E+00   0.0000000E+00
   4.8019806E-01   1.5314663E+04   1.5314663E+04   9.5858858E-02   2.5181875E-03   3.4051566E-01   1.5222808E+04   1.5314663E+04   0.0000000E+00   0.0000000E+00   0.0000000E+00   0.0000000E+00   0.0000000E+00
   4.9906995E-01   1.4425835E+04   1.4425835E+04   8.3389473E-02   2.1944406E-03   3.3072437E-01   1.4339311E+04   1.4425835E+04   0.0000000E+00   0.0000000E+00   0.0000000E+00   0.0000000E+00   0.0000000E+00
   5.1928120E-01   1.3561346E+04   1.3561346E+04   7.2613309E-02   1.9052641E-03   3.0319090E-01   1.3480006E+04   1.3561346E+04   0.0000000E+00   0.0000000E+00   0.0000000E+00   0.0000000E+00   0.0000000E+00
   5.4106756E-01   1.2706097E+04   1.2706097E+04   6.2547829E-02   1.6446265E-03   2.8741094E-01   1.2629886E+04   1.2706097E+04   0.0000000E+00   0.0000000E+00   0.0000000E+00   0.0000000E+00   0.0000000E+00
   5.6473599E-01   1.1876753E+04   1.1876753E+04   5.3704176E-02   1.4108183E-03   2.6774137E-01   1.1805517E+04   1.1876753E+04   0.0000000E+00   0.0000000E+00   0.0000000E+00   0.0000000E+00   0.0000000E+00
   5.9069410E-01   1.1061703E+04   1.1061703E+04   4.5747132E-02   1.2010570E-03   2.5125901E-01   1.0995356E+04   1.1061703E+04   0.0000000E+00   0.0000000E+00   0.0000000E+00   0.0000000E+00   0.0000000E+00
   6.1949480E-01   1.0253167E+04   1.0253167E+04   3.8524495E-02   1.0124977E-03   2.2667273E-01   1.0191669E+04   1.0253167E+04   0.0000000E+00   0.0000000E+00   0.0000000E+00   0.0000000E+00   0.0000000E+00
   6.5190505E-01   9.4522036E+03   9.4522036E+03   3.2083297E-02   8.4268372E-04   2.1271866E-01   9.3955090E+03   9.4522036E+03   0.0000000E+00   0.0000000E+00   0.0000000E+00   0.0000000E+00   0.0000000E+00
   6.8901137E-01   8.6486667E+03   8.6486667E+03   2.6275977E-02   6.9039317E-04   1.9009697E-01   8.5967916E+03   8.6486667E+03   0.0000000E+00   0.0000000E+00   0.0000000E+00   0.0000000E+00   0.0000000E+00
   7.3237744E-01   7.8390420E+03   7.8390420E+03   2.1082575E-02   5.5379313E-04   1.7528026E-01   7.7920230E+03   7.8390420E+03   0.0000000E+00   0.0000000E+00   0.0000000E+00   0.0000000E+00   0.0000000E+00
   7.8425413E-01   7.0173217E+03   7.0173217E+03   1.6457154E-02   4.3225267E-04   1.5872421E-01   6.9752314E+03   7.0173217E+03   0.0000000E+00   0.0000000E+00   0.0000000E+00   0.0000000E+00   0.0000000E+00
   8.4776250E-01   6.1825092E+03   6.1825092E+03   1.2408210E-02   3.2589425E-04   1.3995126E-01   6.1454260E+03   6.1825092E+03   0.0000000E+00   0.0000000E+00   0.0000000E+00   0.0000000E+00   0.0000000E+00
   9.2672825E-01   5.3443929E+03   5.3443929E+03   8.9760573E-03   2.3575370E-04   1.2088791E-01   5.3123367E+03   5.3443929E+03   0.0000000E+00   0.0000000E+00   0.0000000E+00   0.0000000E+00   0.0000000E+00
   1.0245630E+00   4.5308658E+03   4.5308658E+03   6.2257833E-03   1.6350847E-04   1.0299344E-01   4.5036892E+03   4.5308658E+03   0.0000000E+00   0.0000000E+00   0.0000000E+00   0.0000000E+00   0.0000000E+00
   1.1424657E+00   3.7830689E+03   3.7830689E+03   4.1806751E-03   1.0980308E-04   8.5254856E-02   3.7603776E+03   3.7830689E+03   0.0000000E+00   0.0000000E+00   0.0000000E+00   0.0000000E+00   0.0000000E+00
   1.2795105E+00   3.1322354E+03   3.1322354E+03   2.7596472E-03   7.2482645E-05   7.0558917E-02   3.1134478E+03   3.1322354E+03   0.0000000E+00   0.0000000E+00   0.0000000E+00   0.0000000E+00   0.0000000E+00
   1.4350820E+00   2.5840061E+03   2.5840061E+03   1.8097803E-03   4.7537106E-05   5.7482764E-02   2.5685068E+03   2.5840061E+03   0.0000000E+00   0.0000000E+00   0.0000000E+00   0.0000000E+00   0.0000000E+00
   1.6100968E+00   2.1281541E+03   2.1281541E+03   1.1840829E-03   3.1098878E-05   4.8004689E-02   2.1153891E+03   2.1281541E+03   0.0000000E+00   0.0000000E+00   0.0000000E+00   0.0000000E+00   0.0000000E+00
   1.8065477E+00   1.7506815E+03   1.7506815E+03   7.7373210E-04   2.0322814E-05   3.8870424E-02   1.7401806E+03   1.7506815E+03   0.0000000E+00   0.0000000E+00   0.0000000E+00   0.0000000E+00   0.0000000E+00
   2.0269790E+00   1.4386686E+03   1.4386686E+03   5.0505995E-04   1.3265495E-05   3.2157737E-02   1.4300393E+03   1.4386686E+03   0.0000000E+00   0.0000000E+00   0.0000000E+00   0.0000000E+00   0.0000000E+00
   2.2743078E+00   1.1811079E+03   1.1811079E+03   3.2935915E-04   8.6501007E-06   2.6765881E-02   1.1740234E+03   1.1811079E+03   0.0000000E+00   0.0000000E+00   0.0000000E+00   0.0000000E+00   0.0000000E+00
   2.5518153E+00   9.6875596E+02   9.6875596E+02   2.1458287E-04   5.6364689E-06   2.1595490E-02   9.6294521E+02   9.6875596E+02   0.0000000E+00   0.0000000E+00   0.0000000E+00   0.0000000E+00   0.0000000E+00
   2.8631839E+00   7.9387932E+02   7.9387932E+02   1.3967998E-04   3.6690174E-06   1.7753140E-02   7.8911750E+02   7.9387932E+02   0.0000000E+00   0.0000000E+00   0.0000000E+00   0.0000000E+00   0.0000000E+00
   3.2125452E+00   6.5002116E+02   6.5002116E+02   9.0845479E-05   2.3861215E-06   1.4699926E-02   6.4612222E+02   6.5002116E+02   0.0000000E+00   0.0000000E+00   0.0000000E+00   0.0000000E+00   0.0000000E+00
   3.6045350E+00   5.3180251E+02   5.3180251E+02   5.9195215E-05   1.5508677E-06   1.1950176E-02   5.2861267E+02   5.3180251E+02   0.0000000E+00   0.0000000E+00   0.0000000E+00   0.0000000E+00   0.0000000E+00
   4.0443548E+00   4.3474937E+02   4.3474937E+02   3.8347938E-05   1.0070489E-06   9.8783768E-03   4.3214167E+02   4.3474937E+02   0.0000000E+00   0.0000000E+00   0.0000000E+00   0.0000000E+00   0.0000000E+00
   4.5378407E+00   3.5514700E+02   3.5514700E+02   2.4879935E-05   6.5359365E-07   7.9464024E-03   3.5301677E+02   3.5514700E+02   0.0000000E+00   0.0000000E+00   0.0000000E+00   0.0000000E+00   0.0000000E+00
   5.0915410E+00   2.8991585E+02   2.8991585E+02   1.6131996E-05   4.2383308E-07   6.5659234E-03   2.8817689E+02   2.8991585E+02   0.0000000E+00   0.0000000E+00   0.0000000E+00   0.0000000E+00   0.0000000E+00
   5.7128029E+00   2.3650676E+02   2.3650676E+02   1.0453193E-05   2.7470934E-07   5.2832743E-03   2.3508816E+02   2.3650676E+02   0.0000000E+00   0.0000000E+00   0.0000000E+00   0.0000000E+00   0.0000000E+00
   6.4098703E+00   1.9281259E+02   1.9281259E+02   6.7691271E-06   1.7792269E-07   4.3344412E-03   1.9165607E+02   1.9281259E+02   0.0000000E+00   0.0000000E+00   0.0000000E+00   0.0000000E+00   0.0000000E+00
   7.1919928E+00   1.5709382E+02   1.5709382E+02   4.3875066E-06   1.1517329E-07   3.5535652E-03   1.5615154E+02   1.5709382E+02   0.0000000E+00   0.0000000E+00   0.0000000E+00   0.0000000E+00   0.0000000E+00
   8.0695486E+00   1.2791623E+02   1.2791623E+02   2.8338943E-06   7.4519721E-08   2.8786755E-03   1.2714897E+02   1.2791623E+02   0.0000000E+00   0.0000000E+00   0.0000000E+00   0.0000000E+00   0.0000000E+00
