#           k/h    CDM            baryon         photon         nu             mass_nu        total          no_nu          total_de       Weyl           v_CDM          v_b            v_b-v_c     
   1.0008987E-05   6.5520294E+05   6.5520294E+05   8.7359378E+05   1.6922753E+04   1.6884040E+02   6.5620987E+05   6.5520294E+05   0.0000000E+00   0.0000000E+00   0.0000000E+00   0.0000000E+00   0.0000000E+00
   1.1230268E-05   6.5520283E+05   6.5520283E+05   8.7359102E+05   1.6922715E+04   1.6883782E+02   6.5620975E+05   6.5520283E+05   0.0000000E+00   0.0000000E+00   0.0000000E+00   0.0000000E+00   0.0000000E+00
   1.2600568E-05   6.5520270E+05   6.5520270E+05   8.7358754E+05   1.6922668E+04   1.6883458E+02   6.5620959E+05   6.5520270E+05   0.0000000E+00   0.0000000E+00   0.0000000E+00   0.0000000E+00   0.0000000E+00
   1.4138070E-05   6.5520253E+05   6.5520253E+05   8.7358316E+05   1.6922609E+04   1.6883050E+02   6.5620940E+05   6.5520253E+05   0.0000000E+00   0.0000000E+00   0.0000000E+00   0.0000000E+00   0.0000000E+00
   1.5863175E-05   6.5520232E+05   6.5520232E+05   8.7357765E+05   1.6922535E+04   1.6882536E+02   6.5620915E+05   6.5520232E+05   0.0000000E+00   0.0000000E+00   0.0000000E+00   0.0000000E+00   0.0000000E+00
   1.7798775E-05   6.5520206E+05   6.5520206E+05   8.7357071E+05   1.6922441E+04   1.6881889E+02   6.5620885E+05   6.5520206E+05   0.0000000E+00   0.0000000E+00   0.0000000E+00   0.0000000E+00   0.0000000E+00
   1.9970554E-05   6.5520172E+05   6.5520172E+05   8.7356197E+05   1.6922324E+04   1.6881075E+02   6.5620846E+05   6.5520172E+05   0.0000000E+00   0.0000000E+00   0.0000000E+00   0.0000000E+00   0.0000000E+00
   2.2407330E-05   6.5520130E+05   6.5520130E+05   8.7355097E+05   1.6922175E+04   1.6880050E+02   6.5620797E+05   6.5520130E+05   0.0000000E+00   0.0000000E+00   0.0000000E+00   0.0000000E+00   0.0000000E+00
   2.5141438E-05   6.5520077E+05   6.5520077E+05   8.7353712E+05   1.6921989E+04   1.6878759E+02   6.5620736E+05   6.5520077E+05   0.0000000E+00   0.0000000E+00   0.0000000E+00   0.0000000E+00   0.0000000E+00
   2.8209158E-05   6.5520011E+05   6.5520011E+05   8.7351968E+05   1.6921753E+04   1.6877134E+02   6.5620659E+05   6.5520011E+05   0.0000000E+00   0.0000000E+00   0.0000000E+00   0.0000000E+00   0.0000000E+00
   3.1651195E-05   6.5519927E+05   6.5519927E+05   8.7349773E+05   1.6921458E+04   1.6875089E+02   6.5620562E+05   6.5519927E+05   0.0000000E+00   0.0000000E+00   0.0000000E+00   0.0000000E+00   0.0000000E+00
   3.5513225E-05   6.5519822E+05   6.5519822E+05   8.7347010E+05   1.6921085E+04   1.6872514E+02   6.5620439E+05   6.5519822E+05   0.0000000E+00   0.0000000E+00   0.0000000E+00   0.0000000E+00   0.0000000E+00
   3.9846494E-05   6.5519689E+05   6.5519689E+05   8.7343531E+05   1.6920616E+04   1.6869273E+02   6.5620285E+05   6.5519689E+05   0.0000000E+00   0.0000000E+00   0.0000000E+00   0.0000000E+00   0.0000000E+00
   4.4708502E-05   6.5519522E+05   6.5519522E+05   8.7339152E+05   1.6920025E+04   1.6865192E+02   6.5620092E+05   6.5519522E+05   0.0000000E+00   0.0000000E+00   0.0000000E+00   0.0000000E+00   0.0000000E+00
   5.0163764E-05   6.5519311E+05   6.5519311E+05   8.7333640E+05   1.6919282E+04   1.6860056E+02   6.5619848E+05   6.5519311E+05   0.0000000E+00   0.0000000E+00   0.0000000E+00   0.0000000E+00   0.0000000E+00
   5.6284669E-05   6.5519047E+05   6.5519047E+05   8.7326700E+05   1.6918346E+04   1.6853591E+02   6.5619540E+05   6.5519047E+05   0.0000000E+00   0.0000000E+00   0.0000000E+00   0.0000000E+00   0.0000000E+00
   6.3152438E-05   6.5518713E+05   6.5518713E+05   8.7317964E+05   1.6917168E+04   1.6845453E+02   6.5619154E+05   6.5518713E+05   0.0000000E+00   0.0000000E+00   0.0000000E+00   0.0000000E+00   0.0000000E+00
   7.0858200E-05   6.5518293E+05   6.5518293E+05   8.7306968E+05   1.6915686E+04   1.6835210E+02   6.5618667E+05   6.5518293E+05   0.0000000E+00   0.0000000E+00   0.0000000E+00   0.0000000E+00   0.0000000E+00
   7.9504209E-05   6.5517765E+05   6.5517765E+05   8.7293126E+05   1.6913819E+04   1.6822319E+02   6.5618054E+05   6.5517765E+05   0.0000000E+00   0.0000000E+00   0.0000000E+00   0.0000000E+00   0.0000000E+00
   8.9205189E-05   6.5517100E+05   6.5517100E+05   8.7275702E+05   1.6911470E+04   1.6806095E+02   6.5617282E+05   6.5517100E+05   0.0000000E+00   0.0000000E+00   0.0000000E+00   0.0000000E+00   0.0000000E+00
   1.0008987E-04   6.5516263E+05   6.5516263E+05   8.7253772E+05   1.6908512E+04   1.6785680E+02   6.5616311E+05   6.5516263E+05   0.0000000E+00   0.0000000E+00   0.0000000E+00   0.0000000E+00   0.0000000E+00
   1.1230268E-04   6.5515209E+05   6.5515209E+05   8.7226170E+05   1.6904789E+04   1.6759992E+02   6.5615089E+05   6.5515209E+05   0.0000000E+00   0.0000000E+00   0.0000000E+00   0.0000000E+00   0.0000000E+00
   1.2600568E-04   6.5513882E+05   6.5513882E+05   8.7191433E+05   1.6900104E+04   1.6727675E+02   6.5613550E+05   6.5513882E+05   0.0000000E+00   0.0000000E+00   0.0000000E+00   0.0000000E+00   0.0000000E+00
   1.4138070E-04   6.5512212E+05   6.5512212E+05   8.7147719E+05   1.6894208E+04   1.6687026E+02   6.5611613E+05   6.5512212E+05   0.0000000E+00   0.0000000E+00   0.0000000E+00   0.0000000E+00   0.0000000E+00
   1.5863175E-04   6.5510110E+05   6.5510110E+05   8.7092715E+05   1.6886787E+04   1.6635906E+02   6.5609176E+05   6.5510110E+05   0.0000000E+00   0.0000000E+00   0.0000000E+00   0.0000000E+00   0.0000000E+00
   1.7798775E-04   6.5507465E+05   6.5507465E+05   8.7023512E+05   1.6877450E+04   1.6571638E+02   6.5606108E+05   6.5507465E+05   0.0000000E+00   0.0000000E+00   0.0000000E+00   0.0000000E+00   0.0000000E+00
   1.9970554E-04   6.5504135E+05   6.5504135E+05   8.6936462E+05   1.6865703E+04   1.6490869E+02   6.5602247E+05   6.5504135E+05   0.0000000E+00   0.0000000E+00   0.0000000E+00   0.0000000E+00   0.0000000E+00
   2.2407330E-04   6.5499945E+05   6.5499945E+05   8.6826982E+05   1.6850925E+04   1.6389405E+02   6.5597389E+05   6.5499945E+05   0.0000000E+00   0.0000000E+00   0.0000000E+00   0.0000000E+00   0.0000000E+00
   2.5141438E-04   6.5494673E+05   6.5494673E+05   8.6689332E+05   1.6832340E+04   1.6262018E+02   6.5591276E+05   6.5494673E+05   0.0000000E+00   0.0000000E+00   0.0000000E+00   0.0000000E+00   0.0000000E+00
   2.8209158E-04   6.5488040E+05   6.5488040E+05   8.6516318E+05   1.6808971E+04   1.6102197E+02   6.5583587E+05   6.5488040E+05   0.0000000E+00   0.0000000E+00   0.0000000E+00   0.0000000E+00   0.0000000E+00
   3.1651195E-04   6.5479696E+05   6.5479696E+05   8.6298946E+05   1.6779597E+04   1.5901864E+02   6.5573916E+05   6.5479696E+05   0.0000000E+00   0.0000000E+00   0.0000000E+00   0.0000000E+00   0.0000000E+00
   3.5513225E-04   6.5469202E+05   6.5469202E+05   8.6025988E+05   1.6742691E+04   1.5651033E+02   6.5561756E+05   6.5469202E+05   0.0000000E+00   0.0000000E+00   0.0000000E+00   0.0000000E+00   0.0000000E+00
   3.9846494E-04   6.5456007E+05   6.5456007E+05   8.5683454E+05   1.6696343E+04   1.5337424E+02   6.5546470E+05   6.5456007E+05   0.0000000E+00   0.0000000E+00   0.0000000E+00   0.0000000E+00   0.0000000E+00
   4.4708502E-04   6.5439421E+05   6.5439421E+05   8.5253968E+05   1.6638176E+04   1.4946034E+02   6.5527263E+05   6.5439421E+05   0.0000000E+00   0.0000000E+00   0.0000000E+00   0.0000000E+00   0.0000000E+00
   5.0163764E-04   6.5418582E+05   6.5418582E+05   8.4716022E+05   1.6565235E+04   1.4458687E+02   6.5503140E+05   6.5418582E+05   0.0000000E+00   0.0000000E+00   0.0000000E+00   0.0000000E+00   0.0000000E+00
   5.6284669E-04   6.5392412E+05   6.5392412E+05   8.4043117E+05   1.6473860E+04   1.3853622E+02   6.5472863E+05   6.5392412E+05   0.0000000E+00   0.0000000E+00   0.0000000E+00   0.0000000E+00   0.0000000E+00
   6.3152438E-04   6.5359569E+05   6.5359569E+05   8.3202799E+05   1.6359540E+04   1.3105176E+02   6.5434889E+05   6.5359569E+05   0.0000000E+00   0.0000000E+00   0.0000000E+00   0.0000000E+00   0.0000000E+00
   7.0858200E-04   6.5318382E+05   6.5318382E+05   8.2155624E+05   1.6216744E+04   1.2183731E+02   6.5387311E+05   6.5318382E+05   0.0000000E+00   0.0000000E+00   0.0000000E+00   0.0000000E+00   0.0000000E+00
   7.9504209E-04   6.5266785E+05   6.5266785E+05   8.0854138E+05   1.6038742E+04   1.1056130E+02   6.5327770E+05   6.5266785E+05   0.0000000E+00   0.0000000E+00   0.0000000E+00   0.0000000E+00   0.0000000E+00
   8.9205189E-04   6.5202227E+05   6.5202227E+05   7.9242008E+05   1.5817424E+04   9.6869304E+01   6.5253373E+05   6.5202227E+05   0.0000000E+00   0.0000000E+00   0.0000000E+00   0.0000000E+00   0.0000000E+00
   1.0008987E-03   6.5121580E+05   6.5121580E+05   7.7253560E+05   1.5543140E+04   8.0410161E+01   6.5160590E+05   6.5121580E+05   0.0000000E+00   0.0000000E+00   0.0000000E+00   0.0000000E+00   0.0000000E+00
   1.1230268E-03   6.5021032E+05   6.5021032E+05   7.4814127E+05   1.5204605E+04   6.0883003E+01   6.5045154E+05   6.5021032E+05   0.0000000E+00   0.0000000E+00   0.0000000E+00   0.0000000E+00   0.0000000E+00
   1.2600568E-03   6.4895978E+05   6.4895978E+05   7.1841805E+05   1.4788926E+04   3.8115028E+01   6.4901962E+05   6.4895978E+05   0.0000000E+00   0.0000000E+00   0.0000000E+00   0.0000000E+00   0.0000000E+00
   1.4138070E-03   6.4740920E+05   6.4740920E+05   6.8251524E+05   1.4281853E+04   1.2181269E+01   6.4724996E+05   6.4740920E+05   0.0000000E+00   0.0000000E+00   0.0000000E+00   0.0000000E+00   0.0000000E+00
   1.5863175E-03   6.4549385E+05   6.4549385E+05   6.3962595E+05   1.3668401E+04   -1.6423268E+01   6.4507292E+05   6.4549385E+05   0.0000000E+00   0.0000000E+00   0.0000000E+00   0.0000000E+00   0.0000000E+00
   1.7798775E-03   6.4313894E+05   6.4313894E+05   5.8911204E+05   1.2934019E+04   -4.6556105E+01   6.4240983E+05   6.4313894E+05   0.0000000E+00   0.0000000E+00   0.0000000E+00   0.0000000E+00   0.0000000E+00
   1.9970554E-03   6.4026015E+05   6.4026015E+05   5.3069295E+05   1.2066537E+04   -7.6161801E+01   6.3917466E+05   6.4026015E+05   0.0000000E+00   0.0000000E+00   0.0000000E+00   0.0000000E+00   0.0000000E+00
   2.2407330E-03   6.3676540E+05   6.3676540E+05   4.6470676E+05   1.1059134E+04   -1.0202881E+02   6.3527742E+05   6.3676540E+05   0.0000000E+00   0.0000000E+00   0.0000000E+00   0.0000000E+00   0.0000000E+00
   2.5141438E-03   6.3255843E+05   6.3255843E+05   3.9243289E+05   9.9144166E+03   -1.1970488E+02   6.3062964E+05   6.3255843E+05   0.0000000E+00   0.0000000E+00   0.0000000E+00   0.0000000E+00   0.0000000E+00
   2.8209158E-03   6.2754434E+05   6.2754434E+05   3.1642522E+05   8.6494636E+03   -1.2381730E+02   6.2515201E+05   6.2754434E+05   0.0000000E+00   0.0000000E+00   0.0000000E+00   0.0000000E+00   0.0000000E+00
   3.1651195E-03   6.2163707E+05   6.2163707E+05   2.4073476E+05   7.3010053E+03   -1.0915624E+02   6.1878324E+05   6.2163707E+05   0.0000000E+00   0.0000000E+00   0.0000000E+00   0.0000000E+00   0.0000000E+00
   3.5513225E-03   6.1476761E+05   6.1476761E+05   1.7080652E+05   5.9289200E+03   -7.2881143E+01   6.1148771E+05   6.1476761E+05   0.0000000E+00   0.0000000E+00   0.0000000E+00   0.0000000E+00   0.0000000E+00
   3.9846494E-03   6.0689031E+05   6.0689031E+05   1.1275514E+05   4.6148831E+03   -1.7854954E+01   6.0325758E+05   6.0689031E+05   0.0000000E+00   0.0000000E+00   0.0000000E+00   0.0000000E+00   0.0000000E+00
   4.4708502E-03   5.9798300E+05   5.9798300E+05   7.1767145E+04   3.4520886E+03   4.3958961E+01   5.9410372E+05   5.9798300E+05   0.0000000E+00   0.0000000E+00   0.0000000E+00   0.0000000E+00   0.0000000E+00
   5.0163764E-03   5.8803634E+05   5.8803634E+05   4.9734506E+04   2.5230441E+03   9.1031056E+01   5.8403139E+05   5.8803634E+05   0.0000000E+00   0.0000000E+00   0.0000000E+00   0.0000000E+00   0.0000000E+00
   5.6284669E-03   5.7703077E+05   5.7703077E+05   4.3063103E+04   1.8679827E+03   9.9466284E+01   5.7300470E+05   5.7703077E+05   0.0000000E+00   0.0000000E+00   0.0000000E+00   0.0000000E+00   0.0000000E+00
   6.3152438E-03   5.6491006E+05   5.6491006E+05   4.2693740E+04   1.4576888E+03   6.0520800E+01   5.6092029E+05   5.6491006E+05   0.0000000E+00   0.0000000E+00   0.0000000E+00   0.0000000E+00   0.0000000E+00
   7.0858200E-03   5.5156932E+05   5.5156932E+05   3.8476436E+04   1.1961901E+03   -2.6515777E-01   5.4761910E+05   5.5156932E+05   0.0000000E+00   0.0000000E+00   0.0000000E+00   0.0000000E+00   0.0000000E+00
   7.9504209E-03   5.3688173E+05   5.3688173E+05   2.6945354E+04   9.7324831E+02   -2.9227885E+01   5.3295414E+05   5.3688173E+05   0.0000000E+00   0.0000000E+00   0.0000000E+00   0.0000000E+00   0.0000000E+00
   8.9205189E-03   5.2075578E+05   5.2075578E+05   1.5153183E+04   7.4327850E+02   1.1972940E+00   5.1686578E+05   5.2075578E+05   0.0000000E+00   0.0000000E+00   0.0000000E+00   0.0000000E+00   0.0000000E+00
   1.0008987E-02   5.0316388E+05   5.0316388E+05   1.1739386E+04   5.4768686E+02   3.7922638E+01   4.9936442E+05   5.0316388E+05   0.0000000E+00   0.0000000E+00   0.0000000E+00   0.0000000E+00   0.0000000E+00
   1.1230268E-02   4.8408815E+05   4.8408815E+05   1.2783295E+04   4.2657315E+02   1.3834270E+01   4.8041325E+05   4.8408815E+05   0.0000000E+00   0.0000000E+00   0.0000000E+00   0.0000000E+00   0.0000000E+00
   1.2600568E-02   4.6345855E+05   4.6345855E+05   8.7075639E+03   3.3957105E+02   -1.4195402E+01   4.5990614E+05   4.6345855E+05   0.0000000E+00   0.0000000E+00   0.0000000E+00   0.0000000E+00   0.0000000E+00
   1.4138070E-02   4.4121339E+05   4.4121339E+05   4.8405324E+03   2.5129624E+02   1.6060921E+01   4.3780588E+05   4.4121339E+05   0.0000000E+00   0.0000000E+00   0.0000000E+00   0.0000000E+00   0.0000000E+00
   1.5863175E-02   4.1736267E+05   4.1736267E+05   5.5597755E+03   1.9179968E+02   5.5624260E+00   4.1412861E+05   4.1736267E+05   0.0000000E+00   0.0000000E+00   0.0000000E+00   0.0000000E+00   0.0000000E+00
   1.7798775E-02   3.9192758E+05   3.9192758E+05   2.9762671E+03   1.4685773E+02   -1.4158978E+00   3.8887258E+05   3.9192758E+05   0.0000000E+00   0.0000000E+00   0.0000000E+00   0.0000000E+00   0.0000000E+00
   1.9970554E-02   3.6500039E+05   3.6500039E+05   2.8574783E+03   1.0854914E+02   7.8435397E+00   3.6214886E+05   3.6500039E+05   0.0000000E+00   0.0000000E+00   0.0000000E+00   0.0000000E+00   0.0000000E+00
   2.2407315E-02   3.3679179E+05   3.3679179E+05   1.5851690E+03   8.1850253E+01   9.0493435E-01   3.3415054E+05   3.3679179E+05   0.0000000E+00   0.0000000E+00   0.0000000E+00   0.0000000E+00   0.0000000E+00
   2.5141205E-02   3.0765886E+05   3.0765886E+05   1.5941354E+03   6.0510522E+01   -5.3335933E-02   3.0524185E+05   3.0765886E+05   0.0000000E+00   0.0000000E+00   0.0000000E+00   0.0000000E+00   0.0000000E+00
   2.8206671E-02   2.7817794E+05   2.7817794E+05   9.4818513E+02   4.3939184E+01   5.3312152E+00   2.7598851E+05   2.7817794E+05   0.0000000E+00   0.0000000E+00   0.0000000E+00   0.0000000E+00   0.0000000E+00
   3.1632356E-02   2.4922627E+05   2.4922627E+05   5.7955520E+02   3.2034397E+01   2.5933975E+00   2.4726115E+05   2.4922627E+05   0.0000000E+00   0.0000000E+00   0.0000000E+00   0.0000000E+00   0.0000000E+00
   3.5408984E-02   2.2210374E+05   2.2210374E+05   4.3096577E+02   2.3201140E+01   2.5885617E-01   2.2035031E+05   2.2210374E+05   0.0000000E+00   0.0000000E+00   0.0000000E+00   0.0000000E+00   0.0000000E+00
   3.9421514E-02   1.9849307E+05   1.9849307E+05   3.3856092E+02   1.6840289E+01   -5.1299829E-01   1.9692463E+05   1.9849307E+05   0.0000000E+00   0.0000000E+00   0.0000000E+00   0.0000000E+00   0.0000000E+00
   4.3428156E-02   1.7971216E+05   1.7971216E+05   2.8184097E+02   1.2491037E+01   -5.1577183E-01   1.7829117E+05   1.7971216E+05   0.0000000E+00   0.0000000E+00   0.0000000E+00   0.0000000E+00   0.0000000E+00
   4.7213673E-02   1.6568223E+05   1.6568223E+05   2.4174910E+02   9.5816067E+00   3.0184458E-01   1.6437154E+05   1.6568223E+05   0.0000000E+00   0.0000000E+00   0.0000000E+00   0.0000000E+00   0.0000000E+00
   5.0722354E-02   1.5524239E+05   1.5524239E+05   1.8238906E+02   7.6047338E+00   1.4244662E+00   1.5401386E+05   1.5524239E+05   0.0000000E+00   0.0000000E+00   0.0000000E+00   0.0000000E+00   0.0000000E+00
   5.3999025E-02   1.4716815E+05   1.4716815E+05   1.2329500E+02   6.2354549E+00   1.1518882E+00   1.4600317E+05   1.4716815E+05   0.0000000E+00   0.0000000E+00   0.0000000E+00   0.0000000E+00   0.0000000E+00
   5.7107570E-02   1.4056650E+05   1.4056650E+05   1.1422943E+02   5.2415894E+00   1.0243303E-01   1.3945348E+05   1.4056650E+05   0.0000000E+00   0.0000000E+00   0.0000000E+00   0.0000000E+00   0.0000000E+00
   6.0102276E-02   1.3484405E+05   1.3484405E+05   1.1737627E+02   4.4579539E+00   5.6852454E-01   1.3377617E+05   1.3484405E+05   0.0000000E+00   0.0000000E+00   0.0000000E+00   0.0000000E+00   0.0000000E+00
   6.3024514E-02   1.2961041E+05   1.2961041E+05   8.4855695E+01   3.8402182E+00   1.0812036E+00   1.2858379E+05   1.2961041E+05   0.0000000E+00   0.0000000E+00   0.0000000E+00   0.0000000E+00   0.0000000E+00
   6.5905355E-02   1.2460887E+05   1.2460887E+05   7.4598667E+01   3.3644467E+00   8.7889490E-02   1.2362172E+05   1.2460887E+05   0.0000000E+00   0.0000000E+00   0.0000000E+00   0.0000000E+00   0.0000000E+00
   6.8768494E-02   1.1967528E+05   1.1967528E+05   8.0952619E+01   2.9520241E+00   6.2569750E-01   1.1872713E+05   1.1967528E+05   0.0000000E+00   0.0000000E+00   0.0000000E+00   0.0000000E+00   0.0000000E+00
   7.1632470E-02   1.1471428E+05   1.1471428E+05   5.3879868E+01   2.6109551E+00   8.2911411E-01   1.1380531E+05   1.1471428E+05   0.0000000E+00   0.0000000E+00   0.0000000E+00   0.0000000E+00   0.0000000E+00
   7.4512204E-02   1.0968466E+05   1.0968466E+05   5.5882981E+01   2.3324738E+00   -1.8318662E-02   1.0881546E+05   1.0968466E+05   0.0000000E+00   0.0000000E+00   0.0000000E+00   0.0000000E+00   0.0000000E+00
   7.7420057E-02   1.0458941E+05   1.0458941E+05   5.4268740E+01   2.0744024E+00   7.5305244E-01   1.0376053E+05   1.0458941E+05   0.0000000E+00   0.0000000E+00   0.0000000E+00   0.0000000E+00   0.0000000E+00
   8.0366549E-02   9.9467536E+04   9.9467536E+04   3.5795992E+01   1.8581135E+00   5.4261241E-01   9.8679169E+04   9.9467536E+04   0.0000000E+00   0.0000000E+00   0.0000000E+00   0.0000000E+00   0.0000000E+00
   8.3360865E-02   9.4385928E+04   9.4385928E+04   3.9827378E+01   1.6693053E+00   3.5442072E-02   9.3637779E+04   9.4385928E+04   0.0000000E+00   0.0000000E+00   0.0000000E+00   0.0000000E+00   0.0000000E+00
   8.6411209E-02   8.9430528E+04   8.9430528E+04   3.7018181E+01   1.4919216E+00   5.6293056E-01   8.8721631E+04   8.9430528E+04   0.0000000E+00   0.0000000E+00   0.0000000E+00   0.0000000E+00   0.0000000E+00
   8.9525064E-02   8.4696385E+04   8.4696385E+04   2.5687615E+01   1.3360583E+00   5.6460711E-01   8.4024968E+04   8.4696385E+04   0.0000000E+00   0.0000000E+00   0.0000000E+00   0.0000000E+00   0.0000000E+00
   9.2709380E-02   8.0276625E+04   8.0276625E+04   2.4420665E+01   1.1985232E+00   1.2070149E-01   7.9640188E+04   8.0276625E+04   0.0000000E+00   0.0000000E+00   0.0000000E+00   0.0000000E+00   0.0000000E+00
   9.5970712E-02   7.6250942E+04   7.6250942E+04   2.6131768E+01   1.0709785E+00   1.5681255E-01   7.5646402E+04   7.6250942E+04   0.0000000E+00   0.0000000E+00   0.0000000E+00   0.0000000E+00   0.0000000E+00
   9.9315324E-02   7.2674511E+04   7.2674511E+04   2.1952565E+01   9.5361918E-01   4.7670950E-01   7.2098315E+04   7.2674511E+04   0.0000000E+00   0.0000000E+00   0.0000000E+00   0.0000000E+00   0.0000000E+00
   1.0274927E-01   6.9568543E+04   6.9568543E+04   1.6068531E+01   8.4951552E-01   4.8389191E-01   6.9016939E+04   6.9568543E+04   0.0000000E+00   0.0000000E+00   0.0000000E+00   0.0000000E+00   0.0000000E+00
   1.0627846E-01   6.6913997E+04   6.6913997E+04   1.4268550E+01   7.5758425E-01   2.3125082E-01   6.6383406E+04   6.6913997E+04   0.0000000E+00   0.0000000E+00   0.0000000E+00   0.0000000E+00   0.0000000E+00
   1.0990869E-01   6.4649926E+04   6.4649926E+04   1.5162808E+01   6.7510002E-01   9.2854935E-02   6.4137265E+04   6.4649926E+04   0.0000000E+00   0.0000000E+00   0.0000000E+00   0.0000000E+00   0.0000000E+00
   1.1364570E-01   6.2677651E+04   6.2677651E+04   1.5238266E+01   6.0124997E-01   1.3824066E-01   6.2180613E+04   6.2677651E+04   0.0000000E+00   0.0000000E+00   0.0000000E+00   0.0000000E+00   0.0000000E+00
   1.1749519E-01   6.0871329E+04   6.0871329E+04   1.3875465E+01   5.3611824E-01   2.2638996E-01   6.0388604E+04   6.0871329E+04   0.0000000E+00   0.0000000E+00   0.0000000E+00   0.0000000E+00   0.0000000E+00
   1.2146282E-01   5.9094502E+04   5.9094502E+04   1.2087615E+01   4.7923504E-01   2.7680623E-01   5.8625858E+04   5.9094502E+04   0.0000000E+00   0.0000000E+00   0.0000000E+00   0.0000000E+00   0.0000000E+00
   1.2555429E-01   5.7220903E+04   5.7220903E+04   1.0519883E+01   4.2964386E-01   2.9132474E-01   5.6767106E+04   5.7220903E+04   0.0000000E+00   0.0000000E+00   0.0000000E+00   0.0000000E+00   0.0000000E+00
   1.2977527E-01   5.5156467E+04   5.5156467E+04   9.2701244E+00   3.8627435E-01   2.8716437E-01   5.4719030E+04   5.5156467E+04   0.0000000E+00   0.0000000E+00   0.0000000E+00   0.0000000E+00   0.0000000E+00
   1.3413146E-01   5.2858332E+04   5.2858332E+04   8.2854812E+00   3.4806257E-01   2.7371355E-01   5.2439109E+04   5.2858332E+04   0.0000000E+00   0.0000000E+00   0.0000000E+00   0.0000000E+00   0.0000000E+00
   1.3862862E-01   5.0346118E+04   5.0346118E+04   7.5218362E+00   3.1400167E-01   2.5516835E-01   4.9946808E+04   5.0346118E+04   0.0000000E+00   0.0000000E+00   0.0000000E+00   0.0000000E+00   0.0000000E+00
   1.4327250E-01   4.7701330E+04   4.7701330E+04   6.9208829E+00   2.8322033E-01   2.3205053E-01   4.7322986E+04   4.7701330E+04   0.0000000E+00   0.0000000E+00   0.0000000E+00   0.0000000E+00   0.0000000E+00
   1.4806891E-01   4.5052599E+04   4.5052599E+04   6.3415628E+00   2.5505680E-01   2.0009095E-01   4.4695254E+04   4.5052599E+04   0.0000000E+00   0.0000000E+00   0.0000000E+00   0.0000000E+00   0.0000000E+00
   1.5302373E-01   4.2547687E+04   4.2547687E+04   5.5542243E+00   2.2908619E-01   1.5621711E-01   4.2210204E+04   4.2547687E+04   0.0000000E+00   0.0000000E+00   0.0000000E+00   0.0000000E+00   0.0000000E+00
   1.5814285E-01   4.0317160E+04   4.0317160E+04   4.4776074E+00   2.0507269E-01   1.2106098E-01   3.9997366E+04   4.0317160E+04   0.0000000E+00   0.0000000E+00   0.0000000E+00   0.0000000E+00   0.0000000E+00
   1.6343228E-01   3.8438419E+04   3.8438419E+04   3.5833112E+00   1.8292077E-01   1.4103005E-01   3.8133523E+04   3.8438419E+04   0.0000000E+00   0.0000000E+00   0.0000000E+00   0.0000000E+00   0.0000000E+00
   1.6889805E-01   3.6910888E+04   3.6910888E+04   3.5074922E+00   1.6277581E-01   1.8771528E-01   3.6618102E+04   3.6910888E+04   0.0000000E+00   0.0000000E+00   0.0000000E+00   0.0000000E+00   0.0000000E+00
   1.7454634E-01   3.5652149E+04   3.5652149E+04   3.5716387E+00   1.4492534E-01   1.4186302E-01   3.5369343E+04   3.5652149E+04   0.0000000E+00   0.0000000E+00   0.0000000E+00   0.0000000E+00   0.0000000E+00
   1.8038339E-01   3.4519910E+04   3.4519910E+04   2.8065477E+00   1.2918372E-01   1.1208670E-01   3.4246082E+04   3.4519910E+04   0.0000000E+00   0.0000000E+00   0.0000000E+00   0.0000000E+00   0.0000000E+00
   1.8641561E-01   3.3356342E+04   3.3356342E+04   2.6178828E+00   1.1535969E-01   1.6212500E-01   3.3091740E+04   3.3356342E+04   0.0000000E+00   0.0000000E+00   0.0000000E+00   0.0000000E+00   0.0000000E+00
   1.9264954E-01   3.2041955E+04   3.2041955E+04   2.5145267E+00   1.0345013E-01   1.0568472E-01   3.1787774E+04   3.2041955E+04   0.0000000E+00   0.0000000E+00   0.0000000E+00   0.0000000E+00   0.0000000E+00
   1.9909195E-01   3.0539477E+04   3.0539477E+04   2.0221441E+00   9.2855299E-02   1.3895126E-01   3.0297215E+04   3.0539477E+04   0.0000000E+00   0.0000000E+00   0.0000000E+00   0.0000000E+00   0.0000000E+00
   2.0574981E-01   2.8908366E+04   2.8908366E+04   1.9850155E+00   8.3434353E-02   1.0571941E-01   2.8679039E+04   2.8908366E+04   0.0000000E+00   0.0000000E+00   0.0000000E+00   0.0000000E+00   0.0000000E+00
   2.1263038E-01   2.7279781E+04   2.7279781E+04   1.6342883E+00   7.4804234E-02   1.1011886E-01   2.7063372E+04   2.7279781E+04   0.0000000E+00   0.0000000E+00   0.0000000E+00   0.0000000E+00   0.0000000E+00
   2.1974128E-01   2.5798454E+04   2.5798454E+04   1.4611669E+00   6.6847010E-02   1.0361639E-01   2.5593795E+04   2.5798454E+04   0.0000000E+00   0.0000000E+00   0.0000000E+00   0.0000000E+00   0.0000000E+00
   2.2709049E-01   2.4555390E+04   2.4555390E+04   1.3957468E+00   5.9557625E-02   1.0491034E-01   2.4360588E+04   2.4555390E+04   0.0000000E+00   0.0000000E+00   0.0000000E+00   0.0000000E+00   0.0000000E+00
   2.3468649E-01   2.3544211E+04   2.3544211E+04   1.1546920E+00   5.2995166E-02   9.1118680E-02   2.3357431E+04   2.3544211E+04   0.0000000E+00   0.0000000E+00   0.0000000E+00   0.0000000E+00   0.0000000E+00
   2.4253831E-01   2.2666544E+04   2.2666544E+04   1.0137538E+00   4.7182913E-02   7.7130029E-02   2.2486726E+04   2.2666544E+04   0.0000000E+00   0.0000000E+00   0.0000000E+00   0.0000000E+00   0.0000000E+00
   2.5065564E-01   2.1787743E+04   2.1787743E+04   9.4713084E-01   4.2087564E-02   7.6001348E-02   2.1614895E+04   2.1787743E+04   0.0000000E+00   0.0000000E+00   0.0000000E+00   0.0000000E+00   0.0000000E+00
   2.5904894E-01   2.0814253E+04   2.0814253E+04   8.6836370E-01   3.7633518E-02   7.5621027E-02   2.0649127E+04   2.0814253E+04   0.0000000E+00   0.0000000E+00   0.0000000E+00   0.0000000E+00   0.0000000E+00
   2.6772956E-01   1.9746377E+04   1.9746377E+04   7.7298739E-01   3.3682721E-02   7.0474752E-02   1.9589722E+04   1.9746377E+04   0.0000000E+00   0.0000000E+00   0.0000000E+00   0.0000000E+00   0.0000000E+00
   2.7670992E-01   1.8670694E+04   1.8670694E+04   6.7399426E-01   3.0104535E-02   6.4216187E-02   1.8522572E+04   1.8670694E+04   0.0000000E+00   0.0000000E+00   0.0000000E+00   0.0000000E+00   0.0000000E+00
   2.8600366E-01   1.7694328E+04   1.7694328E+04   5.8325831E-01   2.6828748E-02   6.4786500E-02   1.7553950E+04   1.7694328E+04   0.0000000E+00   0.0000000E+00   0.0000000E+00   0.0000000E+00   0.0000000E+00
   2.9562587E-01   1.6866154E+04   1.6866154E+04   5.2219320E-01   2.3853523E-02   6.9506642E-02   1.6732345E+04   1.6866154E+04   0.0000000E+00   0.0000000E+00   0.0000000E+00   0.0000000E+00   0.0000000E+00
   3.0559328E-01   1.6144502E+04   1.6144502E+04   4.9091794E-01   2.1205964E-02   6.4306721E-02   1.6016418E+04   1.6144502E+04   0.0000000E+00   0.0000000E+00   0.0000000E+00   0.0000000E+00   0.0000000E+00
   3.1592464E-01   1.5438286E+04   1.5438286E+04   4.2854373E-01   1.8876686E-02   6.3078928E-02   1.5315804E+04   1.5438286E+04   0.0000000E+00   0.0000000E+00   0.0000000E+00   0.0000000E+00   0.0000000E+00
   3.2664097E-01   1.4687531E+04   1.4687531E+04   3.8070384E-01   1.6827601E-02   5.4944768E-02   1.4571005E+04   1.4687531E+04   0.0000000E+00   0.0000000E+00   0.0000000E+00   0.0000000E+00   0.0000000E+00
   3.3776603E-01   1.3911261E+04   1.3911261E+04   3.3742416E-01   1.4985916E-02   5.5368806E-02   1.3800894E+04   1.3911261E+04   0.0000000E+00   0.0000000E+00   0.0000000E+00   0.0000000E+00   0.0000000E+00
   3.4932682E-01   1.3177565E+04   1.3177565E+04   3.0410469E-01   1.3313340E-02   5.8873888E-02   1.3073018E+04   1.3177565E+04   0.0000000E+00   0.0000000E+00   0.0000000E+00   0.0000000E+00   0.0000000E+00
   3.6135416E-01   1.2527205E+04   1.2527205E+04   2.6434202E-01   1.1808594E-02   5.0606713E-02   1.2427817E+04   1.2527205E+04   0.0000000E+00   0.0000000E+00   0.0000000E+00   0.0000000E+00   0.0000000E+00
   3.7388354E-01   1.1933235E+04   1.1933235E+04   2.3407157E-01   1.0466004E-02   4.5414743E-02   1.1838559E+04   1.1933235E+04   0.0000000E+00   0.0000000E+00   0.0000000E+00   0.0000000E+00   0.0000000E+00
   3.8695599E-01   1.1340914E+04   1.1340914E+04   2.0787668E-01   9.2749192E-03   4.4698248E-02   1.1250937E+04   1.1340914E+04   0.0000000E+00   0.0000000E+00   0.0000000E+00   0.0000000E+00   0.0000000E+00
   4.0061938E-01   1.0736286E+04   1.0736286E+04   1.8405975E-01   8.2114963E-03   4.5118317E-02   1.0651106E+04   1.0736286E+04   0.0000000E+00   0.0000000E+00   0.0000000E+00   0.0000000E+00   0.0000000E+00
   4.1492998E-01   1.0154220E+04   1.0154220E+04   1.6463617E-01   7.2543244E-03   3.9894456E-02   1.0073658E+04   1.0154220E+04   0.0000000E+00   0.0000000E+00   0.0000000E+00   0.0000000E+00   0.0000000E+00
   4.2995447E-01   9.6191280E+03   9.6191280E+03   1.4405973E-01   6.3919079E-03   3.7528809E-02   9.5428109E+03   9.6191280E+03   0.0000000E+00   0.0000000E+00   0.0000000E+00   0.0000000E+00   0.0000000E+00
   4.4577267E-01   9.1099372E+03   9.1099372E+03   1.2796178E-01   5.6208079E-03   3.8481541E-02   9.0376598E+03   9.1099372E+03   0.0000000E+00   0.0000000E+00   0.0000000E+00   0.0000000E+00   0.0000000E+00
   4.6248115E-01   8.6014067E+03   8.6014067E+03   1.1177681E-01   4.9338300E-03   3.7562349E-02   8.5331637E+03   8.6014067E+03   0.0000000E+00   0.0000000E+00   0.0000000E+00   0.0000000E+00   0.0000000E+00
   4.8019806E-01   8.1045544E+03   8.1045544E+03   9.7812436E-02   4.3168512E-03   3.4794489E-02   8.0402534E+03   8.1045544E+03   0.0000000E+00   0.0000000E+00   0.0000000E+00   0.0000000E+00   0.0000000E+00
   4.9906995E-01   7.6341830E+03   7.6341830E+03   8.5158971E-02   3.7631961E-03   2.7826286E-02   7.5736137E+03   7.6341830E+03   0.0000000E+00   0.0000000E+00   0.0000000E+00   0.0000000E+00   0.0000000E+00
   5.1928120E-01   7.1766930E+03   7.1766930E+03   7.3923473E-02   3.2655760E-03   2.8279463E-02   7.1197533E+03   7.1766930E+03   0.0000000E+00   0.0000000E+00   0.0000000E+00   0.0000000E+00   0.0000000E+00
   5.4106756E-01   6.7240956E+03   6.7240956E+03   6.3768959E-02   2.8197469E-03   2.7395784E-02   6.6707466E+03   6.7240956E+03   0.0000000E+00   0.0000000E+00   0.0000000E+00   0.0000000E+00   0.0000000E+00
   5.6473599E-01   6.2852048E+03   6.2852048E+03   5.4735655E-02   2.4194036E-03   2.3090633E-02   6.2353379E+03   6.2852048E+03   0.0000000E+00   0.0000000E+00   0.0000000E+00   0.0000000E+00   0.0000000E+00
   5.9069410E-01   5.8538791E+03   5.8538791E+03   4.6594161E-02   2.0595873E-03   2.0745849E-02   5.8074342E+03   5.8538791E+03   0.0000000E+00   0.0000000E+00   0.0000000E+00   0.0000000E+00   0.0000000E+00
   6.1949480E-01   5.4260006E+03   5.4260006E+03   3.9254815E-02   1.7355012E-03   2.0957716E-02   5.3829505E+03   5.4260006E+03   0.0000000E+00   0.0000000E+00   0.0000000E+00   0.0000000E+00   0.0000000E+00
   6.5190505E-01   5.0021289E+03   5.0021289E+03   3.2674724E-02   1.4445936E-03   1.9674372E-02   4.9624417E+03   5.0021289E+03   0.0000000E+00   0.0000000E+00   0.0000000E+00   0.0000000E+00   0.0000000E+00
   6.8901137E-01   4.5768958E+03   4.5768958E+03   2.6761058E-02   1.1830198E-03   1.9335110E-02   4.5405823E+03   4.5768958E+03   0.0000000E+00   0.0000000E+00   0.0000000E+00   0.0000000E+00   0.0000000E+00
   7.3237744E-01   4.1484407E+03   4.1484407E+03   2.1468582E-02   9.4918793E-04   1.6516251E-02   4.1155267E+03   4.1484407E+03   0.0000000E+00   0.0000000E+00   0.0000000E+00   0.0000000E+00   0.0000000E+00
   7.8425413E-01   3.7135847E+03   3.7135847E+03   1.6759878E-02   7.4090085E-04   1.4896426E-02   3.6841207E+03   3.7135847E+03   0.0000000E+00   0.0000000E+00   0.0000000E+00   0.0000000E+00   0.0000000E+00
   8.4776250E-01   3.2718001E+03   3.2718001E+03   1.2636817E-02   5.5858737E-04   1.3284369E-02   3.2458413E+03   3.2718001E+03   0.0000000E+00   0.0000000E+00   0.0000000E+00   0.0000000E+00   0.0000000E+00
   9.2672825E-01   2.8282671E+03   2.8282671E+03   9.1412791E-03   4.0409429E-04   1.1447899E-02   2.8058272E+03   2.8282671E+03   0.0000000E+00   0.0000000E+00   0.0000000E+00   0.0000000E+00   0.0000000E+00
   1.0245630E+00   2.3977467E+03   2.3977467E+03   6.3403850E-03   2.8029796E-04   9.4068403E-03   2.3787226E+03   2.3977467E+03   0.0000000E+00   0.0000000E+00   0.0000000E+00   0.0000000E+00   0.0000000E+00
   1.1424657E+00   2.0020108E+03   2.0020108E+03   4.2575951E-03   1.8821285E-04   7.7302593E-03   1.9861265E+03   2.0020108E+03   0.0000000E+00   0.0000000E+00   0.0000000E+00   0.0000000E+00   0.0000000E+00
   1.2795105E+00   1.6575881E+03   1.6575881E+03   2.8103805E-03   1.2421241E-04   6.9736131E-03   1.6444365E+03   1.6575881E+03   0.0000000E+00   0.0000000E+00   0.0000000E+00   0.0000000E+00   0.0000000E+00
   1.4350820E+00   1.3674637E+03   1.3674637E+03   1.8430393E-03   8.1456623E-05   5.6972451E-03   1.3566141E+03   1.3674637E+03   0.0000000E+00   0.0000000E+00   0.0000000E+00   0.0000000E+00   0.0000000E+00
   1.6100968E+00   1.1262257E+03   1.1262257E+03   1.2058530E-03   5.3305409E-05   4.4586085E-03   1.1172900E+03   1.1262257E+03   0.0000000E+00   0.0000000E+00   0.0000000E+00   0.0000000E+00   0.0000000E+00
   1.8065477E+00   9.2646618E+02   9.2646618E+02   7.8795440E-04   3.4832656E-05   3.5599873E-03   9.1911543E+02   9.2646618E+02   0.0000000E+00   0.0000000E+00   0.0000000E+00   0.0000000E+00   0.0000000E+00
   2.0269790E+00   7.6134814E+02   7.6134814E+02   5.1434239E-04   2.2737013E-05   2.9050537E-03   7.5530747E+02   7.6134814E+02   0.0000000E+00   0.0000000E+00   0.0000000E+00   0.0000000E+00   0.0000000E+00
   2.2743078E+00   6.2504629E+02   6.2504629E+02   3.3541188E-04   1.4826890E-05   2.4011596E-03   6.2008706E+02   6.2504629E+02   0.0000000E+00   0.0000000E+00   0.0000000E+00   0.0000000E+00   0.0000000E+00
   2.5518153E+00   5.1266906E+02   5.1266906E+02   2.1852481E-04   9.6596612E-06   2.0188188E-03   5.0860145E+02   5.1266906E+02   0.0000000E+00   0.0000000E+00   0.0000000E+00   0.0000000E+00   0.0000000E+00
   2.8631839E+00   4.2012385E+02   4.2012385E+02   1.4224504E-04   6.2872033E-06   1.7285821E-03   4.1679051E+02   4.2012385E+02   0.0000000E+00   0.0000000E+00   0.0000000E+00   0.0000000E+00   0.0000000E+00
   3.2125452E+00   3.4399370E+02   3.4399370E+02   9.2514872E-05   4.0897684E-06   1.3205508E-03   3.4126439E+02   3.4399370E+02   0.0000000E+00   0.0000000E+00   0.0000000E+00   0.0000000E+00   0.0000000E+00
   3.6045350E+00   2.8143206E+02   2.8143206E+02   6.0122003E-05   2.6578598E-06   1.1095440E-03   2.7919912E+02   2.8143206E+02   0.0000000E+00   0.0000000E+00   0.0000000E+00   0.0000000E+00   0.0000000E+00
   4.0443548E+00   2.3007126E+02   2.3007126E+02   3.9040814E-05   1.7257604E-06   9.4782196E-04   2.2824583E+02   2.3007126E+02   0.0000000E+00   0.0000000E+00   0.0000000E+00   0.0000000E+00   0.0000000E+00
   4.5378407E+00   1.8794546E+02   1.8794546E+02   2.5333325E-05   1.1200974E-06   7.2365204E-04   1.8645427E+02   1.8794546E+02   0.0000000E+00   0.0000000E+00   0.0000000E+00   0.0000000E+00   0.0000000E+00
   5.0915410E+00   1.5342495E+02   1.5342495E+02   1.6427350E-05   7.2622352E-07   6.3404406E-04   1.5220765E+02   1.5342495E+02   0.0000000E+00   0.0000000E+00   0.0000000E+00   0.0000000E+00   0.0000000E+00
   5.7128029E+00   1.2516071E+02   1.2516071E+02   1.0650951E-05   4.7067868E-07   5.0434274E-04   1.2416766E+02   1.2516071E+02   0.0000000E+00   0.0000000E+00   0.0000000E+00   0.0000000E+00   0.0000000E+00
   6.4098703E+00   1.0203763E+02   1.0203763E+02   6.8950172E-06   3.0489009E-07   3.8982580E-04   1.0122805E+02   1.0203763E+02   0.0000000E+00   0.0000000E+00   0.0000000E+00   0.0000000E+00   0.0000000E+00
   7.1919928E+00   8.3135163E+01   8.3135163E+01   4.4618487E-06   1.9734391E-07   3.2546204E-04   8.2475552E+01   8.3135163E+01   0.0000000E+00   0.0000000E+00   0.0000000E+00   0.0000000E+00   0.0000000E+00
   8.0695486E+00   6.7694307E+01   6.7694307E+01   2.8857576E-06   1.2765876E-07   2.7721660E-04   6.7157207E+01   6.7694307E+01   0.0000000E+00   0.0000000E+00   0.0000000E+00   0.0000000E+00   0.0000000E+00
