#           k/h    CDM            baryon         photon         nu             mass_nu        total          no_nu          total_de       Weyl           v_CDM          v_b            v_b-v_c     
   1.0008987E-05   2.0100284E+07   2.0100284E+07   2.6787849E+07   1.6327730E+04   2.3911926E+07   2.0100301E+07   2.0100284E+07   0.0000000E+00   0.0000000E+00   0.0000000E+00   0.0000000E+00   0.0000000E+00
   1.1230268E-05   2.0100276E+07   2.0100276E+07   2.6784594E+07   1.6326457E+04   2.3911001E+07   2.0100293E+07   2.0100276E+07   0.0000000E+00   0.0000000E+00   0.0000000E+00   0.0000000E+00   0.0000000E+00
   1.2600568E-05   2.0100266E+07   2.0100266E+07   2.6780498E+07   1.6324854E+04   2.3909837E+07   2.0100282E+07   2.0100266E+07   0.0000000E+00   0.0000000E+00   0.0000000E+00   0.0000000E+00   0.0000000E+00
   1.4138070E-05   2.0100253E+07   2.0100253E+07   2.6775342E+07   1.6322837E+04   2.3908371E+07   2.0100269E+07   2.0100253E+07   0.0000000E+00   0.0000000E+00   0.0000000E+00   0.0000000E+00   0.0000000E+00
   1.5863175E-05   2.0100237E+07   2.0100237E+07   2.6768853E+07   1.6320297E+04   2.3906527E+07   2.0100253E+07   2.0100237E+07   0.0000000E+00   0.0000000E+00   0.0000000E+00   0.0000000E+00   0.0000000E+00
   1.7798775E-05   2.0100217E+07   2.0100217E+07   2.6760685E+07   1.6317101E+04   2.3904205E+07   2.0100232E+07   2.0100217E+07   0.0000000E+00   0.0000000E+00   0.0000000E+00   0.0000000E+00   0.0000000E+00
   1.9970554E-05   2.0100192E+07   2.0100192E+07   2.6750405E+07   1.6313078E+04   2.3901285E+07   2.0100205E+07   2.0100192E+07   0.0000000E+00   0.0000000E+00   0.0000000E+00   0.0000000E+00   0.0000000E+00
   2.2407330E-05   2.0100160E+07   2.0100160E+07   2.6737469E+07   1.6308014E+04   2.3897610E+07   2.0100172E+07   2.0100160E+07   0.0000000E+00   0.0000000E+00   0.0000000E+00   0.0000000E+00   0.0000000E+00
   2.5141438E-05   2.0100120E+07   2.0100120E+07   2.6721191E+07   1.6301643E+04   2.3892987E+07   2.0100130E+07   2.0100120E+07   0.0000000E+00   0.0000000E+00   0.0000000E+00   0.0000000E+00   0.0000000E+00
   2.8209158E-05   2.0100069E+07   2.0100069E+07   2.6700713E+07   1.6293625E+04   2.3887172E+07   2.0100077E+07   2.0100069E+07   0.0000000E+00   0.0000000E+00   0.0000000E+00   0.0000000E+00   0.0000000E+00
   3.1651195E-05   2.0100006E+07   2.0100006E+07   2.6674952E+07   1.6283538E+04   2.3879861E+07   2.0100011E+07   2.0100006E+07   0.0000000E+00   0.0000000E+00   0.0000000E+00   0.0000000E+00   0.0000000E+00
   3.5513225E-05   2.0099926E+07   2.0099926E+07   2.6642554E+07   1.6270849E+04   2.3870669E+07   2.0099928E+07   2.0099926E+07   0.0000000E+00   0.0000000E+00   0.0000000E+00   0.0000000E+00   0.0000000E+00
   3.9846494E-05   2.0099825E+07   2.0099825E+07   2.6601819E+07   1.6254890E+04   2.3859120E+07   2.0099823E+07   2.0099825E+07   0.0000000E+00   0.0000000E+00   0.0000000E+00   0.0000000E+00   0.0000000E+00
   4.4708502E-05   2.0099698E+07   2.0099698E+07   2.6550619E+07   1.6234823E+04   2.3844614E+07   2.0099690E+07   2.0099698E+07   0.0000000E+00   0.0000000E+00   0.0000000E+00   0.0000000E+00   0.0000000E+00
   5.0163764E-05   2.0099539E+07   2.0099539E+07   2.6486293E+07   1.6209600E+04   2.3826406E+07   2.0099524E+07   2.0099539E+07   0.0000000E+00   0.0000000E+00   0.0000000E+00   0.0000000E+00   0.0000000E+00
   5.6284669E-05   2.0099338E+07   2.0099338E+07   2.6405516E+07   1.6177908E+04   2.3803569E+07   2.0099315E+07   2.0099338E+07   0.0000000E+00   0.0000000E+00   0.0000000E+00   0.0000000E+00   0.0000000E+00
   6.3152438E-05   2.0099085E+07   2.0099085E+07   2.6304148E+07   1.6138109E+04   2.3774953E+07   2.0099051E+07   2.0099085E+07   0.0000000E+00   0.0000000E+00   0.0000000E+00   0.0000000E+00   0.0000000E+00
   7.0858200E-05   2.0098768E+07   2.0098768E+07   2.6177048E+07   1.6088159E+04   2.3739140E+07   2.0098720E+07   2.0098768E+07   0.0000000E+00   0.0000000E+00   0.0000000E+00   0.0000000E+00   0.0000000E+00
   7.9504209E-05   2.0098368E+07   2.0098368E+07   2.6017849E+07   1.6025522E+04   2.3694388E+07   2.0098303E+07   2.0098368E+07   0.0000000E+00   0.0000000E+00   0.0000000E+00   0.0000000E+00   0.0000000E+00
   8.9205189E-05   2.0097865E+07   2.0097865E+07   2.5818707E+07   1.5947053E+04   2.3638575E+07   2.0097779E+07   2.0097865E+07   0.0000000E+00   0.0000000E+00   0.0000000E+00   0.0000000E+00   0.0000000E+00
   1.0008987E-04   2.0097234E+07   2.0097234E+07   2.5570016E+07   1.5848878E+04   2.3569137E+07   2.0097120E+07   2.0097234E+07   0.0000000E+00   0.0000000E+00   0.0000000E+00   0.0000000E+00   0.0000000E+00
   1.1230268E-04   2.0096440E+07   2.0096440E+07   2.5260097E+07   1.5726243E+04   2.3483017E+07   2.0096292E+07   2.0096440E+07   0.0000000E+00   0.0000000E+00   0.0000000E+00   0.0000000E+00   0.0000000E+00
   1.2600568E-04   2.0095443E+07   2.0095443E+07   2.4874898E+07   1.5573366E+04   2.3376623E+07   2.0095253E+07   2.0095443E+07   0.0000000E+00   0.0000000E+00   0.0000000E+00   0.0000000E+00   0.0000000E+00
   1.4138070E-04   2.0094191E+07   2.0094191E+07   2.4397733E+07   1.5383275E+04   2.3245835E+07   2.0093947E+07   2.0094191E+07   0.0000000E+00   0.0000000E+00   0.0000000E+00   0.0000000E+00   0.0000000E+00
   1.5863175E-04   2.0092622E+07   2.0092622E+07   2.3809139E+07   1.5147672E+04   2.3086072E+07   2.0092310E+07   2.0092622E+07   0.0000000E+00   0.0000000E+00   0.0000000E+00   0.0000000E+00   0.0000000E+00
   1.7798775E-04   2.0090654E+07   2.0090654E+07   2.3086969E+07   1.4856844E+04   2.2892478E+07   2.0090258E+07   2.0090654E+07   0.0000000E+00   0.0000000E+00   0.0000000E+00   0.0000000E+00   0.0000000E+00
   1.9970554E-04   2.0088191E+07   2.0088191E+07   2.2206898E+07   1.4499686E+04   2.2660280E+07   2.0087689E+07   2.0088191E+07   0.0000000E+00   0.0000000E+00   0.0000000E+00   0.0000000E+00   0.0000000E+00
   2.2407330E-04   2.0085113E+07   2.0085113E+07   2.1143589E+07   1.4063903E+04   2.2385418E+07   2.0084478E+07   2.0085113E+07   0.0000000E+00   0.0000000E+00   0.0000000E+00   0.0000000E+00   0.0000000E+00
   2.5141438E-04   2.0081271E+07   2.0081271E+07   1.9872881E+07   1.3536527E+04   2.2065511E+07   2.0080469E+07   2.0081271E+07   0.0000000E+00   0.0000000E+00   0.0000000E+00   0.0000000E+00   0.0000000E+00
   2.8209158E-04   2.0076487E+07   2.0076487E+07   1.8375382E+07   1.2904891E+04   2.1701256E+07   2.0075477E+07   2.0076487E+07   0.0000000E+00   0.0000000E+00   0.0000000E+00   0.0000000E+00   0.0000000E+00
   3.1651195E-04   2.0070544E+07   2.0070544E+07   1.6641899E+07   1.2158257E+04   2.1298224E+07   2.0069275E+07   2.0070544E+07   0.0000000E+00   0.0000000E+00   0.0000000E+00   0.0000000E+00   0.0000000E+00
   3.5513225E-04   2.0063182E+07   2.0063182E+07   1.4680894E+07   1.1290278E+04   2.0868873E+07   2.0061592E+07   2.0063182E+07   0.0000000E+00   0.0000000E+00   0.0000000E+00   0.0000000E+00   0.0000000E+00
   3.9846494E-04   2.0054096E+07   2.0054096E+07   1.2527632E+07   1.0302377E+04   2.0434161E+07   2.0052106E+07   2.0054096E+07   0.0000000E+00   0.0000000E+00   0.0000000E+00   0.0000000E+00   0.0000000E+00
   4.4708502E-04   2.0042924E+07   2.0042924E+07   1.0253478E+07   9.2078875E+03   2.0023602E+07   2.0040443E+07   2.0042924E+07   0.0000000E+00   0.0000000E+00   0.0000000E+00   0.0000000E+00   0.0000000E+00
   5.0163764E-04   2.0029249E+07   2.0029249E+07   7.9718752E+06   8.0362414E+03   1.9671864E+07   2.0026163E+07   2.0029249E+07   0.0000000E+00   0.0000000E+00   0.0000000E+00   0.0000000E+00   0.0000000E+00
   5.6284669E-04   2.0012588E+07   2.0012588E+07   5.8349617E+06   6.8356809E+03   1.9409672E+07   2.0008765E+07   2.0012588E+07   0.0000000E+00   0.0000000E+00   0.0000000E+00   0.0000000E+00   0.0000000E+00
   6.3152438E-04   1.9992385E+07   1.9992385E+07   4.0129244E+06   5.6719091E+03   1.9247945E+07   1.9987669E+07   1.9992385E+07   0.0000000E+00   0.0000000E+00   0.0000000E+00   0.0000000E+00   0.0000000E+00
   7.0858200E-04   1.9967998E+07   1.9967998E+07   2.6500923E+06   4.6194893E+03   1.9158441E+07   1.9962213E+07   1.9967998E+07   0.0000000E+00   0.0000000E+00   0.0000000E+00   0.0000000E+00   0.0000000E+00
   7.9504209E-04   1.9938681E+07   1.9938681E+07   1.8025310E+06   3.7439490E+03   1.9062949E+07   1.9931627E+07   1.9938681E+07   0.0000000E+00   0.0000000E+00   0.0000000E+00   0.0000000E+00   0.0000000E+00
   8.9205189E-04   1.9903551E+07   1.9903551E+07   1.3847703E+06   3.0773309E+03   1.8852144E+07   1.9895018E+07   1.9903551E+07   0.0000000E+00   0.0000000E+00   0.0000000E+00   0.0000000E+00   0.0000000E+00
   1.0008987E-03   1.9861575E+07   1.9861575E+07   1.1790221E+06   2.5988408E+03   1.8449832E+07   1.9851342E+07   1.9861575E+07   0.0000000E+00   0.0000000E+00   0.0000000E+00   0.0000000E+00   0.0000000E+00
   1.1230268E-03   1.9811557E+07   1.9811557E+07   9.5263970E+05   2.2400594E+03   1.7895085E+07   1.9799413E+07   1.9811557E+07   0.0000000E+00   0.0000000E+00   0.0000000E+00   0.0000000E+00   0.0000000E+00
   1.2600568E-03   1.9752169E+07   1.9752169E+07   6.3788223E+05   1.9265779E+03   1.7342166E+07   1.9737925E+07   1.9752169E+07   0.0000000E+00   0.0000000E+00   0.0000000E+00   0.0000000E+00   0.0000000E+00
   1.4138070E-03   1.9682004E+07   1.9682004E+07   3.8128790E+05   1.6322012E+03   1.6889819E+07   1.9665507E+07   1.9682004E+07   0.0000000E+00   0.0000000E+00   0.0000000E+00   0.0000000E+00   0.0000000E+00
   1.5863175E-03   1.9599592E+07   1.9599592E+07   3.0655153E+05   1.3837944E+03   1.6405421E+07   1.9580737E+07   1.9599592E+07   0.0000000E+00   0.0000000E+00   0.0000000E+00   0.0000000E+00   0.0000000E+00
   1.7798775E-03   1.9503371E+07   1.9503371E+07   2.7593647E+05   1.1953076E+03   1.5737976E+07   1.9482100E+07   1.9503371E+07   0.0000000E+00   0.0000000E+00   0.0000000E+00   0.0000000E+00   0.0000000E+00
   1.9970554E-03   1.9391672E+07   1.9391672E+07   1.5665079E+05   1.0335370E+03   1.5078668E+07   1.9367957E+07   1.9391672E+07   0.0000000E+00   0.0000000E+00   0.0000000E+00   0.0000000E+00   0.0000000E+00
   2.2407330E-03   1.9262766E+07   1.9262766E+07   1.0166782E+05   8.8641177E+02   1.4521991E+07   1.9236582E+07   1.9262766E+07   0.0000000E+00   0.0000000E+00   0.0000000E+00   0.0000000E+00   0.0000000E+00
   2.5141438E-03   1.9114867E+07   1.9114867E+07   9.4480868E+04   7.6971923E+02   1.3808154E+07   1.9086172E+07   1.9114867E+07   0.0000000E+00   0.0000000E+00   0.0000000E+00   0.0000000E+00   0.0000000E+00
   2.8209158E-03   1.8946080E+07   1.8946080E+07   4.9680309E+04   6.6602630E+02   1.3120243E+07   1.8914818E+07   1.8946080E+07   0.0000000E+00   0.0000000E+00   0.0000000E+00   0.0000000E+00   0.0000000E+00
   3.1651195E-03   1.8754433E+07   1.8754433E+07   4.6426407E+04   5.7657881E+02   1.2360282E+07   1.8720551E+07   1.8754433E+07   0.0000000E+00   0.0000000E+00   0.0000000E+00   0.0000000E+00   0.0000000E+00
   3.5513225E-03   1.8537862E+07   1.8537862E+07   2.4139947E+04   4.9654598E+02   1.1615953E+07   1.8501335E+07   1.8537862E+07   0.0000000E+00   0.0000000E+00   0.0000000E+00   0.0000000E+00   0.0000000E+00
   3.9846494E-03   1.8294246E+07   1.8294246E+07   1.8702734E+04   4.2762991E+02   1.0782818E+07   1.8255086E+07   1.8294246E+07   0.0000000E+00   0.0000000E+00   0.0000000E+00   0.0000000E+00   0.0000000E+00
   4.4708502E-03   1.8021461E+07   1.8021461E+07   1.6044220E+04   3.6544278E+02   9.9843560E+06   1.7979759E+07   1.8021461E+07   0.0000000E+00   0.0000000E+00   0.0000000E+00   0.0000000E+00   0.0000000E+00
   5.0163764E-03   1.7717473E+07   1.7717473E+07   1.0647101E+04   3.1072358E+02   9.1838619E+06   1.7673409E+07   1.7717473E+07   0.0000000E+00   0.0000000E+00   0.0000000E+00   0.0000000E+00   0.0000000E+00
   5.6284669E-03   1.7380286E+07   1.7380286E+07   6.2287386E+03   2.6321499E+02   8.3794173E+06   1.7334032E+07   1.7380286E+07   0.0000000E+00   0.0000000E+00   0.0000000E+00   0.0000000E+00   0.0000000E+00
   6.3152438E-03   1.7007858E+07   1.7007858E+07   4.3263241E+03   2.2141889E+02   7.5731325E+06   1.6959612E+07   1.7007858E+07   0.0000000E+00   0.0000000E+00   0.0000000E+00   0.0000000E+00   0.0000000E+00
   7.0858200E-03   1.6598198E+07   1.6598198E+07   3.8089824E+03   1.8497018E+02   6.7929469E+06   1.6548280E+07   1.6598198E+07   0.0000000E+00   0.0000000E+00   0.0000000E+00   0.0000000E+00   0.0000000E+00
   7.9504209E-03   1.6149421E+07   1.6149421E+07   2.0075995E+03   1.5349699E+02   6.0368112E+06   1.6098148E+07   1.6149421E+07   0.0000000E+00   0.0000000E+00   0.0000000E+00   0.0000000E+00   0.0000000E+00
   8.9205189E-03   1.5659628E+07   1.5659628E+07   9.8575314E+02   1.2627995E+02   5.3310331E+06   1.5607373E+07   1.5659628E+07   0.0000000E+00   0.0000000E+00   0.0000000E+00   0.0000000E+00   0.0000000E+00
   1.0008987E-02   1.5126992E+07   1.5126992E+07   6.6131921E+02   1.0312398E+02   4.6495186E+06   1.5074162E+07   1.5126992E+07   0.0000000E+00   0.0000000E+00   0.0000000E+00   0.0000000E+00   0.0000000E+00
   1.1230268E-02   1.4549753E+07   1.4549753E+07   7.4050153E+02   8.3433175E+01   4.0218722E+06   1.4496787E+07   1.4549753E+07   0.0000000E+00   0.0000000E+00   0.0000000E+00   0.0000000E+00   0.0000000E+00
   1.2600568E-02   1.3926345E+07   1.3926345E+07   4.1721238E+02   6.6905090E+01   3.4414787E+06   1.3873702E+07   1.3926345E+07   0.0000000E+00   0.0000000E+00   0.0000000E+00   0.0000000E+00   0.0000000E+00
   1.4138070E-02   1.3255556E+07   1.3255556E+07   1.4829582E+01   5.3121635E+01   2.9145053E+06   1.3203719E+07   1.3255556E+07   0.0000000E+00   0.0000000E+00   0.0000000E+00   0.0000000E+00   0.0000000E+00
   1.5863175E-02   1.2536885E+07   1.2536885E+07   2.3630944E+02   4.1737894E+01   2.4381455E+06   1.2486340E+07   1.2536885E+07   0.0000000E+00   0.0000000E+00   0.0000000E+00   0.0000000E+00   0.0000000E+00
   1.7798775E-02   1.1771088E+07   1.1771088E+07   1.3716214E+02   3.2427528E+01   2.0146835E+06   1.1722317E+07   1.1771088E+07   0.0000000E+00   0.0000000E+00   0.0000000E+00   0.0000000E+00   0.0000000E+00
   1.9970554E-02   1.0961018E+07   1.0961018E+07   7.1017750E+01   2.4894633E+01   1.6400033E+06   1.0914486E+07   1.0961018E+07   0.0000000E+00   0.0000000E+00   0.0000000E+00   0.0000000E+00   0.0000000E+00
   2.2407315E-02   1.0112768E+07   1.0112768E+07   2.1783413E+01   1.8867297E+01   1.3185696E+06   1.0068902E+07   1.0112768E+07   0.0000000E+00   0.0000000E+00   0.0000000E+00   0.0000000E+00   0.0000000E+00
   2.5141205E-02   9.2371164E+06   9.2371164E+06   2.3896388E+01   1.4109613E+01   1.0429490E+06   9.1962813E+06   9.2371164E+06   0.0000000E+00   0.0000000E+00   0.0000000E+00   0.0000000E+00   0.0000000E+00
   2.8206671E-02   8.3513000E+06   8.3513000E+06   -2.1756954E+01   1.0413750E+01   8.1214920E+05   8.3137609E+06   8.3513000E+06   0.0000000E+00   0.0000000E+00   0.0000000E+00   0.0000000E+00   0.0000000E+00
   3.1632356E-02   7.4815943E+06   7.4815943E+06   -1.6805969E+01   7.5984574E+00   6.2472580E+05   7.4474731E+06   7.4815943E+06   0.0000000E+00   0.0000000E+00   0.0000000E+00   0.0000000E+00   0.0000000E+00
   3.5408984E-02   6.6670045E+06   6.6670045E+06   -1.8820884E+00   5.5181747E+00   4.7630714E+05   6.6362179E+06   6.6670045E+06   0.0000000E+00   0.0000000E+00   0.0000000E+00   0.0000000E+00   0.0000000E+00
   3.9421514E-02   5.9580067E+06   5.9580067E+06   -1.9327978E+00   4.0487086E+00   3.6578087E+05   5.9302089E+06   5.9580067E+06   0.0000000E+00   0.0000000E+00   0.0000000E+00   0.0000000E+00   0.0000000E+00
   4.3428156E-02   5.3941149E+06   5.3941149E+06   -1.2085672E+00   3.0622135E+00   2.8793720E+05   5.3687420E+06   5.3941149E+06   0.0000000E+00   0.0000000E+00   0.0000000E+00   0.0000000E+00   0.0000000E+00
   4.7213673E-02   4.9729132E+06   4.9729132E+06   2.6666652E-01   2.4134871E+00   2.3503371E+05   4.9493750E+06   4.9729132E+06   0.0000000E+00   0.0000000E+00   0.0000000E+00   0.0000000E+00   0.0000000E+00
   5.0722354E-02   4.6595155E+06   4.6595155E+06   6.0640094E-01   1.9750254E+00   1.9760072E+05   4.6373541E+06   4.6595155E+06   0.0000000E+00   0.0000000E+00   0.0000000E+00   0.0000000E+00   0.0000000E+00
   5.3999025E-02   4.4171433E+06   4.4171433E+06   6.2406032E-01   1.6623203E+00   1.7043039E+05   4.3960539E+06   4.4171433E+06   0.0000000E+00   0.0000000E+00   0.0000000E+00   0.0000000E+00   0.0000000E+00
   5.7107570E-02   4.2189798E+06   4.2189798E+06   -3.2835012E+00   1.4269536E+00   1.4947155E+05   4.1987727E+06   4.2189798E+06   0.0000000E+00   0.0000000E+00   0.0000000E+00   0.0000000E+00   0.0000000E+00
   6.0102276E-02   4.0472089E+06   4.0472089E+06   -5.9546656E-01   1.2413243E+00   1.3232653E+05   4.0277726E+06   4.0472089E+06   0.0000000E+00   0.0000000E+00   0.0000000E+00   0.0000000E+00   0.0000000E+00
   6.3024514E-02   3.8901087E+06   3.8901087E+06   -3.4339473E+00   1.0893235E+00   1.1817062E+05   3.8713835E+06   3.8901087E+06   0.0000000E+00   0.0000000E+00   0.0000000E+00   0.0000000E+00   0.0000000E+00
   6.5905355E-02   3.7399725E+06   3.7399725E+06   -6.9842980E-01   9.6112111E-01   1.0596325E+05   3.7219333E+06   3.7399725E+06   0.0000000E+00   0.0000000E+00   0.0000000E+00   0.0000000E+00   0.0000000E+00
   6.8768494E-02   3.5918740E+06   3.5918740E+06   -6.7640679E-02   8.5062547E-01   9.5001762E+04   3.5745175E+06   3.5918740E+06   0.0000000E+00   0.0000000E+00   0.0000000E+00   0.0000000E+00   0.0000000E+00
   7.1632470E-02   3.4429502E+06   3.4429502E+06   -2.3292706E+00   7.5380334E-01   8.5308589E+04   3.4262859E+06   3.4429502E+06   0.0000000E+00   0.0000000E+00   0.0000000E+00   0.0000000E+00   0.0000000E+00
   7.4512204E-02   3.2919653E+06   3.2919653E+06   -1.7512304E+00   6.6808913E-01   7.6694312E+04   3.2760080E+06   3.2919653E+06   0.0000000E+00   0.0000000E+00   0.0000000E+00   0.0000000E+00   0.0000000E+00
   7.7420057E-02   3.1390107E+06   3.1390107E+06   1.9556991E-01   5.9178682E-01   6.8672357E+04   3.1237740E+06   3.1390107E+06   0.0000000E+00   0.0000000E+00   0.0000000E+00   0.0000000E+00   0.0000000E+00
   8.0366549E-02   2.9852581E+06   2.9852581E+06   -1.7701088E+00   5.2372303E-01   6.1432970E+04   2.9707494E+06   2.9852581E+06   0.0000000E+00   0.0000000E+00   0.0000000E+00   0.0000000E+00   0.0000000E+00
   8.3360865E-02   2.8327166E+06   2.8327166E+06   -1.9350556E-01   4.6311968E-01   5.4987577E+04   2.8189332E+06   2.8327166E+06   0.0000000E+00   0.0000000E+00   0.0000000E+00   0.0000000E+00   0.0000000E+00
   8.6411209E-02   2.6839672E+06   2.6839672E+06   -1.3934572E+00   4.0939041E-01   4.9062768E+04   2.6708934E+06   2.6839672E+06   0.0000000E+00   0.0000000E+00   0.0000000E+00   0.0000000E+00   0.0000000E+00
   8.9525064E-02   2.5418637E+06   2.5418637E+06   -1.5558378E-01   3.6206627E-01   4.3823295E+04   2.5294696E+06   2.5418637E+06   0.0000000E+00   0.0000000E+00   0.0000000E+00   0.0000000E+00   0.0000000E+00
   9.2709380E-02   2.4092019E+06   2.4092019E+06   -2.5261081E-01   3.2068995E-01   3.9254484E+04   2.3974435E+06   2.4092019E+06   0.0000000E+00   0.0000000E+00   0.0000000E+00   0.0000000E+00   0.0000000E+00
   9.5970712E-02   2.2883743E+06   2.2883743E+06   -5.5667857E-01   2.8480913E-01   3.5210522E+04   2.2771957E+06   2.2883743E+06   0.0000000E+00   0.0000000E+00   0.0000000E+00   0.0000000E+00   0.0000000E+00
   9.9315324E-02   2.1810366E+06   2.1810366E+06   -5.0544470E-01   2.5390714E-01   3.1695498E+04   2.1703734E+06   2.1810366E+06   0.0000000E+00   0.0000000E+00   0.0000000E+00   0.0000000E+00   0.0000000E+00
   1.0274927E-01   2.0878244E+06   2.0878244E+06   -1.6944021E-01   2.2740642E-01   2.8654857E+04   2.0776090E+06   2.0878244E+06   0.0000000E+00   0.0000000E+00   0.0000000E+00   0.0000000E+00   0.0000000E+00
   1.0627846E-01   2.0081651E+06   2.0081651E+06   -1.7183395E-01   2.0469165E-01   2.5993591E+04   1.9983322E+06   2.0081651E+06   0.0000000E+00   0.0000000E+00   0.0000000E+00   0.0000000E+00   0.0000000E+00
   1.0990869E-01   1.9402276E+06   1.9402276E+06   -6.4495441E-01   1.8510292E-01   2.3762844E+04   1.9307208E+06   1.9402276E+06   0.0000000E+00   0.0000000E+00   0.0000000E+00   0.0000000E+00   0.0000000E+00
   1.1364570E-01   1.8810481E+06   1.8810481E+06   -1.7222836E-01   1.6799278E-01   2.1740021E+04   1.8718252E+06   1.8810481E+06   0.0000000E+00   0.0000000E+00   0.0000000E+00   0.0000000E+00   0.0000000E+00
   1.1749519E-01   1.8268478E+06   1.8268478E+06   -1.1429298E-01   1.5275581E-01   1.9981973E+04   1.8178851E+06   1.8268478E+06   0.0000000E+00   0.0000000E+00   0.0000000E+00   0.0000000E+00   0.0000000E+00
   1.2146282E-01   1.7735292E+06   1.7735292E+06   -1.6999427E-01   1.3887675E-01   1.8335813E+04   1.7648230E+06   1.7735292E+06   0.0000000E+00   0.0000000E+00   0.0000000E+00   0.0000000E+00   0.0000000E+00
   1.2555429E-01   1.7173014E+06   1.7173014E+06   -8.8072538E-02   1.2596057E-01   1.6765766E+04   1.7088666E+06   1.7173014E+06   0.0000000E+00   0.0000000E+00   0.0000000E+00   0.0000000E+00   0.0000000E+00
   1.2977527E-01   1.6553411E+06   1.6553411E+06   -2.6148178E-01   1.1375816E-01   1.5250891E+04   1.6472064E+06   1.6553411E+06   0.0000000E+00   0.0000000E+00   0.0000000E+00   0.0000000E+00   0.0000000E+00
   1.3413146E-01   1.5863623E+06   1.5863623E+06   -1.7544197E-01   1.0216510E-01   1.3837314E+04   1.5785627E+06   1.5863623E+06   0.0000000E+00   0.0000000E+00   0.0000000E+00   0.0000000E+00   0.0000000E+00
   1.3862862E-01   1.5109553E+06   1.5109553E+06   -3.0904766E-01   9.1210563E-02   1.2438749E+04   1.5035230E+06   1.5109553E+06   0.0000000E+00   0.0000000E+00   0.0000000E+00   0.0000000E+00   0.0000000E+00
   1.4327250E-01   1.4315686E+06   1.4315686E+06   -2.6800891E-01   8.1013693E-02   1.1128493E+04   1.4245237E+06   1.4315686E+06   0.0000000E+00   0.0000000E+00   0.0000000E+00   0.0000000E+00   0.0000000E+00
   1.4806891E-01   1.3520649E+06   1.3520649E+06   -2.1925302E-01   7.1732311E-02   9.9390313E+03   1.3454085E+06   1.3520649E+06   0.0000000E+00   0.0000000E+00   0.0000000E+00   0.0000000E+00   0.0000000E+00
   1.5302373E-01   1.2768812E+06   1.2768812E+06   -5.8239633E-02   6.3504436E-02   8.8572197E+03   1.2705924E+06   1.2768812E+06   0.0000000E+00   0.0000000E+00   0.0000000E+00   0.0000000E+00   0.0000000E+00
   1.5814285E-01   1.2099372E+06   1.2099372E+06   -1.4566306E-01   5.6398971E-02   7.9352895E+03   1.2039759E+06   1.2099372E+06   0.0000000E+00   0.0000000E+00   0.0000000E+00   0.0000000E+00   0.0000000E+00
   1.6343228E-01   1.1535561E+06   1.1535561E+06   -1.5412750E-01   5.0382881E-02   7.1415075E+03   1.1478706E+06   1.1535561E+06   0.0000000E+00   0.0000000E+00   0.0000000E+00   0.0000000E+00   0.0000000E+00
   1.6889805E-01   1.1077192E+06   1.1077192E+06   -9.0986464E-02   4.5320713E-02   6.4777991E+03   1.1022578E+06   1.1077192E+06   0.0000000E+00   0.0000000E+00   0.0000000E+00   0.0000000E+00   0.0000000E+00
   1.7454634E-01   1.0699509E+06   1.0699509E+06   -7.7826079E-02   4.0999103E-02   5.8952969E+03   1.0646740E+06   1.0699509E+06   0.0000000E+00   0.0000000E+00   0.0000000E+00   0.0000000E+00   0.0000000E+00
   1.8038339E-01   1.0359780E+06   1.0359780E+06   -4.7886946E-02   3.7177208E-02   5.3963645E+03   1.0308672E+06   1.0359780E+06   0.0000000E+00   0.0000000E+00   0.0000000E+00   0.0000000E+00   0.0000000E+00
   1.8641561E-01   1.0010617E+06   1.0010617E+06   -4.3760508E-02   3.3646728E-02   4.9216333E+03   9.9612173E+05   1.0010617E+06   0.0000000E+00   0.0000000E+00   0.0000000E+00   0.0000000E+00   0.0000000E+00
   1.9264954E-01   9.6161484E+05   9.6161484E+05   -7.1994947E-02   3.0277609E-02   4.4572994E+03   9.5686827E+05   9.6161484E+05   0.0000000E+00   0.0000000E+00   0.0000000E+00   0.0000000E+00   0.0000000E+00
   1.9909195E-01   9.1651950E+05   9.1651950E+05   -3.9720047E-02   2.7038946E-02   4.0151929E+03   9.1199438E+05   9.1651950E+05   0.0000000E+00   0.0000000E+00   0.0000000E+00   0.0000000E+00   0.0000000E+00
   2.0574981E-01   8.6756202E+05   8.6756202E+05   -3.9225053E-02   2.3985087E-02   3.5879649E+03   8.6327761E+05   8.6756202E+05   0.0000000E+00   0.0000000E+00   0.0000000E+00   0.0000000E+00   0.0000000E+00
   2.1263038E-01   8.1868121E+05   8.1868121E+05   -3.8791056E-02   2.1210615E-02   3.1913510E+03   8.1463728E+05   8.1868121E+05   0.0000000E+00   0.0000000E+00   0.0000000E+00   0.0000000E+00   0.0000000E+00
   2.1974128E-01   7.7422272E+05   7.7422272E+05   -3.8662028E-02   1.8794573E-02   2.8526037E+03   7.7039759E+05   7.7422272E+05   0.0000000E+00   0.0000000E+00   0.0000000E+00   0.0000000E+00   0.0000000E+00
   2.2709049E-01   7.3691827E+05   7.3691827E+05   -3.4992460E-02   1.6757117E-02   2.5624881E+03   7.3327673E+05   7.3691827E+05   0.0000000E+00   0.0000000E+00   0.0000000E+00   0.0000000E+00   0.0000000E+00
   2.3468649E-01   7.0657537E+05   7.0657537E+05   -2.8625176E-02   1.5046564E-02   2.3155210E+03   7.0308311E+05   7.0657537E+05   0.0000000E+00   0.0000000E+00   0.0000000E+00   0.0000000E+00   0.0000000E+00
   2.4253831E-01   6.8023951E+05   6.8023951E+05   -2.4316750E-02   1.3564007E-02   2.1056758E+03   6.7687681E+05   6.8023951E+05   0.0000000E+00   0.0000000E+00   0.0000000E+00   0.0000000E+00   0.0000000E+00
   2.5065564E-01   6.5386777E+05   6.5386777E+05   -2.1518753E-02   1.2209157E-02   1.9093250E+03   6.5063489E+05   6.5386777E+05   0.0000000E+00   0.0000000E+00   0.0000000E+00   0.0000000E+00   0.0000000E+00
   2.5904894E-01   6.2465171E+05   6.2465171E+05   -2.9485305E-02   1.0923924E-02   1.7222082E+03   6.2156280E+05   6.2465171E+05   0.0000000E+00   0.0000000E+00   0.0000000E+00   0.0000000E+00   0.0000000E+00
   2.6772956E-01   5.9260131E+05   5.9260131E+05   -2.6178887E-02   9.7072657E-03   1.5422312E+03   5.8967046E+05   5.9260131E+05   0.0000000E+00   0.0000000E+00   0.0000000E+00   0.0000000E+00   0.0000000E+00
   2.7670992E-01   5.6031678E+05   5.6031678E+05   -1.6153382E-02   8.5970599E-03   1.3756011E+03   5.5754520E+05   5.6031678E+05   0.0000000E+00   0.0000000E+00   0.0000000E+00   0.0000000E+00   0.0000000E+00
   2.8600366E-01   5.3101453E+05   5.3101453E+05   -1.5162500E-02   7.6297283E-03   1.2310096E+03   5.2838755E+05   5.3101453E+05   0.0000000E+00   0.0000000E+00   0.0000000E+00   0.0000000E+00   0.0000000E+00
   2.9562587E-01   5.0616148E+05   5.0616148E+05   -1.6457704E-02   6.8083413E-03   1.1064427E+03   5.0365713E+05   5.0616148E+05   0.0000000E+00   0.0000000E+00   0.0000000E+00   0.0000000E+00   0.0000000E+00
   3.0559328E-01   4.8450588E+05   4.8450588E+05   -1.3746934E-02   6.0993227E-03   9.9957023E+02   4.8210840E+05   4.8450588E+05   0.0000000E+00   0.0000000E+00   0.0000000E+00   0.0000000E+00   0.0000000E+00
   3.1592464E-01   4.6331259E+05   4.6331259E+05   -1.3426416E-02   5.4579391E-03   9.0296471E+02   4.6101973E+05   4.6331259E+05   0.0000000E+00   0.0000000E+00   0.0000000E+00   0.0000000E+00   0.0000000E+00
   3.2664097E-01   4.4078133E+05   4.4078133E+05   -1.1717568E-02   4.8587748E-03   8.0987487E+02   4.3859973E+05   4.4078133E+05   0.0000000E+00   0.0000000E+00   0.0000000E+00   0.0000000E+00   0.0000000E+00
   3.3776603E-01   4.1748379E+05   4.1748379E+05   -1.0586531E-02   4.3053016E-03   7.2353337E+02   4.1541730E+05   4.1748379E+05   0.0000000E+00   0.0000000E+00   0.0000000E+00   0.0000000E+00   0.0000000E+00
   3.4932682E-01   3.9546460E+05   3.9546460E+05   -9.4104801E-03   3.8140522E-03   6.4717066E+02   3.9350691E+05   3.9546460E+05   0.0000000E+00   0.0000000E+00   0.0000000E+00   0.0000000E+00   0.0000000E+00
   3.6135416E-01   3.7594732E+05   3.7594732E+05   -8.3551887E-03   3.3888492E-03   5.8080445E+02   3.7408608E+05   3.7594732E+05   0.0000000E+00   0.0000000E+00   0.0000000E+00   0.0000000E+00   0.0000000E+00
   3.7388354E-01   3.5812253E+05   3.5812253E+05   -7.4336706E-03   3.0157099E-03   5.2144773E+02   3.5634939E+05   3.5812253E+05   0.0000000E+00   0.0000000E+00   0.0000000E+00   0.0000000E+00   0.0000000E+00
   3.8695599E-01   3.4034664E+05   3.4034664E+05   -6.0277031E-03   2.6761497E-03   4.6781524E+02   3.3866139E+05   3.4034664E+05   0.0000000E+00   0.0000000E+00   0.0000000E+00   0.0000000E+00   0.0000000E+00
   4.0061938E-01   3.2220095E+05   3.2220095E+05   -5.8051083E-03   2.3641069E-03   4.1736179E+02   3.2060542E+05   3.2220095E+05   0.0000000E+00   0.0000000E+00   0.0000000E+00   0.0000000E+00   0.0000000E+00
   4.1492998E-01   3.0473260E+05   3.0473260E+05   -4.9135792E-03   2.0848803E-03   3.7210902E+02   3.0322346E+05   3.0473260E+05   0.0000000E+00   0.0000000E+00   0.0000000E+00   0.0000000E+00   0.0000000E+00
   4.2995447E-01   2.8867438E+05   2.8867438E+05   -4.4223632E-03   1.8395820E-03   3.3198023E+02   2.8724468E+05   2.8867438E+05   0.0000000E+00   0.0000000E+00   0.0000000E+00   0.0000000E+00   0.0000000E+00
   4.4577267E-01   2.7339345E+05   2.7339345E+05   -3.7877193E-03   1.6209656E-03   2.9607023E+02   2.7203934E+05   2.7339345E+05   0.0000000E+00   0.0000000E+00   0.0000000E+00   0.0000000E+00   0.0000000E+00
   4.6248115E-01   2.5813203E+05   2.5813203E+05   -3.3425991E-03   1.4220869E-03   2.6304893E+02   2.5685343E+05   2.5813203E+05   0.0000000E+00   0.0000000E+00   0.0000000E+00   0.0000000E+00   0.0000000E+00
   4.8019806E-01   2.4322112E+05   2.4322112E+05   -3.0348435E-03   1.2431158E-03   2.3296320E+02   2.4201631E+05   2.4322112E+05   0.0000000E+00   0.0000000E+00   0.0000000E+00   0.0000000E+00   0.0000000E+00
   4.9906995E-01   2.2910511E+05   2.2910511E+05   -2.6194113E-03   1.0842118E-03   2.0610209E+02   2.2797016E+05   2.2910511E+05   0.0000000E+00   0.0000000E+00   0.0000000E+00   0.0000000E+00   0.0000000E+00
   5.1928120E-01   2.1537562E+05   2.1537562E+05   -2.2525911E-03   9.4153187E-04   1.8176012E+02   2.1430862E+05   2.1537562E+05   0.0000000E+00   0.0000000E+00   0.0000000E+00   0.0000000E+00   0.0000000E+00
   5.4106756E-01   2.0179287E+05   2.0179287E+05   -1.9793501E-03   8.1266658E-04   1.5938765E+02   2.0079312E+05   2.0179287E+05   0.0000000E+00   0.0000000E+00   0.0000000E+00   0.0000000E+00   0.0000000E+00
   5.6473599E-01   1.8862157E+05   1.8862157E+05   -1.6828580E-03   6.9735393E-04   1.3933371E+02   1.8768702E+05   1.8862157E+05   0.0000000E+00   0.0000000E+00   0.0000000E+00   0.0000000E+00   0.0000000E+00
   5.9069410E-01   1.7567727E+05   1.7567727E+05   -1.4401638E-03   5.9374637E-04   1.2099599E+02   1.7480681E+05   1.7567727E+05   0.0000000E+00   0.0000000E+00   0.0000000E+00   0.0000000E+00   0.0000000E+00
   6.1949480E-01   1.6283642E+05   1.6283642E+05   -1.2161965E-03   5.0042256E-04   1.0430957E+02   1.6202955E+05   1.6283642E+05   0.0000000E+00   0.0000000E+00   0.0000000E+00   0.0000000E+00   0.0000000E+00
   6.5190505E-01   1.5011583E+05   1.5011583E+05   -1.0187228E-03   4.1664773E-04   8.9086613E+01   1.4937196E+05   1.5011583E+05   0.0000000E+00   0.0000000E+00   0.0000000E+00   0.0000000E+00   0.0000000E+00
   6.8901137E-01   1.3735439E+05   1.3735439E+05   -8.3462106E-04   3.4130838E-04   7.5164168E+01   1.3667372E+05   1.3735439E+05   0.0000000E+00   0.0000000E+00   0.0000000E+00   0.0000000E+00   0.0000000E+00
   7.3237744E-01   1.2449626E+05   1.2449626E+05   -6.7182899E-04   2.7383894E-04   6.2423651E+01   1.2387929E+05   1.2449626E+05   0.0000000E+00   0.0000000E+00   0.0000000E+00   0.0000000E+00   0.0000000E+00
   7.8425413E-01   1.1144603E+05   1.1144603E+05   -5.2192844E-04   2.1379909E-04   5.0834209E+01   1.1089371E+05   1.1144603E+05   0.0000000E+00   0.0000000E+00   0.0000000E+00   0.0000000E+00   0.0000000E+00
   8.4776250E-01   9.8187887E+04   9.8187887E+04   -3.9634382E-04   1.6121840E-04   4.0401751E+01   9.7701251E+04   9.8187887E+04   0.0000000E+00   0.0000000E+00   0.0000000E+00   0.0000000E+00   0.0000000E+00
   9.2672825E-01   8.4877274E+04   8.4877274E+04   -2.8806467E-04   1.1663893E-04   3.1211831E+01   8.4456589E+04   8.4877274E+04   0.0000000E+00   0.0000000E+00   0.0000000E+00   0.0000000E+00   0.0000000E+00
   1.0245630E+00   7.1957179E+04   7.1957179E+04   -2.0059931E-04   8.0909724E-05   2.3511340E+01   7.1600517E+04   7.1957179E+04   0.0000000E+00   0.0000000E+00   0.0000000E+00   0.0000000E+00   0.0000000E+00
   1.1424657E+00   6.0080984E+04   6.0080984E+04   -1.3883487E-04   5.4338939E-05   1.7444780E+01   5.9783178E+04   6.0080984E+04   0.0000000E+00   0.0000000E+00   0.0000000E+00   0.0000000E+00   0.0000000E+00
   1.2795105E+00   4.9744723E+04   4.9744723E+04   -8.9156369E-05   3.5873117E-05   1.2924071E+01   4.9498143E+04   4.9744723E+04   0.0000000E+00   0.0000000E+00   0.0000000E+00   0.0000000E+00   0.0000000E+00
   1.4350820E+00   4.1037978E+04   4.1037978E+04   -5.8664912E-05   2.3528159E-05   9.6466645E+00   4.0834552E+04   4.1037978E+04   0.0000000E+00   0.0000000E+00   0.0000000E+00   0.0000000E+00   0.0000000E+00
   1.6100968E+00   3.3798331E+04   3.3798331E+04   -3.8413222E-05   1.5395701E-05   7.2743726E+00   3.3630789E+04   3.3798331E+04   0.0000000E+00   0.0000000E+00   0.0000000E+00   0.0000000E+00   0.0000000E+00
   1.8065477E+00   2.7803473E+04   2.7803473E+04   -2.5174413E-05   1.0061585E-05   5.5412452E+00   2.7665646E+04   2.7803473E+04   0.0000000E+00   0.0000000E+00   0.0000000E+00   0.0000000E+00   0.0000000E+00
   2.0269790E+00   2.2848218E+04   2.2848218E+04   -1.6459353E-05   6.5687229E-06   4.2655612E+00   2.2734954E+04   2.2848218E+04   0.0000000E+00   0.0000000E+00   0.0000000E+00   0.0000000E+00   0.0000000E+00
   2.2743078E+00   1.8757748E+04   1.8757748E+04   -1.0727973E-05   4.2843191E-06   3.3118181E+00   1.8664760E+04   1.8757748E+04   0.0000000E+00   0.0000000E+00   0.0000000E+00   0.0000000E+00   0.0000000E+00
   2.5518153E+00   1.5385265E+04   1.5385265E+04   -6.9931494E-06   2.7918659E-06   2.5920671E+00   1.5308995E+04   1.5385265E+04   0.0000000E+00   0.0000000E+00   0.0000000E+00   0.0000000E+00   0.0000000E+00
   2.8631839E+00   1.2607948E+04   1.2607948E+04   -4.5595865E-06   1.8177734E-06   2.0435159E+00   1.2545446E+04   1.2607948E+04   0.0000000E+00   0.0000000E+00   0.0000000E+00   0.0000000E+00   0.0000000E+00
   3.2125452E+00   1.0323253E+04   1.0323253E+04   -2.9654808E-06   1.1826114E-06   1.6202427E+00   1.0272076E+04   1.0323253E+04   0.0000000E+00   0.0000000E+00   0.0000000E+00   0.0000000E+00   0.0000000E+00
   3.6045350E+00   8.4457533E+03   8.4457533E+03   -1.9271631E-06   7.6881979E-07   1.2914837E+00   8.4038843E+03   8.4457533E+03   0.0000000E+00   0.0000000E+00   0.0000000E+00   0.0000000E+00   0.0000000E+00
   4.0443548E+00   6.9043952E+03   6.9043952E+03   -1.2517180E-06   4.9947402E-07   1.0334498E+00   6.8701672E+03   6.9043952E+03   0.0000000E+00   0.0000000E+00   0.0000000E+00   0.0000000E+00   0.0000000E+00
   4.5378407E+00   5.6401827E+03   5.6401827E+03   -8.0615434E-07   3.2429050E-07   8.2960585E-01   5.6122218E+03   5.6401827E+03   0.0000000E+00   0.0000000E+00   0.0000000E+00   0.0000000E+00   0.0000000E+00
   5.0915410E+00   4.6042074E+03   4.6042074E+03   -5.2690365E-07   2.1043217E-07   6.6773522E-01   4.5813823E+03   4.6042074E+03   0.0000000E+00   0.0000000E+00   0.0000000E+00   0.0000000E+00   0.0000000E+00
   5.7128029E+00   3.7559849E+03   3.7559849E+03   -3.4337539E-07   1.3648228E-07   5.3874018E-01   3.7373648E+03   3.7559849E+03   0.0000000E+00   0.0000000E+00   0.0000000E+00   0.0000000E+00   0.0000000E+00
   6.4098703E+00   3.0620505E+03   3.0620505E+03   -2.2102700E-07   8.8483693E-08   4.3523866E-01   3.0468705E+03   3.0620505E+03   0.0000000E+00   0.0000000E+00   0.0000000E+00   0.0000000E+00   0.0000000E+00
   7.1919928E+00   2.4947778E+03   2.4947778E+03   -1.4297502E-07   5.7346672E-08   3.5203843E-01   2.4824100E+03   2.4947778E+03   0.0000000E+00   0.0000000E+00   0.0000000E+00   0.0000000E+00   0.0000000E+00
   8.0695486E+00   2.0313894E+03   2.0313894E+03   -9.2878423E-08   3.7158293E-08   2.8504783E-01   2.0213188E+03   2.0313894E+03   0.0000000E+00   0.0000000E+00   0.0000000E+00   0.0000000E+00   0.0000000E+00
