#           k/h    CDM            baryon         photon         nu             mass_nu        total          no_nu          total_de       Weyl           v_CDM          v_b            v_b-v_c     
   1.0008987E-05   9.0493890E+05   9.0493890E+05   1.2065648E+06   1.7171651E+04   4.4407251E+02   9.0582944E+05   9.0493890E+05   0.0000000E+00   0.0000000E+00   0.0000000E+00   0.0000000E+00   0.0000000E+00
   1.1230268E-05   9.0493873E+05   9.0493873E+05   1.2065594E+06   1.7171598E+04   4.4406441E+02   9.0582925E+05   9.0493873E+05   0.0000000E+00   0.0000000E+00   0.0000000E+00   0.0000000E+00   0.0000000E+00
   1.2600568E-05   9.0493852E+05   9.0493852E+05   1.2065524E+06   1.7171531E+04   4.4405421E+02   9.0582901E+05   9.0493852E+05   0.0000000E+00   0.0000000E+00   0.0000000E+00   0.0000000E+00   0.0000000E+00
   1.4138070E-05   9.0493826E+05   9.0493826E+05   1.2065437E+06   1.7171447E+04   4.4404137E+02   9.0582871E+05   9.0493826E+05   0.0000000E+00   0.0000000E+00   0.0000000E+00   0.0000000E+00   0.0000000E+00
   1.5863175E-05   9.0493793E+05   9.0493793E+05   1.2065328E+06   1.7171341E+04   4.4402520E+02   9.0582833E+05   9.0493793E+05   0.0000000E+00   0.0000000E+00   0.0000000E+00   0.0000000E+00   0.0000000E+00
   1.7798775E-05   9.0493751E+05   9.0493751E+05   1.2065190E+06   1.7171208E+04   4.4400485E+02   9.0582785E+05   9.0493751E+05   0.0000000E+00   0.0000000E+00   0.0000000E+00   0.0000000E+00   0.0000000E+00
   1.9970554E-05   9.0493699E+05   9.0493699E+05   1.2065016E+06   1.7171040E+04   4.4397923E+02   9.0582725E+05   9.0493699E+05   0.0000000E+00   0.0000000E+00   0.0000000E+00   0.0000000E+00   0.0000000E+00
   2.2407330E-05   9.0493633E+05   9.0493633E+05   1.2064798E+06   1.7170829E+04   4.4394698E+02   9.0582649E+05   9.0493633E+05   0.0000000E+00   0.0000000E+00   0.0000000E+00   0.0000000E+00   0.0000000E+00
   2.5141438E-05   9.0493550E+05   9.0493550E+05   1.2064523E+06   1.7170563E+04   4.4390638E+02   9.0582554E+05   9.0493550E+05   0.0000000E+00   0.0000000E+00   0.0000000E+00   0.0000000E+00   0.0000000E+00
   2.8209158E-05   9.0493445E+05   9.0493445E+05   1.2064176E+06   1.7170228E+04   4.4385527E+02   9.0582434E+05   9.0493445E+05   0.0000000E+00   0.0000000E+00   0.0000000E+00   0.0000000E+00   0.0000000E+00
   3.1651195E-05   9.0493314E+05   9.0493314E+05   1.2063740E+06   1.7169807E+04   4.4379093E+02   9.0582283E+05   9.0493314E+05   0.0000000E+00   0.0000000E+00   0.0000000E+00   0.0000000E+00   0.0000000E+00
   3.5513225E-05   9.0493148E+05   9.0493148E+05   1.2063191E+06   1.7169276E+04   4.4370993E+02   9.0582092E+05   9.0493148E+05   0.0000000E+00   0.0000000E+00   0.0000000E+00   0.0000000E+00   0.0000000E+00
   3.9846494E-05   9.0492940E+05   9.0492940E+05   1.2062500E+06   1.7168608E+04   4.4360798E+02   9.0581853E+05   9.0492940E+05   0.0000000E+00   0.0000000E+00   0.0000000E+00   0.0000000E+00   0.0000000E+00
   4.4708502E-05   9.0492677E+05   9.0492677E+05   1.2061630E+06   1.7167768E+04   4.4347964E+02   9.0581551E+05   9.0492677E+05   0.0000000E+00   0.0000000E+00   0.0000000E+00   0.0000000E+00   0.0000000E+00
   5.0163764E-05   9.0492346E+05   9.0492346E+05   1.2060535E+06   1.7166709E+04   4.4331810E+02   9.0581172E+05   9.0492346E+05   0.0000000E+00   0.0000000E+00   0.0000000E+00   0.0000000E+00   0.0000000E+00
   5.6284669E-05   9.0491930E+05   9.0491930E+05   1.2059157E+06   1.7165377E+04   4.4311477E+02   9.0580694E+05   9.0491930E+05   0.0000000E+00   0.0000000E+00   0.0000000E+00   0.0000000E+00   0.0000000E+00
   6.3152438E-05   9.0491406E+05   9.0491406E+05   1.2057422E+06   1.7163700E+04   4.4285885E+02   9.0580092E+05   9.0491406E+05   0.0000000E+00   0.0000000E+00   0.0000000E+00   0.0000000E+00   0.0000000E+00
   7.0858200E-05   9.0490747E+05   9.0490747E+05   1.2055238E+06   1.7161589E+04   4.4253677E+02   9.0579335E+05   9.0490747E+05   0.0000000E+00   0.0000000E+00   0.0000000E+00   0.0000000E+00   0.0000000E+00
   7.9504209E-05   9.0489917E+05   9.0489917E+05   1.2052489E+06   1.7158931E+04   4.4213145E+02   9.0578382E+05   9.0489917E+05   0.0000000E+00   0.0000000E+00   0.0000000E+00   0.0000000E+00   0.0000000E+00
   8.9205189E-05   9.0488872E+05   9.0488872E+05   1.2049028E+06   1.7155587E+04   4.4162143E+02   9.0577182E+05   9.0488872E+05   0.0000000E+00   0.0000000E+00   0.0000000E+00   0.0000000E+00   0.0000000E+00
   1.0008987E-04   9.0487556E+05   9.0487556E+05   1.2044674E+06   1.7151377E+04   4.4097975E+02   9.0575671E+05   9.0487556E+05   0.0000000E+00   0.0000000E+00   0.0000000E+00   0.0000000E+00   0.0000000E+00
   1.1230268E-04   9.0485901E+05   9.0485901E+05   1.2039193E+06   1.7146078E+04   4.4017255E+02   9.0573770E+05   9.0485901E+05   0.0000000E+00   0.0000000E+00   0.0000000E+00   0.0000000E+00   0.0000000E+00
   1.2600568E-04   9.0483816E+05   9.0483816E+05   1.2032297E+06   1.7139410E+04   4.3915734E+02   9.0571377E+05   9.0483816E+05   0.0000000E+00   0.0000000E+00   0.0000000E+00   0.0000000E+00   0.0000000E+00
   1.4138070E-04   9.0481193E+05   9.0481193E+05   1.2023621E+06   1.7131019E+04   4.3788083E+02   9.0568365E+05   9.0481193E+05   0.0000000E+00   0.0000000E+00   0.0000000E+00   0.0000000E+00   0.0000000E+00
   1.5863175E-04   9.0477891E+05   9.0477891E+05   1.2012705E+06   1.7120461E+04   4.3627628E+02   9.0564574E+05   9.0477891E+05   0.0000000E+00   0.0000000E+00   0.0000000E+00   0.0000000E+00   0.0000000E+00
   1.7798775E-04   9.0473736E+05   9.0473736E+05   1.1998977E+06   1.7107179E+04   4.3426020E+02   9.0559803E+05   9.0473736E+05   0.0000000E+00   0.0000000E+00   0.0000000E+00   0.0000000E+00   0.0000000E+00
   1.9970554E-04   9.0468507E+05   9.0468507E+05   1.1981714E+06   1.7090472E+04   4.3172834E+02   9.0553801E+05   9.0468507E+05   0.0000000E+00   0.0000000E+00   0.0000000E+00   0.0000000E+00   0.0000000E+00
   2.2407330E-04   9.0461928E+05   9.0461928E+05   1.1960012E+06   1.7069464E+04   4.2855075E+02   9.0546249E+05   9.0461928E+05   0.0000000E+00   0.0000000E+00   0.0000000E+00   0.0000000E+00   0.0000000E+00
   2.5141438E-04   9.0453651E+05   9.0453651E+05   1.1932743E+06   1.7043052E+04   4.2456597E+02   9.0536749E+05   9.0453651E+05   0.0000000E+00   0.0000000E+00   0.0000000E+00   0.0000000E+00   0.0000000E+00
   2.8209158E-04   9.0443239E+05   9.0443239E+05   1.1898493E+06   1.7009860E+04   4.1957404E+02   9.0524802E+05   9.0443239E+05   0.0000000E+00   0.0000000E+00   0.0000000E+00   0.0000000E+00   0.0000000E+00
   3.1651195E-04   9.0430145E+05   9.0430145E+05   1.1855501E+06   1.6968167E+04   4.1332841E+02   9.0509780E+05   9.0430145E+05   0.0000000E+00   0.0000000E+00   0.0000000E+00   0.0000000E+00   0.0000000E+00
   3.5513225E-04   9.0413683E+05   9.0413683E+05   1.1801577E+06   1.6915824E+04   4.0552692E+02   9.0490899E+05   9.0413683E+05   0.0000000E+00   0.0000000E+00   0.0000000E+00   0.0000000E+00   0.0000000E+00
   3.9846494E-04   9.0392993E+05   9.0392993E+05   1.1734006E+06   1.6850160E+04   3.9580203E+02   9.0467177E+05   9.0392993E+05   0.0000000E+00   0.0000000E+00   0.0000000E+00   0.0000000E+00   0.0000000E+00
   4.4708502E-04   9.0367000E+05   9.0367000E+05   1.1649438E+06   1.6767860E+04   3.8371109E+02   9.0437388E+05   9.0367000E+05   0.0000000E+00   0.0000000E+00   0.0000000E+00   0.0000000E+00   0.0000000E+00
   5.0163764E-04   9.0334363E+05   9.0334363E+05   1.1543758E+06   1.6664826E+04   3.6872819E+02   9.0400005E+05   9.0334363E+05   0.0000000E+00   0.0000000E+00   0.0000000E+00   0.0000000E+00   0.0000000E+00
   5.6284669E-04   9.0293412E+05   9.0293412E+05   1.1411950E+06   1.6536022E+04   3.5023982E+02   9.0353130E+05   9.0293412E+05   0.0000000E+00   0.0000000E+00   0.0000000E+00   0.0000000E+00   0.0000000E+00
   6.3152438E-04   9.0242071E+05   9.0242071E+05   1.1247954E+06   1.6375298E+04   3.2754854E+02   9.0294413E+05   9.0242071E+05   0.0000000E+00   0.0000000E+00   0.0000000E+00   0.0000000E+00   0.0000000E+00
   7.0858200E-04   9.0177776E+05   9.0177776E+05   1.1044534E+06   1.6175202E+04   2.9989096E+02   9.0220958E+05   9.0177776E+05   0.0000000E+00   0.0000000E+00   0.0000000E+00   0.0000000E+00   0.0000000E+00
   7.9504209E-04   9.0097362E+05   9.0097362E+05   1.0793194E+06   1.5926813E+04   2.6647983E+02   9.0129211E+05   9.0097362E+05   0.0000000E+00   0.0000000E+00   0.0000000E+00   0.0000000E+00   0.0000000E+00
   8.9205189E-04   8.9996958E+05   8.9996958E+05   1.0484167E+06   1.5619603E+04   2.2658413E+02   9.0014849E+05   8.9996958E+05   0.0000000E+00   0.0000000E+00   0.0000000E+00   0.0000000E+00   0.0000000E+00
   1.0008987E-03   8.9871857E+05   8.9871857E+05   1.0106576E+06   1.5241399E+04   1.7966616E+02   8.9872654E+05   8.9871857E+05   0.0000000E+00   0.0000000E+00   0.0000000E+00   0.0000000E+00   0.0000000E+00
   1.1230268E-03   8.9716385E+05   8.9716385E+05   9.6488496E+05   1.4778511E+04   1.2559910E+02   8.9696403E+05   8.9716385E+05   0.0000000E+00   0.0000000E+00   0.0000000E+00   0.0000000E+00   0.0000000E+00
   1.2600568E-03   8.9523793E+05   8.9523793E+05   9.0995485E+05   1.4216155E+04   6.4989619E+01   8.9478783E+05   8.9523793E+05   0.0000000E+00   0.0000000E+00   0.0000000E+00   0.0000000E+00   0.0000000E+00
   1.4138070E-03   8.9286166E+05   8.9286166E+05   8.4487911E+05   1.3539336E+04   -3.7901863E-01   8.9211367E+05   8.9286166E+05   0.0000000E+00   0.0000000E+00   0.0000000E+00   0.0000000E+00   0.0000000E+00
   1.5863175E-03   8.8994405E+05   8.8994405E+05   7.6904749E+05   1.2734396E+04   -6.6997473E+01   8.8884682E+05   8.8994405E+05   0.0000000E+00   0.0000000E+00   0.0000000E+00   0.0000000E+00   0.0000000E+00
   1.7798775E-03   8.8638312E+05   8.8638312E+05   6.8254574E+05   1.1791464E+04   -1.2905860E+02   8.8488434E+05   8.8638312E+05   0.0000000E+00   0.0000000E+00   0.0000000E+00   0.0000000E+00   0.0000000E+00
   1.9970554E-03   8.8206830E+05   8.8206830E+05   5.8656740E+05   1.0707997E+04   -1.7807947E+02   8.8011929E+05   8.8206830E+05   0.0000000E+00   0.0000000E+00   0.0000000E+00   0.0000000E+00   0.0000000E+00
   2.2407330E-03   8.7688484E+05   8.7688484E+05   4.8387417E+05   9.4933991E+03   -2.0314289E+02   8.7444730E+05   8.7688484E+05   0.0000000E+00   0.0000000E+00   0.0000000E+00   0.0000000E+00   0.0000000E+00
   2.5141438E-03   8.7072035E+05   8.7072035E+05   3.7918087E+05   8.1742607E+03   -1.9244143E+02   8.6777511E+05   8.7072035E+05   0.0000000E+00   0.0000000E+00   0.0000000E+00   0.0000000E+00   0.0000000E+00
   2.8209158E-03   8.6347299E+05   8.6347299E+05   2.7922232E+05   6.7989119E+03   -1.3695557E+02   8.6002980E+05   8.6347299E+05   0.0000000E+00   0.0000000E+00   0.0000000E+00   0.0000000E+00   0.0000000E+00
   3.1651195E-03   8.5505936E+05   8.5505936E+05   1.9213356E+05   5.4387851E+03   -3.6736935E+01   8.5116507E+05   8.5505936E+05   0.0000000E+00   0.0000000E+00   0.0000000E+00   0.0000000E+00   0.0000000E+00
   3.5513225E-03   8.4541880E+05   8.4541880E+05   1.2574826E+05   4.1828436E+03   9.1309020E+01   8.4115953E+05   8.4541880E+05   0.0000000E+00   0.0000000E+00   0.0000000E+00   0.0000000E+00   0.0000000E+00
   3.9846494E-03   8.3450903E+05   8.3450903E+05   8.4714908E+04   3.1212446E+03   2.0870257E+02   8.3000105E+05   8.3450903E+05   0.0000000E+00   0.0000000E+00   0.0000000E+00   0.0000000E+00   0.0000000E+00
   4.4708502E-03   8.2228986E+05   8.2228986E+05   6.7216880E+04   2.3175768E+03   2.6279438E+02   8.1765584E+05   8.2228986E+05   0.0000000E+00   0.0000000E+00   0.0000000E+00   0.0000000E+00   0.0000000E+00
   5.0163764E-03   8.0869731E+05   8.0869731E+05   6.3533247E+04   1.7776414E+03   2.1565114E+02   8.0403257E+05   8.0869731E+05   0.0000000E+00   0.0000000E+00   0.0000000E+00   0.0000000E+00   0.0000000E+00
   5.6284669E-03   7.9362212E+05   7.9362212E+05   5.9593098E+04   1.4353505E+03   8.8671854E+01   7.8896847E+05   7.9362212E+05   0.0000000E+00   0.0000000E+00   0.0000000E+00   0.0000000E+00   0.0000000E+00
   6.3152438E-03   7.7691762E+05   7.7691762E+05   4.6374267E+04   1.1812924E+03   -1.9489787E+01   7.7226968E+05   7.7691762E+05   0.0000000E+00   0.0000000E+00   0.0000000E+00   0.0000000E+00   0.0000000E+00
   7.0858200E-03   7.5844442E+05   7.5844442E+05   2.8498009E+04   9.3491420E+02   -7.4251675E+00   7.5379517E+05   7.5844442E+05   0.0000000E+00   0.0000000E+00   0.0000000E+00   0.0000000E+00   0.0000000E+00
   7.9504209E-03   7.3812009E+05   7.3812009E+05   1.8941083E+04   7.0231987E+02   8.4192194E+01   7.3350423E+05   7.3812009E+05   0.0000000E+00   0.0000000E+00   0.0000000E+00   0.0000000E+00   0.0000000E+00
   8.9205189E-03   7.1590312E+05   7.1590312E+05   1.9320698E+04   5.3595036E+02   8.4274295E+01   7.1137708E+05   7.1590312E+05   0.0000000E+00   0.0000000E+00   0.0000000E+00   0.0000000E+00   0.0000000E+00
   1.0008987E-02   6.9171749E+05   6.9171749E+05   1.6121339E+04   4.2948820E+02   -5.9517454E+00   6.8730288E+05   6.9171749E+05   0.0000000E+00   0.0000000E+00   0.0000000E+00   0.0000000E+00   0.0000000E+00
   1.1230268E-02   6.6545175E+05   6.6545175E+05   8.7542525E+03   3.2986876E+02   1.9733582E+01   6.6115420E+05   6.6545175E+05   0.0000000E+00   0.0000000E+00   0.0000000E+00   0.0000000E+00   0.0000000E+00
   1.2600568E-02   6.3704474E+05   6.3704474E+05   8.5492095E+03   2.4736895E+02   5.1235986E+01   6.3290136E+05   6.3704474E+05   0.0000000E+00   0.0000000E+00   0.0000000E+00   0.0000000E+00   0.0000000E+00
   1.4138070E-02   6.0645701E+05   6.0645701E+05   6.3311507E+03   1.9414486E+02   -8.5680316E+00   6.0248808E+05   6.0645701E+05   0.0000000E+00   0.0000000E+00   0.0000000E+00   0.0000000E+00   0.0000000E+00
   1.5863175E-02   5.7365074E+05   5.7365074E+05   4.2405859E+03   1.4412328E+02   3.7454392E+01   5.6987318E+05   5.7365074E+05   0.0000000E+00   0.0000000E+00   0.0000000E+00   0.0000000E+00   0.0000000E+00
   1.7798775E-02   5.3867446E+05   5.3867446E+05   3.5688204E+03   1.1085688E+02   -4.3997031E+00   5.3511351E+05   5.3867446E+05   0.0000000E+00   0.0000000E+00   0.0000000E+00   0.0000000E+00   0.0000000E+00
   1.9970554E-02   5.0165330E+05   5.0165330E+05   2.6461310E+03   8.1796074E+01   2.3108881E+01   4.9832352E+05   5.0165330E+05   0.0000000E+00   0.0000000E+00   0.0000000E+00   0.0000000E+00   0.0000000E+00
   2.2407315E-02   4.6287255E+05   4.6287255E+05   1.5697873E+03   6.1405147E+01   8.2615939E+00   4.5979085E+05   4.6287255E+05   0.0000000E+00   0.0000000E+00   0.0000000E+00   0.0000000E+00   0.0000000E+00
   2.5141205E-02   4.2282523E+05   4.2282523E+05   1.3843329E+03   4.5411816E+01   -7.0770924E-02   4.2000350E+05   4.2282523E+05   0.0000000E+00   0.0000000E+00   0.0000000E+00   0.0000000E+00   0.0000000E+00
   2.8206671E-02   3.8230229E+05   3.8230229E+05   1.0842852E+03   3.3075773E+01   3.3453229E+00   3.7974555E+05   3.8230229E+05   0.0000000E+00   0.0000000E+00   0.0000000E+00   0.0000000E+00   0.0000000E+00
   3.1632356E-02   3.4250834E+05   3.4250834E+05   7.7730507E+02   2.3915450E+01   4.1342196E+00   3.4021387E+05   3.4250834E+05   0.0000000E+00   0.0000000E+00   0.0000000E+00   0.0000000E+00   0.0000000E+00
   3.5408984E-02   3.0523042E+05   3.0523042E+05   5.4971082E+02   1.7225441E+01   2.5632061E+00   3.0318292E+05   3.0523042E+05   0.0000000E+00   0.0000000E+00   0.0000000E+00   0.0000000E+00   0.0000000E+00
   3.9421514E-02   2.7278075E+05   2.7278075E+05   3.7615378E+02   1.2488218E+01   1.1668646E+00   2.7094900E+05   2.7278075E+05   0.0000000E+00   0.0000000E+00   0.0000000E+00   0.0000000E+00   0.0000000E+00
   4.3428156E-02   2.4696997E+05   2.4696997E+05   2.5850300E+02   9.2735372E+00   1.2340640E+00   2.4531027E+05   2.4696997E+05   0.0000000E+00   0.0000000E+00   0.0000000E+00   0.0000000E+00   0.0000000E+00
   4.7213673E-02   2.2768919E+05   2.2768919E+05   1.9579820E+02   7.1449451E+00   1.5994330E+00   2.2615819E+05   2.2768919E+05   0.0000000E+00   0.0000000E+00   0.0000000E+00   0.0000000E+00   0.0000000E+00
   5.0722354E-02   2.1334252E+05   2.1334252E+05   1.6280143E+02   5.7080830E+00   1.6751073E+00   2.1190736E+05   2.1334252E+05   0.0000000E+00   0.0000000E+00   0.0000000E+00   0.0000000E+00   0.0000000E+00
   5.3999025E-02   2.0224688E+05   2.0224688E+05   1.4178314E+02   4.6938278E+00   1.6802978E+00   2.0088589E+05   2.0224688E+05   0.0000000E+00   0.0000000E+00   0.0000000E+00   0.0000000E+00   0.0000000E+00
   5.7107570E-02   1.9317488E+05   1.9317488E+05   1.2426502E+02   3.9457929E+00   1.6963616E+00   1.9187457E+05   1.9317488E+05   0.0000000E+00   0.0000000E+00   0.0000000E+00   0.0000000E+00   0.0000000E+00
   6.0102276E-02   1.8531104E+05   1.8531104E+05   1.0762960E+02   3.3725083E+00   1.8100689E+00   1.8406342E+05   1.8531104E+05   0.0000000E+00   0.0000000E+00   0.0000000E+00   0.0000000E+00   0.0000000E+00
   6.3024514E-02   1.7811878E+05   1.7811878E+05   9.2301881E+01   2.9171117E+00   2.1578700E+00   1.7691941E+05   1.7811878E+05   0.0000000E+00   0.0000000E+00   0.0000000E+00   0.0000000E+00   0.0000000E+00
   6.5905355E-02   1.7124531E+05   1.7124531E+05   7.8364236E+01   2.5469773E+00   2.4292878E+00   1.7009202E+05   1.7124531E+05   0.0000000E+00   0.0000000E+00   0.0000000E+00   0.0000000E+00   0.0000000E+00
   6.8768494E-02   1.6446509E+05   1.6446509E+05   6.5609913E+01   2.2422788E+00   2.0778491E+00   1.6335729E+05   1.6446509E+05   0.0000000E+00   0.0000000E+00   0.0000000E+00   0.0000000E+00   0.0000000E+00
   7.1632470E-02   1.5764706E+05   1.5764706E+05   5.7889444E+01   1.9867366E+00   1.2814993E+00   1.5658505E+05   1.5764706E+05   0.0000000E+00   0.0000000E+00   0.0000000E+00   0.0000000E+00   0.0000000E+00
   7.4512204E-02   1.5073462E+05   1.5073462E+05   5.6556186E+01   1.7663632E+00   1.0344970E+00   1.4971908E+05   1.5073462E+05   0.0000000E+00   0.0000000E+00   0.0000000E+00   0.0000000E+00   0.0000000E+00
   7.7420057E-02   1.4373194E+05   1.4373194E+05   5.3237012E+01   1.5723011E+00   1.6149581E+00   1.4276349E+05   1.4373194E+05   0.0000000E+00   0.0000000E+00   0.0000000E+00   0.0000000E+00   0.0000000E+00
   8.0366549E-02   1.3669265E+05   1.3669265E+05   4.3514776E+01   1.4021166E+00   2.0223249E+00   1.3577153E+05   1.3669265E+05   0.0000000E+00   0.0000000E+00   0.0000000E+00   0.0000000E+00   0.0000000E+00
   8.3360865E-02   1.2970872E+05   1.2970872E+05   3.3836430E+01   1.2534409E+00   1.6753707E+00   1.2883459E+05   1.2970872E+05   0.0000000E+00   0.0000000E+00   0.0000000E+00   0.0000000E+00   0.0000000E+00
   8.6411209E-02   1.2289831E+05   1.2289831E+05   2.9170116E+01   1.1213432E+00   1.0916475E+00   1.2207001E+05   1.2289831E+05   0.0000000E+00   0.0000000E+00   0.0000000E+00   0.0000000E+00   0.0000000E+00
   8.9525064E-02   1.1639206E+05   1.1639206E+05   2.7750934E+01   1.0023196E+00   7.8634946E-01   1.1560756E+05   1.1639206E+05   0.0000000E+00   0.0000000E+00   0.0000000E+00   0.0000000E+00   0.0000000E+00
   9.2709380E-02   1.1031798E+05   1.1031798E+05   2.6662992E+01   8.9498840E-01   7.6456069E-01   1.0957437E+05   1.1031798E+05   0.0000000E+00   0.0000000E+00   0.0000000E+00   0.0000000E+00   0.0000000E+00
   9.5970712E-02   1.0478562E+05   1.0478562E+05   2.4950172E+01   7.9841741E-01   8.6670629E-01   1.0407926E+05   1.0478562E+05   0.0000000E+00   0.0000000E+00   0.0000000E+00   0.0000000E+00   0.0000000E+00
   9.9315324E-02   9.9870789E+04   9.9870789E+04   2.2763823E+01   7.1180645E-01   9.8693621E-01   9.9197527E+04   9.9870789E+04   0.0000000E+00   0.0000000E+00   0.0000000E+00   0.0000000E+00   0.0000000E+00
   1.0274927E-01   9.5602629E+04   9.5602629E+04   2.0445519E+01   6.3449948E-01   1.0701823E+00   9.4958104E+04   9.5602629E+04   0.0000000E+00   0.0000000E+00   0.0000000E+00   0.0000000E+00   0.0000000E+00
   1.0627846E-01   9.1954939E+04   9.1954939E+04   1.8291680E+01   5.6580257E-01   1.0960951E+00   9.1334976E+04   9.1954939E+04   0.0000000E+00   0.0000000E+00   0.0000000E+00   0.0000000E+00   0.0000000E+00
   1.0990869E-01   8.8843919E+04   8.8843919E+04   1.6462173E+01   5.0498619E-01   1.0654741E+00   8.8244906E+04   8.8843919E+04   0.0000000E+00   0.0000000E+00   0.0000000E+00   0.0000000E+00   0.0000000E+00
   1.1364570E-01   8.6133908E+04   8.6133908E+04   1.4927455E+01   4.5134490E-01   9.8008569E-01   8.5553143E+04   8.6133908E+04   0.0000000E+00   0.0000000E+00   0.0000000E+00   0.0000000E+00   0.0000000E+00
   1.1749519E-01   8.3651912E+04   8.3651912E+04   1.3485196E+01   4.0416756E-01   8.3864854E-01   8.3087862E+04   8.3651912E+04   0.0000000E+00   0.0000000E+00   0.0000000E+00   0.0000000E+00   0.0000000E+00
   1.2146282E-01   8.1210354E+04   8.1210354E+04   1.1853562E+01   3.6267621E-01   6.6332696E-01   8.0662747E+04   8.1210354E+04   0.0000000E+00   0.0000000E+00   0.0000000E+00   0.0000000E+00   0.0000000E+00
   1.2555429E-01   7.8635679E+04   7.8635679E+04   9.9260253E+00   3.2599667E-01   5.4376538E-01   7.8105413E+04   7.8635679E+04   0.0000000E+00   0.0000000E+00   0.0000000E+00   0.0000000E+00   0.0000000E+00
   1.2977527E-01   7.5798608E+04   7.5798608E+04   8.1685979E+00   2.9323552E-01   6.1390051E-01   7.5287452E+04   7.5798608E+04   0.0000000E+00   0.0000000E+00   0.0000000E+00   0.0000000E+00   0.0000000E+00
   1.3413146E-01   7.2640250E+04   7.2640250E+04   7.4886465E+00   2.6375402E-01   8.3731693E-01   7.2150375E+04   7.2640250E+04   0.0000000E+00   0.0000000E+00   0.0000000E+00   0.0000000E+00   0.0000000E+00
   1.3862862E-01   6.9187608E+04   6.9187608E+04   7.6941086E+00   2.3734107E-01   8.4370157E-01   6.8721006E+04   6.9187608E+04   0.0000000E+00   0.0000000E+00   0.0000000E+00   0.0000000E+00   0.0000000E+00
   1.4327250E-01   6.5552742E+04   6.5552742E+04   6.7973947E+00   2.1362795E-01   5.3790024E-01   6.5110646E+04   6.5552742E+04   0.0000000E+00   0.0000000E+00   0.0000000E+00   0.0000000E+00   0.0000000E+00
   1.4806891E-01   6.1912489E+04   6.1912489E+04   5.1107433E+00   1.9171187E-01   5.6638376E-01   6.1494931E+04   6.1912489E+04   0.0000000E+00   0.0000000E+00   0.0000000E+00   0.0000000E+00   0.0000000E+00
   1.5302373E-01   5.8469965E+04   5.8469965E+04   5.2207451E+00   1.7156492E-01   6.7195929E-01   5.8075615E+04   5.8469965E+04   0.0000000E+00   0.0000000E+00   0.0000000E+00   0.0000000E+00   0.0000000E+00
   1.5814285E-01   5.5404637E+04   5.5404637E+04   4.4291932E+00   1.5342189E-01   4.5243651E-01   5.5030953E+04   5.5404637E+04   0.0000000E+00   0.0000000E+00   0.0000000E+00   0.0000000E+00   0.0000000E+00
   1.6343228E-01   5.2822876E+04   5.2822876E+04   3.8880791E+00   1.3681652E-01   5.9641007E-01   5.2466599E+04   5.2822876E+04   0.0000000E+00   0.0000000E+00   0.0000000E+00   0.0000000E+00   0.0000000E+00
   1.6889805E-01   5.0723859E+04   5.0723859E+04   3.5788996E+00   1.2208861E-01   4.2890599E-01   5.0381731E+04   5.0723859E+04   0.0000000E+00   0.0000000E+00   0.0000000E+00   0.0000000E+00   0.0000000E+00
   1.7454634E-01   4.8994269E+04   4.8994269E+04   3.2953776E+00   1.0893087E-01   5.1264210E-01   4.8663804E+04   4.8994269E+04   0.0000000E+00   0.0000000E+00   0.0000000E+00   0.0000000E+00   0.0000000E+00
   1.8038339E-01   4.7438494E+04   4.7438494E+04   2.7778022E+00   9.7359203E-02   4.9007202E-01   4.7118515E+04   4.7438494E+04   0.0000000E+00   0.0000000E+00   0.0000000E+00   0.0000000E+00   0.0000000E+00
   1.8641561E-01   4.5839581E+04   4.5839581E+04   2.6772596E+00   8.7243352E-02   3.9406387E-01   4.5530382E+04   4.5839581E+04   0.0000000E+00   0.0000000E+00   0.0000000E+00   0.0000000E+00   0.0000000E+00
   1.9264954E-01   4.4033298E+04   4.4033298E+04   2.4272243E+00   7.8221746E-02   4.1147901E-01   4.3736280E+04   4.4033298E+04   0.0000000E+00   0.0000000E+00   0.0000000E+00   0.0000000E+00   0.0000000E+00
   1.9909195E-01   4.1968439E+04   4.1968439E+04   2.1728550E+00   7.0141772E-02   4.3775053E-01   4.1685344E+04   4.1968439E+04   0.0000000E+00   0.0000000E+00   0.0000000E+00   0.0000000E+00   0.0000000E+00
   2.0574981E-01   3.9726762E+04   3.9726762E+04   1.8877114E+00   6.2854418E-02   4.1677944E-01   3.9458784E+04   3.9726762E+04   0.0000000E+00   0.0000000E+00   0.0000000E+00   0.0000000E+00   0.0000000E+00
   2.1263038E-01   3.7488575E+04   3.7488575E+04   1.6180216E+00   5.6216096E-02   3.7812970E-01   3.7235692E+04   3.7488575E+04   0.0000000E+00   0.0000000E+00   0.0000000E+00   0.0000000E+00   0.0000000E+00
   2.1974128E-01   3.5452830E+04   3.5452830E+04   1.4157301E+00   5.0165841E-02   3.4655573E-01   3.5213677E+04   3.5452830E+04   0.0000000E+00   0.0000000E+00   0.0000000E+00   0.0000000E+00   0.0000000E+00
   2.2709049E-01   3.3744601E+04   3.3744601E+04   1.2735060E+00   4.4701597E-02   3.2615421E-01   3.3516969E+04   3.3744601E+04   0.0000000E+00   0.0000000E+00   0.0000000E+00   0.0000000E+00   0.0000000E+00
   2.3468649E-01   3.2355099E+04   3.2355099E+04   1.1793621E+00   3.9828357E-02   3.1607726E-01   3.2136837E+04   3.2355099E+04   0.0000000E+00   0.0000000E+00   0.0000000E+00   0.0000000E+00   0.0000000E+00
   2.4253831E-01   3.1149077E+04   3.1149077E+04   1.1024276E+00   3.5530182E-02   3.0741221E-01   3.0938949E+04   3.1149077E+04   0.0000000E+00   0.0000000E+00   0.0000000E+00   0.0000000E+00   0.0000000E+00
   2.5065564E-01   2.9941450E+04   2.9941450E+04   9.7016705E-01   3.1750336E-02   2.8234162E-01   2.9739467E+04   2.9941450E+04   0.0000000E+00   0.0000000E+00   0.0000000E+00   0.0000000E+00   0.0000000E+00
   2.5904894E-01   2.8603632E+04   2.8603632E+04   8.1973359E-01   2.8393140E-02   2.7190075E-01   2.8410672E+04   2.8603632E+04   0.0000000E+00   0.0000000E+00   0.0000000E+00   0.0000000E+00   0.0000000E+00
   2.6772956E-01   2.7136060E+04   2.7136060E+04   7.7854531E-01   2.5372197E-02   2.7322510E-01   2.6952999E+04   2.7136060E+04   0.0000000E+00   0.0000000E+00   0.0000000E+00   0.0000000E+00   0.0000000E+00
   2.7670992E-01   2.5657763E+04   2.5657763E+04   6.5343707E-01   2.2640780E-02   2.3730926E-01   2.5484673E+04   2.5657763E+04   0.0000000E+00   0.0000000E+00   0.0000000E+00   0.0000000E+00   0.0000000E+00
   2.8600366E-01   2.4315993E+04   2.4315993E+04   6.1162821E-01   2.0160292E-02   2.3543144E-01   2.4151954E+04   2.4315993E+04   0.0000000E+00   0.0000000E+00   0.0000000E+00   0.0000000E+00   0.0000000E+00
   2.9562587E-01   2.3177919E+04   2.3177919E+04   5.2235229E-01   1.7934777E-02   2.3760674E-01   2.3021556E+04   2.3177919E+04   0.0000000E+00   0.0000000E+00   0.0000000E+00   0.0000000E+00   0.0000000E+00
   3.0559328E-01   2.2186247E+04   2.2186247E+04   4.6749893E-01   1.5970468E-02   2.1011415E-01   2.2036573E+04   2.2186247E+04   0.0000000E+00   0.0000000E+00   0.0000000E+00   0.0000000E+00   0.0000000E+00
   3.1592464E-01   2.1215764E+04   2.1215764E+04   4.2210873E-01   1.4232364E-02   1.9254643E-01   2.1072636E+04   2.1215764E+04   0.0000000E+00   0.0000000E+00   0.0000000E+00   0.0000000E+00   0.0000000E+00
   3.2664097E-01   2.0184040E+04   2.0184040E+04   3.7504438E-01   1.2680086E-02   1.8720812E-01   2.0047872E+04   2.0184040E+04   0.0000000E+00   0.0000000E+00   0.0000000E+00   0.0000000E+00   0.0000000E+00
   3.3776603E-01   1.9117238E+04   1.9117238E+04   3.3289171E-01   1.1281492E-02   1.8521412E-01   1.8988267E+04   1.9117238E+04   0.0000000E+00   0.0000000E+00   0.0000000E+00   0.0000000E+00   0.0000000E+00
   3.4932682E-01   1.8108959E+04   1.8108959E+04   2.9955458E-01   1.0019361E-02   1.7322848E-01   1.7986790E+04   1.8108959E+04   0.0000000E+00   0.0000000E+00   0.0000000E+00   0.0000000E+00   0.0000000E+00
   3.6135416E-01   1.7215227E+04   1.7215227E+04   2.6490215E-01   8.8882319E-03   1.6031392E-01   1.7099086E+04   1.7215227E+04   0.0000000E+00   0.0000000E+00   0.0000000E+00   0.0000000E+00   0.0000000E+00
   3.7388354E-01   1.6398992E+04   1.6398992E+04   2.3306139E-01   7.8805883E-03   1.6032193E-01   1.6288357E+04   1.6398992E+04   0.0000000E+00   0.0000000E+00   0.0000000E+00   0.0000000E+00   0.0000000E+00
   3.8695599E-01   1.5585008E+04   1.5585008E+04   2.0770596E-01   6.9868395E-03   1.4881675E-01   1.5479865E+04   1.5585008E+04   0.0000000E+00   0.0000000E+00   0.0000000E+00   0.0000000E+00   0.0000000E+00
   4.0061938E-01   1.4754100E+04   1.4754100E+04   1.8517334E-01   6.1824830E-03   1.4809103E-01   1.4654562E+04   1.4754100E+04   0.0000000E+00   0.0000000E+00   0.0000000E+00   0.0000000E+00   0.0000000E+00
   4.1492998E-01   1.3954203E+04   1.3954203E+04   1.6310965E-01   5.4592233E-03   1.4059368E-01   1.3860061E+04   1.3954203E+04   0.0000000E+00   0.0000000E+00   0.0000000E+00   0.0000000E+00   0.0000000E+00
   4.2995447E-01   1.3218869E+04   1.3218869E+04   1.4288703E-01   4.8115472E-03   1.2879550E-01   1.3129688E+04   1.3218869E+04   0.0000000E+00   0.0000000E+00   0.0000000E+00   0.0000000E+00   0.0000000E+00
   4.4577267E-01   1.2519129E+04   1.2519129E+04   1.2601044E-01   4.2336852E-03   1.1947371E-01   1.2434668E+04   1.2519129E+04   0.0000000E+00   0.0000000E+00   0.0000000E+00   0.0000000E+00   0.0000000E+00
   4.6248115E-01   1.1820289E+04   1.1820289E+04   1.1024741E-01   3.7161917E-03   1.1205401E-01   1.1740542E+04   1.1820289E+04   0.0000000E+00   0.0000000E+00   0.0000000E+00   0.0000000E+00   0.0000000E+00
   4.8019806E-01   1.1137498E+04   1.1137498E+04   9.6253969E-02   3.2509574E-03   1.0345064E-01   1.1062358E+04   1.1137498E+04   0.0000000E+00   0.0000000E+00   0.0000000E+00   0.0000000E+00   0.0000000E+00
   4.9906995E-01   1.0491102E+04   1.0491102E+04   8.4174890E-02   2.8329109E-03   1.0165115E-01   1.0420323E+04   1.0491102E+04   0.0000000E+00   0.0000000E+00   0.0000000E+00   0.0000000E+00   0.0000000E+00
   5.1928120E-01   9.8624072E+03   9.8624072E+03   7.3043115E-02   2.4588020E-03   9.7038417E-02   9.7958693E+03   9.8624072E+03   0.0000000E+00   0.0000000E+00   0.0000000E+00   0.0000000E+00   0.0000000E+00
   5.4106756E-01   9.2404335E+03   9.2404335E+03   6.3020219E-02   2.1228615E-03   9.2613441E-02   9.1780916E+03   9.2404335E+03   0.0000000E+00   0.0000000E+00   0.0000000E+00   0.0000000E+00   0.0000000E+00
   5.6473599E-01   8.6372981E+03   8.6372981E+03   5.4159102E-02   1.8214360E-03   8.2194762E-02   8.5790253E+03   8.6372981E+03   0.0000000E+00   0.0000000E+00   0.0000000E+00   0.0000000E+00   0.0000000E+00
   5.9069410E-01   8.0445583E+03   8.0445583E+03   4.6067011E-02   1.5502681E-03   7.9417853E-02   7.9902844E+03   8.0445583E+03   0.0000000E+00   0.0000000E+00   0.0000000E+00   0.0000000E+00   0.0000000E+00
   6.1949480E-01   7.4565555E+03   7.4565555E+03   3.8820566E-02   1.3066222E-03   7.2071511E-02   7.4062484E+03   7.4565555E+03   0.0000000E+00   0.0000000E+00   0.0000000E+00   0.0000000E+00   0.0000000E+00
   6.5190505E-01   6.8740595E+03   6.8740595E+03   3.2323070E-02   1.0876241E-03   6.6572438E-02   6.8276823E+03   6.8740595E+03   0.0000000E+00   0.0000000E+00   0.0000000E+00   0.0000000E+00   0.0000000E+00
   6.8901137E-01   6.2896922E+03   6.2896922E+03   2.6485345E-02   8.9104837E-04   6.0145193E-02   6.2472575E+03   6.2896922E+03   0.0000000E+00   0.0000000E+00   0.0000000E+00   0.0000000E+00   0.0000000E+00
   7.3237744E-01   5.7008976E+03   5.7008976E+03   2.1244983E-02   7.1482959E-04   5.2586852E-02   5.6624352E+03   5.7008976E+03   0.0000000E+00   0.0000000E+00   0.0000000E+00   0.0000000E+00   0.0000000E+00
   7.8425413E-01   5.1033065E+03   5.1033065E+03   1.6585197E-02   5.5802920E-04   4.8026120E-02   5.0688758E+03   5.1033065E+03   0.0000000E+00   0.0000000E+00   0.0000000E+00   0.0000000E+00   0.0000000E+00
   8.4776250E-01   4.4961941E+03   4.4961941E+03   1.2504934E-02   4.2071825E-04   4.1615482E-02   4.4658594E+03   4.4961941E+03   0.0000000E+00   0.0000000E+00   0.0000000E+00   0.0000000E+00   0.0000000E+00
   9.2672825E-01   3.8866790E+03   3.8866790E+03   9.0459312E-03   3.0429917E-04   3.7373278E-02   3.8604565E+03   3.8866790E+03   0.0000000E+00   0.0000000E+00   0.0000000E+00   0.0000000E+00   0.0000000E+00
   1.0245630E+00   3.2950463E+03   3.2950463E+03   6.2741886E-03   2.1101951E-04   3.2868476E-02   3.2728153E+03   3.2950463E+03   0.0000000E+00   0.0000000E+00   0.0000000E+00   0.0000000E+00   0.0000000E+00
   1.1424657E+00   2.7512154E+03   2.7512154E+03   4.2132038E-03   1.4173782E-04   2.5618399E-02   2.7326535E+03   2.7512154E+03   0.0000000E+00   0.0000000E+00   0.0000000E+00   0.0000000E+00   0.0000000E+00
   1.2795105E+00   2.2779005E+03   2.2779005E+03   2.7811133E-03   9.3561335E-05   2.1307196E-02   2.2625320E+03   2.2779005E+03   0.0000000E+00   0.0000000E+00   0.0000000E+00   0.0000000E+00   0.0000000E+00
   1.4350820E+00   1.8792039E+03   1.8792039E+03   1.8238382E-03   6.1343864E-05   1.8353665E-02   1.8665253E+03   1.8792039E+03   0.0000000E+00   0.0000000E+00   0.0000000E+00   0.0000000E+00   0.0000000E+00
   1.6100968E+00   1.5476882E+03   1.5476882E+03   1.1932856E-03   4.0138854E-05   1.4860784E-02   1.5372463E+03   1.5476882E+03   0.0000000E+00   0.0000000E+00   0.0000000E+00   0.0000000E+00   0.0000000E+00
   1.8065477E+00   1.2731735E+03   1.2731735E+03   7.7974215E-04   2.6227465E-05   1.2217138E-02   1.2645836E+03   1.2731735E+03   0.0000000E+00   0.0000000E+00   0.0000000E+00   0.0000000E+00   0.0000000E+00
   2.0269790E+00   1.0462639E+03   1.0462639E+03   5.0898326E-04   1.7120526E-05   1.0087807E-02   1.0392050E+03   1.0462639E+03   0.0000000E+00   0.0000000E+00   0.0000000E+00   0.0000000E+00   0.0000000E+00
   2.2743078E+00   8.5895435E+02   8.5895435E+02   3.3191728E-04   1.1163992E-05   8.3509791E-03   8.5315915E+02   8.5895435E+02   0.0000000E+00   0.0000000E+00   0.0000000E+00   0.0000000E+00   0.0000000E+00
   2.5518153E+00   7.0452263E+02   7.0452263E+02   2.1624940E-04   7.2743442E-06   6.7354139E-03   6.9976935E+02   7.0452263E+02   0.0000000E+00   0.0000000E+00   0.0000000E+00   0.0000000E+00   0.0000000E+00
   2.8631839E+00   5.7734459E+02   5.7734459E+02   1.4076439E-04   4.7348711E-06   5.6146487E-03   5.7344935E+02   5.7734459E+02   0.0000000E+00   0.0000000E+00   0.0000000E+00   0.0000000E+00   0.0000000E+00
   3.2125452E+00   4.7272457E+02   4.7272457E+02   9.1551494E-05   3.0796880E-06   4.5468907E-03   4.6953518E+02   4.7272457E+02   0.0000000E+00   0.0000000E+00   0.0000000E+00   0.0000000E+00   0.0000000E+00
   3.6045350E+00   3.8675073E+02   3.8675073E+02   5.9496250E-05   2.0016889E-06   3.6300631E-03   3.8414139E+02   3.8675073E+02   0.0000000E+00   0.0000000E+00   0.0000000E+00   0.0000000E+00   0.0000000E+00
   4.0443548E+00   3.1616939E+02   3.1616939E+02   3.8639151E-05   1.2998207E-06   3.0134338E-03   3.1403625E+02   3.1616939E+02   0.0000000E+00   0.0000000E+00   0.0000000E+00   0.0000000E+00   0.0000000E+00
   4.5378407E+00   2.5827902E+02   2.5827902E+02   2.5084179E-05   8.4346243E-07   2.5069923E-03   2.5653646E+02   2.5827902E+02   0.0000000E+00   0.0000000E+00   0.0000000E+00   0.0000000E+00   0.0000000E+00
   5.0915410E+00   2.1084004E+02   2.1084004E+02   1.6260135E-05   5.4697578E-07   2.0514326E-03   2.0941754E+02   2.1084004E+02   0.0000000E+00   0.0000000E+00   0.0000000E+00   0.0000000E+00   0.0000000E+00
   5.7128029E+00   1.7199859E+02   1.7199859E+02   1.0535305E-05   3.5452831E-07   1.6208196E-03   1.7083815E+02   1.7199859E+02   0.0000000E+00   0.0000000E+00   0.0000000E+00   0.0000000E+00   0.0000000E+00
   6.4098703E+00   1.4022226E+02   1.4022226E+02   6.8220913E-06   2.2962624E-07   1.3173075E-03   1.3927620E+02   1.4022226E+02   0.0000000E+00   0.0000000E+00   0.0000000E+00   0.0000000E+00   0.0000000E+00
   7.1919928E+00   1.1424599E+02   1.1424599E+02   4.4149895E-06   1.4863268E-07   1.0927549E-03   1.1347519E+02   1.1424599E+02   0.0000000E+00   0.0000000E+00   0.0000000E+00   0.0000000E+00   0.0000000E+00
   8.0695486E+00   9.3026760E+01   9.3026760E+01   2.8557294E-06   9.6165251E-08   8.9296349E-04   9.2399125E+01   9.3026760E+01   0.0000000E+00   0.0000000E+00   0.0000000E+00   0.0000000E+00   0.0000000E+00
