#           k/h    CDM            baryon         photon         nu             mass_nu        total          no_nu          total_de       Weyl           v_CDM          v_b            v_b-v_c     
   1.0008987E-05   2.3749896E+06   2.3749896E+06   3.1664979E+06   1.6466818E+04   1.2967304E+04   2.3754749E+06   2.3749896E+06   0.0000000E+00   0.0000000E+00   0.0000000E+00   0.0000000E+00   0.0000000E+00
   1.1230268E-05   2.3749890E+06   2.3749890E+06   3.1664570E+06   1.6466685E+04   1.2967080E+04   2.3754743E+06   2.3749890E+06   0.0000000E+00   0.0000000E+00   0.0000000E+00   0.0000000E+00   0.0000000E+00
   1.2600568E-05   2.3749883E+06   2.3749883E+06   3.1664056E+06   1.6466517E+04   1.2966798E+04   2.3754735E+06   2.3749883E+06   0.0000000E+00   0.0000000E+00   0.0000000E+00   0.0000000E+00   0.0000000E+00
   1.4138070E-05   2.3749874E+06   2.3749874E+06   3.1663408E+06   1.6466306E+04   1.2966442E+04   2.3754724E+06   2.3749874E+06   0.0000000E+00   0.0000000E+00   0.0000000E+00   0.0000000E+00   0.0000000E+00
   1.5863175E-05   2.3749862E+06   2.3749862E+06   3.1662592E+06   1.6466041E+04   1.2965995E+04   2.3754711E+06   2.3749862E+06   0.0000000E+00   0.0000000E+00   0.0000000E+00   0.0000000E+00   0.0000000E+00
   1.7798775E-05   2.3749847E+06   2.3749847E+06   3.1661565E+06   1.6465706E+04   1.2965432E+04   2.3754694E+06   2.3749847E+06   0.0000000E+00   0.0000000E+00   0.0000000E+00   0.0000000E+00   0.0000000E+00
   1.9970554E-05   2.3749828E+06   2.3749828E+06   3.1660272E+06   1.6465286E+04   1.2964723E+04   2.3754674E+06   2.3749828E+06   0.0000000E+00   0.0000000E+00   0.0000000E+00   0.0000000E+00   0.0000000E+00
   2.2407330E-05   2.3749805E+06   2.3749805E+06   3.1658644E+06   1.6464756E+04   1.2963831E+04   2.3754647E+06   2.3749805E+06   0.0000000E+00   0.0000000E+00   0.0000000E+00   0.0000000E+00   0.0000000E+00
   2.5141438E-05   2.3749776E+06   2.3749776E+06   3.1656595E+06   1.6464089E+04   1.2962708E+04   2.3754614E+06   2.3749776E+06   0.0000000E+00   0.0000000E+00   0.0000000E+00   0.0000000E+00   0.0000000E+00
   2.8209158E-05   2.3749738E+06   2.3749738E+06   3.1654016E+06   1.6463249E+04   1.2961294E+04   2.3754573E+06   2.3749738E+06   0.0000000E+00   0.0000000E+00   0.0000000E+00   0.0000000E+00   0.0000000E+00
   3.1651195E-05   2.3749692E+06   2.3749692E+06   3.1650769E+06   1.6462192E+04   1.2959514E+04   2.3754520E+06   2.3749692E+06   0.0000000E+00   0.0000000E+00   0.0000000E+00   0.0000000E+00   0.0000000E+00
   3.5513225E-05   2.3749633E+06   2.3749633E+06   3.1646682E+06   1.6460861E+04   1.2957274E+04   2.3754454E+06   2.3749633E+06   0.0000000E+00   0.0000000E+00   0.0000000E+00   0.0000000E+00   0.0000000E+00
   3.9846494E-05   2.3749559E+06   2.3749559E+06   3.1641537E+06   1.6459186E+04   1.2954455E+04   2.3754371E+06   2.3749559E+06   0.0000000E+00   0.0000000E+00   0.0000000E+00   0.0000000E+00   0.0000000E+00
   4.4708502E-05   2.3749466E+06   2.3749466E+06   3.1635062E+06   1.6457077E+04   1.2950907E+04   2.3754267E+06   2.3749466E+06   0.0000000E+00   0.0000000E+00   0.0000000E+00   0.0000000E+00   0.0000000E+00
   5.0163764E-05   2.3749348E+06   2.3749348E+06   3.1626911E+06   1.6454423E+04   1.2946442E+04   2.3754135E+06   2.3749348E+06   0.0000000E+00   0.0000000E+00   0.0000000E+00   0.0000000E+00   0.0000000E+00
   5.6284669E-05   2.3749201E+06   2.3749201E+06   3.1616653E+06   1.6451082E+04   1.2940824E+04   2.3753970E+06   2.3749201E+06   0.0000000E+00   0.0000000E+00   0.0000000E+00   0.0000000E+00   0.0000000E+00
   6.3152438E-05   2.3749015E+06   2.3749015E+06   3.1603743E+06   1.6446877E+04   1.2933756E+04   2.3753762E+06   2.3749015E+06   0.0000000E+00   0.0000000E+00   0.0000000E+00   0.0000000E+00   0.0000000E+00
   7.0858200E-05   2.3748781E+06   2.3748781E+06   3.1587497E+06   1.6441586E+04   1.2924865E+04   2.3753499E+06   2.3748781E+06   0.0000000E+00   0.0000000E+00   0.0000000E+00   0.0000000E+00   0.0000000E+00
   7.9504209E-05   2.3748486E+06   2.3748486E+06   3.1567056E+06   1.6434926E+04   1.2913683E+04   2.3753169E+06   2.3748486E+06   0.0000000E+00   0.0000000E+00   0.0000000E+00   0.0000000E+00   0.0000000E+00
   8.9205189E-05   2.3748115E+06   2.3748115E+06   3.1541340E+06   1.6426546E+04   1.2899624E+04   2.3752754E+06   2.3748115E+06   0.0000000E+00   0.0000000E+00   0.0000000E+00   0.0000000E+00   0.0000000E+00
   1.0008987E-04   2.3747648E+06   2.3747648E+06   3.1508992E+06   1.6416004E+04   1.2881953E+04   2.3752231E+06   2.3747648E+06   0.0000000E+00   0.0000000E+00   0.0000000E+00   0.0000000E+00   0.0000000E+00
   1.1230268E-04   2.3747061E+06   2.3747061E+06   3.1468312E+06   1.6402741E+04   1.2859752E+04   2.3751573E+06   2.3747061E+06   0.0000000E+00   0.0000000E+00   0.0000000E+00   0.0000000E+00   0.0000000E+00
   1.2600568E-04   2.3746322E+06   2.3746322E+06   3.1417168E+06   1.6386061E+04   1.2831873E+04   2.3750744E+06   2.3746322E+06   0.0000000E+00   0.0000000E+00   0.0000000E+00   0.0000000E+00   0.0000000E+00
   1.4138070E-04   2.3745392E+06   2.3745392E+06   3.1352892E+06   1.6365088E+04   1.2796889E+04   2.3749702E+06   2.3745392E+06   0.0000000E+00   0.0000000E+00   0.0000000E+00   0.0000000E+00   0.0000000E+00
   1.5863175E-04   2.3744221E+06   2.3744221E+06   3.1272145E+06   1.6338725E+04   1.2753025E+04   2.3748391E+06   2.3744221E+06   0.0000000E+00   0.0000000E+00   0.0000000E+00   0.0000000E+00   0.0000000E+00
   1.7798775E-04   2.3742749E+06   2.3742749E+06   3.1170764E+06   1.6305601E+04   1.2698085E+04   2.3746743E+06   2.3742749E+06   0.0000000E+00   0.0000000E+00   0.0000000E+00   0.0000000E+00   0.0000000E+00
   1.9970554E-04   2.3740897E+06   2.3740897E+06   3.1043566E+06   1.6264002E+04   1.2629365E+04   2.3744669E+06   2.3740897E+06   0.0000000E+00   0.0000000E+00   0.0000000E+00   0.0000000E+00   0.0000000E+00
   2.2407330E-04   2.3738569E+06   2.3738569E+06   3.0884115E+06   1.6211794E+04   1.2543552E+04   2.3742062E+06   2.3738569E+06   0.0000000E+00   0.0000000E+00   0.0000000E+00   0.0000000E+00   0.0000000E+00
   2.5141438E-04   2.3735642E+06   2.3735642E+06   3.0684457E+06   1.6146323E+04   1.2436624E+04   2.3738785E+06   2.3735642E+06   0.0000000E+00   0.0000000E+00   0.0000000E+00   0.0000000E+00   0.0000000E+00
   2.8209158E-04   2.3731964E+06   2.3731964E+06   3.0434801E+06   1.6064302E+04   1.2303746E+04   2.3734669E+06   2.3731964E+06   0.0000000E+00   0.0000000E+00   0.0000000E+00   0.0000000E+00   0.0000000E+00
   3.1651195E-04   2.3727345E+06   2.3727345E+06   3.0123179E+06   1.5961680E+04   1.2139183E+04   2.3729501E+06   2.3727345E+06   0.0000000E+00   0.0000000E+00   0.0000000E+00   0.0000000E+00   0.0000000E+00
   3.5513225E-04   2.3721547E+06   2.3721547E+06   2.9735074E+06   1.5833485E+04   1.1936269E+04   2.3723017E+06   2.3721547E+06   0.0000000E+00   0.0000000E+00   0.0000000E+00   0.0000000E+00   0.0000000E+00
   3.9846494E-04   2.3714274E+06   2.3714274E+06   2.9253074E+06   1.5673669E+04   1.1687453E+04   2.3714888E+06   2.3714274E+06   0.0000000E+00   0.0000000E+00   0.0000000E+00   0.0000000E+00   0.0000000E+00
   4.4708502E-04   2.3705162E+06   2.3705162E+06   2.8656585E+06   1.5474939E+04   1.1384514E+04   2.3704709E+06   2.3705162E+06   0.0000000E+00   0.0000000E+00   0.0000000E+00   0.0000000E+00   0.0000000E+00
   5.0163764E-04   2.3693757E+06   2.3693757E+06   2.7921725E+06   1.5228609E+04   1.1019035E+04   2.3691981E+06   2.3693757E+06   0.0000000E+00   0.0000000E+00   0.0000000E+00   0.0000000E+00   0.0000000E+00
   5.6284669E-04   2.3679504E+06   2.3679504E+06   2.7021537E+06   1.4924511E+04   1.0583289E+04   2.3676089E+06   2.3679504E+06   0.0000000E+00   0.0000000E+00   0.0000000E+00   0.0000000E+00   0.0000000E+00
   6.3152438E-04   2.3661724E+06   2.3661724E+06   2.5926761E+06   1.4551011E+04   1.0071719E+04   2.3656292E+06   2.3661724E+06   0.0000000E+00   0.0000000E+00   0.0000000E+00   0.0000000E+00   0.0000000E+00
   7.0858200E-04   2.3639596E+06   2.3639596E+06   2.4607505E+06   1.4095218E+04   9.4832256E+03   2.3631694E+06   2.3639596E+06   0.0000000E+00   0.0000000E+00   0.0000000E+00   0.0000000E+00   0.0000000E+00
   7.9504209E-04   2.3612133E+06   2.3612133E+06   2.3036243E+06   1.3543517E+04   8.8244584E+03   2.3601228E+06   2.3612133E+06   0.0000000E+00   0.0000000E+00   0.0000000E+00   0.0000000E+00   0.0000000E+00
   8.9205189E-04   2.3578167E+06   2.3578167E+06   2.1192647E+06   1.2882579E+04   8.1141190E+03   2.3563644E+06   2.3578167E+06   0.0000000E+00   0.0000000E+00   0.0000000E+00   0.0000000E+00   0.0000000E+00
   1.0008987E-03   2.3536336E+06   2.3536336E+06   1.9070736E+06   1.2101054E+04   7.3878790E+03   2.3517504E+06   2.3536336E+06   0.0000000E+00   0.0000000E+00   0.0000000E+00   0.0000000E+00   0.0000000E+00
   1.1230268E-03   2.3485079E+06   2.3485079E+06   1.6688482E+06   1.1192131E+04   6.7026318E+03   2.3461192E+06   2.3485079E+06   0.0000000E+00   0.0000000E+00   0.0000000E+00   0.0000000E+00   0.0000000E+00
   1.2600568E-03   2.3422657E+06   2.3422657E+06   1.4099222E+06   1.0157067E+04   6.1373161E+03   2.3392947E+06   2.3422657E+06   0.0000000E+00   0.0000000E+00   0.0000000E+00   0.0000000E+00   0.0000000E+00
   1.4138070E-03   2.3347177E+06   2.3347177E+06   1.1402559E+06   9.0095141E+03   5.7855065E+03   2.3310918E+06   2.3347177E+06   0.0000000E+00   0.0000000E+00   0.0000000E+00   0.0000000E+00   0.0000000E+00
   1.5863175E-03   2.3256655E+06   2.3256655E+06   8.7497986E+05   7.7799349E+03   5.7331948E+03   2.3213250E+06   2.3256655E+06   0.0000000E+00   0.0000000E+00   0.0000000E+00   0.0000000E+00   0.0000000E+00
   1.7798775E-03   2.3149084E+06   2.3149084E+06   6.3357366E+05   6.5185203E+03   6.0161222E+03   2.3098176E+06   2.3149084E+06   0.0000000E+00   0.0000000E+00   0.0000000E+00   0.0000000E+00   0.0000000E+00
   1.9970554E-03   2.3022499E+06   2.3022499E+06   4.3666755E+05   5.2939482E+03   6.5596052E+03   2.2964092E+06   2.3022499E+06   0.0000000E+00   0.0000000E+00   0.0000000E+00   0.0000000E+00   0.0000000E+00
   2.2407330E-03   2.2875003E+06   2.2875003E+06   2.9984808E+05   4.1846702E+03   7.1261588E+03   2.2809551E+06   2.2875003E+06   0.0000000E+00   0.0000000E+00   0.0000000E+00   0.0000000E+00   0.0000000E+00
   2.5141438E-03   2.2704718E+06   2.2704718E+06   2.2549367E+05   3.2605645E+03   7.3316435E+03   2.2633140E+06   2.2704718E+06   0.0000000E+00   0.0000000E+00   0.0000000E+00   0.0000000E+00   0.0000000E+00
   2.8209158E-03   2.2509648E+06   2.2509648E+06   1.9688462E+05   2.5576658E+03   6.8115360E+03   2.2433195E+06   2.2509648E+06   0.0000000E+00   0.0000000E+00   0.0000000E+00   0.0000000E+00   0.0000000E+00
   3.1651195E-03   2.2287503E+06   2.2287503E+06   1.8199412E+05   2.0577879E+03   5.5495403E+03   2.2207474E+06   2.2287503E+06   0.0000000E+00   0.0000000E+00   0.0000000E+00   0.0000000E+00   0.0000000E+00
   3.5513225E-03   2.2035633E+06   2.2035633E+06   1.5208134E+05   1.6928728E+03   4.1394968E+03   2.1953025E+06   2.2035633E+06   0.0000000E+00   0.0000000E+00   0.0000000E+00   0.0000000E+00   0.0000000E+00
   3.9846494E-03   2.1751223E+06   2.1751223E+06   1.0587965E+05   1.3862746E+03   3.4739107E+03   2.1666519E+06   2.1751223E+06   0.0000000E+00   0.0000000E+00   0.0000000E+00   0.0000000E+00   0.0000000E+00
   4.4708502E-03   2.1431653E+06   2.1431653E+06   7.0516665E+04   1.1072429E+03   3.6838134E+03   2.1344975E+06   2.1431653E+06   0.0000000E+00   0.0000000E+00   0.0000000E+00   0.0000000E+00   0.0000000E+00
   5.0163764E-03   2.1074621E+06   2.1074621E+06   6.1931878E+04   8.7700207E+02   3.6207484E+03   2.0986182E+06   2.1074621E+06   0.0000000E+00   0.0000000E+00   0.0000000E+00   0.0000000E+00   0.0000000E+00
   5.6284669E-03   2.0677775E+06   2.0677775E+06   5.5619650E+04   7.0598497E+02   2.6642118E+03   2.0588167E+06   2.0677775E+06   0.0000000E+00   0.0000000E+00   0.0000000E+00   0.0000000E+00   0.0000000E+00
   6.3152438E-03   2.0238538E+06   2.0238538E+06   3.5871106E+04   5.6326088E+02   2.2313176E+03   2.0148489E+06   2.0238538E+06   0.0000000E+00   0.0000000E+00   0.0000000E+00   0.0000000E+00   0.0000000E+00
   7.0858200E-03   1.9754544E+06   1.9754544E+06   2.8724202E+04   4.4090725E+02   2.3705753E+03   1.9664560E+06   1.9754544E+06   0.0000000E+00   0.0000000E+00   0.0000000E+00   0.0000000E+00   0.0000000E+00
   7.9504209E-03   1.9223626E+06   1.9223626E+06   2.5054066E+04   3.5111252E+02   1.6314179E+03   1.9134112E+06   1.9223626E+06   0.0000000E+00   0.0000000E+00   0.0000000E+00   0.0000000E+00   0.0000000E+00
   8.9205189E-03   1.8643399E+06   1.8643399E+06   1.5842556E+04   2.7331390E+02   1.6480969E+03   1.8554920E+06   1.8643399E+06   0.0000000E+00   0.0000000E+00   0.0000000E+00   0.0000000E+00   0.0000000E+00
   1.0008987E-02   1.8011754E+06   1.8011754E+06   1.4934752E+04   2.1389956E+02   1.2154480E+03   1.7924940E+06   1.8011754E+06   0.0000000E+00   0.0000000E+00   0.0000000E+00   0.0000000E+00   0.0000000E+00
   1.1230268E-02   1.7326598E+06   1.7326598E+06   9.7163349E+03   1.6531515E+02   1.2167451E+03   1.7241857E+06   1.7326598E+06   0.0000000E+00   0.0000000E+00   0.0000000E+00   0.0000000E+00   0.0000000E+00
   1.2600568E-02   1.6586075E+06   1.6586075E+06   7.6392922E+03   1.2791376E+02   8.3091028E+02   1.6503989E+06   1.6586075E+06   0.0000000E+00   0.0000000E+00   0.0000000E+00   0.0000000E+00   0.0000000E+00
   1.4138070E-02   1.5788758E+06   1.5788758E+06   6.5988854E+03   9.7845032E+01   7.4510165E+02   1.5709778E+06   1.5788758E+06   0.0000000E+00   0.0000000E+00   0.0000000E+00   0.0000000E+00   0.0000000E+00
   1.5863175E-02   1.4934074E+06   1.4934074E+06   4.6927076E+03   7.4262806E+01   6.9901795E+02   1.4858718E+06   1.4934074E+06   0.0000000E+00   0.0000000E+00   0.0000000E+00   0.0000000E+00   0.0000000E+00
   1.7798775E-02   1.4022950E+06   1.4022950E+06   3.3060594E+03   5.5976978E+01   5.9421298E+02   1.3951654E+06   1.4022950E+06   0.0000000E+00   0.0000000E+00   0.0000000E+00   0.0000000E+00   0.0000000E+00
   1.9970554E-02   1.3058810E+06   1.3058810E+06   2.4758621E+03   4.1904472E+01   4.8636122E+02   1.2991979E+06   1.3058810E+06   0.0000000E+00   0.0000000E+00   0.0000000E+00   0.0000000E+00   0.0000000E+00
   2.2407315E-02   1.2048941E+06   1.2048941E+06   1.9407067E+03   3.1108276E+01   3.7628094E+02   1.1986944E+06   1.2048941E+06   0.0000000E+00   0.0000000E+00   0.0000000E+00   0.0000000E+00   0.0000000E+00
   2.5141205E-02   1.1006212E+06   1.1006212E+06   1.3529258E+03   2.2878674E+01   2.6201102E+02   1.0949324E+06   1.1006212E+06   0.0000000E+00   0.0000000E+00   0.0000000E+00   0.0000000E+00   0.0000000E+00
   2.8206671E-02   9.9511905E+05   9.9511905E+05   8.9770228E+02   1.6585813E+01   2.5317597E+02   9.8995588E+05   9.9511905E+05   0.0000000E+00   0.0000000E+00   0.0000000E+00   0.0000000E+00   0.0000000E+00
   3.1632356E-02   8.9152138E+05   8.9152138E+05   6.6877274E+02   1.1953142E+01   1.7668705E+02   8.8688141E+05   8.9152138E+05   0.0000000E+00   0.0000000E+00   0.0000000E+00   0.0000000E+00   0.0000000E+00
   3.5408984E-02   7.9447882E+05   7.9447882E+05   5.1337851E+02   8.5673376E+00   1.5227919E+02   7.9033309E+05   7.9447882E+05   0.0000000E+00   0.0000000E+00   0.0000000E+00   0.0000000E+00   0.0000000E+00
   3.9421514E-02   7.1000901E+05   7.1000901E+05   3.6751431E+02   6.1969172E+00   1.3449730E+02   7.0629653E+05   7.1000901E+05   0.0000000E+00   0.0000000E+00   0.0000000E+00   0.0000000E+00   0.0000000E+00
   4.3428156E-02   6.4282352E+05   6.4282352E+05   2.5929856E+02   4.6197492E+00   1.1878291E+02   6.3945715E+05   6.4282352E+05   0.0000000E+00   0.0000000E+00   0.0000000E+00   0.0000000E+00   0.0000000E+00
   4.7213673E-02   5.9263721E+05   5.9263721E+05   1.8398342E+02   3.5877206E+00   9.8718281E+01   5.8953004E+05   5.9263721E+05   0.0000000E+00   0.0000000E+00   0.0000000E+00   0.0000000E+00   0.0000000E+00
   5.0722354E-02   5.5529488E+05   5.5529488E+05   1.6811580E+02   2.8957944E+00   8.0484216E+01   5.5238104E+05   5.5529488E+05   0.0000000E+00   0.0000000E+00   0.0000000E+00   0.0000000E+00   0.0000000E+00
   5.3999025E-02   5.2641493E+05   5.2641493E+05   1.3508778E+02   2.4031402E+00   8.5010141E+01   5.2365077E+05   5.2641493E+05   0.0000000E+00   0.0000000E+00   0.0000000E+00   0.0000000E+00   0.0000000E+00
   5.7107570E-02   5.0280228E+05   5.0280228E+05   1.1790091E+02   2.0402357E+00   6.9696094E+01   5.0016068E+05   5.0280228E+05   0.0000000E+00   0.0000000E+00   0.0000000E+00   0.0000000E+00   0.0000000E+00
   6.0102276E-02   4.8233414E+05   4.8233414E+05   9.6646090E+01   1.7560964E+00   7.2693817E+01   4.7979893E+05   4.8233414E+05   0.0000000E+00   0.0000000E+00   0.0000000E+00   0.0000000E+00   0.0000000E+00
   6.3024514E-02   4.6361380E+05   4.6361380E+05   9.4050847E+01   1.5291844E+00   6.4057226E+01   4.6117605E+05   4.6361380E+05   0.0000000E+00   0.0000000E+00   0.0000000E+00   0.0000000E+00   0.0000000E+00
   6.5905355E-02   4.4572297E+05   4.4572297E+05   7.2304460E+01   1.3410485E+00   6.0147358E+01   4.4337851E+05   4.4572297E+05   0.0000000E+00   0.0000000E+00   0.0000000E+00   0.0000000E+00   0.0000000E+00
   6.8768494E-02   4.2807462E+05   4.2807462E+05   6.8733462E+01   1.1813667E+00   6.2946874E+01   4.2582234E+05   4.2807462E+05   0.0000000E+00   0.0000000E+00   0.0000000E+00   0.0000000E+00   0.0000000E+00
   7.1632470E-02   4.1032763E+05   4.1032763E+05   6.4288270E+01   1.0455359E+00   5.2826855E+01   4.0816817E+05   4.1032763E+05   0.0000000E+00   0.0000000E+00   0.0000000E+00   0.0000000E+00   0.0000000E+00
   7.4512204E-02   3.9233475E+05   3.9233475E+05   4.8643484E+01   9.2627674E-01   5.1571538E+01   3.9026951E+05   3.9233475E+05   0.0000000E+00   0.0000000E+00   0.0000000E+00   0.0000000E+00   0.0000000E+00
   7.7420057E-02   3.7410692E+05   3.7410692E+05   4.9096721E+01   8.2115950E-01   5.2405324E+01   3.7213720E+05   3.7410692E+05   0.0000000E+00   0.0000000E+00   0.0000000E+00   0.0000000E+00   0.0000000E+00
   8.0366549E-02   3.5578377E+05   3.5578377E+05   4.2256667E+01   7.2907432E-01   4.3787813E+01   3.5391018E+05   3.5578377E+05   0.0000000E+00   0.0000000E+00   0.0000000E+00   0.0000000E+00   0.0000000E+00
   8.3360865E-02   3.3760479E+05   3.3760479E+05   3.4565390E+01   6.4665016E-01   4.5584799E+01   3.3582662E+05   3.3760479E+05   0.0000000E+00   0.0000000E+00   0.0000000E+00   0.0000000E+00   0.0000000E+00
   8.6411209E-02   3.1987760E+05   3.1987760E+05   3.4526721E+01   5.7406906E-01   3.9782500E+01   3.1819252E+05   3.1987760E+05   0.0000000E+00   0.0000000E+00   0.0000000E+00   0.0000000E+00   0.0000000E+00
   8.9525064E-02   3.0294231E+05   3.0294231E+05   2.6524450E+01   5.0938867E-01   3.9254933E+01   3.0134621E+05   3.0294231E+05   0.0000000E+00   0.0000000E+00   0.0000000E+00   0.0000000E+00   0.0000000E+00
   9.2709380E-02   2.8713215E+05   2.8713215E+05   2.6809977E+01   4.5256192E-01   3.5227051E+01   2.8561914E+05   2.8713215E+05   0.0000000E+00   0.0000000E+00   0.0000000E+00   0.0000000E+00   0.0000000E+00
   9.5970712E-02   2.7273229E+05   2.7273229E+05   2.1171122E+01   4.0230129E-01   3.5233098E+01   2.7129496E+05   2.7273229E+05   0.0000000E+00   0.0000000E+00   0.0000000E+00   0.0000000E+00   0.0000000E+00
   9.9315324E-02   2.5994005E+05   2.5994005E+05   2.0233209E+01   3.5854812E-01   3.0926874E+01   2.5856998E+05   2.5994005E+05   0.0000000E+00   0.0000000E+00   0.0000000E+00   0.0000000E+00   0.0000000E+00
   1.0274927E-01   2.4883123E+05   2.4883123E+05   1.8410869E+01   3.2016479E-01   3.1819767E+01   2.4751957E+05   2.4883123E+05   0.0000000E+00   0.0000000E+00   0.0000000E+00   0.0000000E+00   0.0000000E+00
   1.0627846E-01   2.3933758E+05   2.3933758E+05   1.4846795E+01   2.8687331E-01   2.9323363E+01   2.3807583E+05   2.3933758E+05   0.0000000E+00   0.0000000E+00   0.0000000E+00   0.0000000E+00   0.0000000E+00
   1.0990869E-01   2.3124090E+05   2.3124090E+05   1.4755996E+01   2.5775845E-01   2.7195536E+01   2.3002172E+05   2.3124090E+05   0.0000000E+00   0.0000000E+00   0.0000000E+00   0.0000000E+00   0.0000000E+00
   1.1364570E-01   2.2418799E+05   2.2418799E+05   1.3846364E+01   2.3214407E-01   2.7463298E+01   2.2300589E+05   2.2418799E+05   0.0000000E+00   0.0000000E+00   0.0000000E+00   0.0000000E+00   0.0000000E+00
   1.1749519E-01   2.1772847E+05   2.1772847E+05   1.1844978E+01   2.0949106E-01   2.7179841E+01   2.1658033E+05   2.1772847E+05   0.0000000E+00   0.0000000E+00   0.0000000E+00   0.0000000E+00   0.0000000E+00
   1.2146282E-01   2.1137403E+05   2.1137403E+05   1.0285468E+01   1.8922221E-01   2.5885583E+01   2.1025930E+05   2.1137403E+05   0.0000000E+00   0.0000000E+00   0.0000000E+00   0.0000000E+00   0.0000000E+00
   1.2555429E-01   2.0467286E+05   2.0467286E+05   9.2107475E+00   1.7087242E-01   2.4475013E+01   2.0359339E+05   2.0467286E+05   0.0000000E+00   0.0000000E+00   0.0000000E+00   0.0000000E+00   0.0000000E+00
   1.2977527E-01   1.9728846E+05   1.9728846E+05   8.2997317E+00   1.5396103E-01   2.3589373E+01   1.9624787E+05   1.9728846E+05   0.0000000E+00   0.0000000E+00   0.0000000E+00   0.0000000E+00   0.0000000E+00
   1.3413146E-01   1.8906758E+05   1.8906758E+05   7.4972396E+00   1.3834965E-01   2.2759141E+01   1.8807028E+05   1.8906758E+05   0.0000000E+00   0.0000000E+00   0.0000000E+00   0.0000000E+00   0.0000000E+00
   1.3862862E-01   1.8008056E+05   1.8008056E+05   6.9434020E+00   1.2388880E-01   2.1898718E+01   1.7913061E+05   1.8008056E+05   0.0000000E+00   0.0000000E+00   0.0000000E+00   0.0000000E+00   0.0000000E+00
   1.4327250E-01   1.7061919E+05   1.7061919E+05   6.5661674E+00   1.1057388E-01   2.0482516E+01   1.6971910E+05   1.7061919E+05   0.0000000E+00   0.0000000E+00   0.0000000E+00   0.0000000E+00   0.0000000E+00
   1.4806891E-01   1.6114386E+05   1.6114386E+05   5.6885252E+00   9.8472280E-02   1.8501941E+01   1.6029371E+05   1.6114386E+05   0.0000000E+00   0.0000000E+00   0.0000000E+00   0.0000000E+00   0.0000000E+00
   1.5302373E-01   1.5218336E+05   1.5218336E+05   4.6362674E+00   8.7582701E-02   1.7796302E+01   1.5138044E+05   1.5218336E+05   0.0000000E+00   0.0000000E+00   0.0000000E+00   0.0000000E+00   0.0000000E+00
   1.5814285E-01   1.4420485E+05   1.4420485E+05   4.5631988E+00   7.7969492E-02   1.6821837E+01   1.4344399E+05   1.4420485E+05   0.0000000E+00   0.0000000E+00   0.0000000E+00   0.0000000E+00   0.0000000E+00
   1.6343228E-01   1.3748522E+05   1.3748522E+05   3.6870819E+00   6.9590659E-02   1.5901322E+01   1.3675979E+05   1.3748522E+05   0.0000000E+00   0.0000000E+00   0.0000000E+00   0.0000000E+00   0.0000000E+00
   1.6889805E-01   1.3202227E+05   1.3202227E+05   3.6502927E+00   6.2339641E-02   1.5188144E+01   1.3132563E+05   1.3202227E+05   0.0000000E+00   0.0000000E+00   0.0000000E+00   0.0000000E+00   0.0000000E+00
   1.7454634E-01   1.2752093E+05   1.2752093E+05   3.1409309E+00   5.6037720E-02   1.4948560E+01   1.2684802E+05   1.2752093E+05   0.0000000E+00   0.0000000E+00   0.0000000E+00   0.0000000E+00   0.0000000E+00
   1.8038339E-01   1.2347195E+05   1.2347195E+05   2.7414137E+00   5.0478653E-02   1.4275228E+01   1.2282037E+05   1.2347195E+05   0.0000000E+00   0.0000000E+00   0.0000000E+00   0.0000000E+00   0.0000000E+00
   1.8641561E-01   1.1931053E+05   1.1931053E+05   2.5361717E+00   4.5463920E-02   1.3593473E+01   1.1868089E+05   1.1931053E+05   0.0000000E+00   0.0000000E+00   0.0000000E+00   0.0000000E+00   0.0000000E+00
   1.9264954E-01   1.1460915E+05   1.1460915E+05   2.3179521E+00   4.0840544E-02   1.2999713E+01   1.1400431E+05   1.1460915E+05   0.0000000E+00   0.0000000E+00   0.0000000E+00   0.0000000E+00   0.0000000E+00
   1.9909195E-01   1.0923458E+05   1.0923458E+05   2.0571852E+00   3.6533704E-02   1.2383453E+01   1.0865808E+05   1.0923458E+05   0.0000000E+00   0.0000000E+00   0.0000000E+00   0.0000000E+00   0.0000000E+00
   2.0574981E-01   1.0339970E+05   1.0339970E+05   1.7799915E+00   3.2537576E-02   1.1813697E+01   1.0285398E+05   1.0339970E+05   0.0000000E+00   0.0000000E+00   0.0000000E+00   0.0000000E+00   0.0000000E+00
   2.1263038E-01   9.7573944E+04   9.7573944E+04   1.5994974E+00   2.8909472E-02   1.1266784E+01   9.7058956E+04   9.7573944E+04   0.0000000E+00   0.0000000E+00   0.0000000E+00   0.0000000E+00   0.0000000E+00
   2.1974128E-01   9.2275241E+04   9.2275241E+04   1.4855042E+00   2.5688557E-02   1.0528416E+01   9.1788207E+04   9.2275241E+04   0.0000000E+00   0.0000000E+00   0.0000000E+00   0.0000000E+00   0.0000000E+00
   2.2709049E-01   8.7829164E+04   8.7829164E+04   1.2456033E+00   2.2892312E-02   1.0044927E+01   8.7365584E+04   8.7829164E+04   0.0000000E+00   0.0000000E+00   0.0000000E+00   0.0000000E+00   0.0000000E+00
   2.3468649E-01   8.4212777E+04   8.4212777E+04   1.1734757E+00   2.0484704E-02   9.4835235E+00   8.3768276E+04   8.4212777E+04   0.0000000E+00   0.0000000E+00   0.0000000E+00   0.0000000E+00   0.0000000E+00
   2.4253831E-01   8.1073962E+04   8.1073962E+04   1.0567692E+00   1.8377026E-02   9.2483613E+00   8.0646019E+04   8.1073962E+04   0.0000000E+00   0.0000000E+00   0.0000000E+00   0.0000000E+00   0.0000000E+00
   2.5065564E-01   7.7930876E+04   7.7930876E+04   9.3085256E-01   1.6485633E-02   8.8777572E+00   7.7519516E+04   7.7930876E+04   0.0000000E+00   0.0000000E+00   0.0000000E+00   0.0000000E+00   0.0000000E+00
   2.5904894E-01   7.4448802E+04   7.4448802E+04   8.3107405E-01   1.4743813E-02   8.4789657E+00   7.4055814E+04   7.4448802E+04   0.0000000E+00   0.0000000E+00   0.0000000E+00   0.0000000E+00   0.0000000E+00
   2.6772956E-01   7.0628922E+04   7.0628922E+04   7.4554345E-01   1.3132428E-02   8.0104948E+00   7.0256092E+04   7.0628922E+04   0.0000000E+00   0.0000000E+00   0.0000000E+00   0.0000000E+00   0.0000000E+00
   2.7670992E-01   6.6781134E+04   6.6781134E+04   6.6919617E-01   1.1666219E-02   7.5350689E+00   6.6428609E+04   6.6781134E+04   0.0000000E+00   0.0000000E+00   0.0000000E+00   0.0000000E+00   0.0000000E+00
   2.8600366E-01   6.3288777E+04   6.3288777E+04   5.7520634E-01   1.0368520E-02   7.0998066E+00   6.2954682E+04   6.3288777E+04   0.0000000E+00   0.0000000E+00   0.0000000E+00   0.0000000E+00   0.0000000E+00
   2.9562587E-01   6.0326684E+04   6.0326684E+04   5.2794220E-01   9.2381953E-03   6.8113675E+00   6.0008222E+04   6.0326684E+04   0.0000000E+00   0.0000000E+00   0.0000000E+00   0.0000000E+00   0.0000000E+00
   3.0559328E-01   5.7745674E+04   5.7745674E+04   4.6302453E-01   8.2522079E-03   6.5377900E+00   5.7440832E+04   5.7745674E+04   0.0000000E+00   0.0000000E+00   0.0000000E+00   0.0000000E+00   0.0000000E+00
   3.1592464E-01   5.5219767E+04   5.5219767E+04   4.1242420E-01   7.3702997E-03   6.2104996E+00   5.4928256E+04   5.5219767E+04   0.0000000E+00   0.0000000E+00   0.0000000E+00   0.0000000E+00   0.0000000E+00
   3.2664097E-01   5.2534398E+04   5.2534398E+04   3.6926672E-01   6.5625179E-03   5.9308646E+00   5.2257061E+04   5.2534398E+04   0.0000000E+00   0.0000000E+00   0.0000000E+00   0.0000000E+00   0.0000000E+00
   3.3776603E-01   4.9757703E+04   4.9757703E+04   3.3137110E-01   5.8252803E-03   5.5898274E+00   4.9495021E+04   4.9757703E+04   0.0000000E+00   0.0000000E+00   0.0000000E+00   0.0000000E+00   0.0000000E+00
   3.4932682E-01   4.7133361E+04   4.7133361E+04   2.8939257E-01   5.1655699E-03   5.2817715E+00   4.6884531E+04   4.7133361E+04   0.0000000E+00   0.0000000E+00   0.0000000E+00   0.0000000E+00   0.0000000E+00
   3.6135416E-01   4.4807204E+04   4.4807204E+04   2.6052357E-01   4.5855460E-03   5.0397906E+00   4.4570652E+04   4.4807204E+04   0.0000000E+00   0.0000000E+00   0.0000000E+00   0.0000000E+00   0.0000000E+00
   3.7388354E-01   4.2682764E+04   4.2682764E+04   2.3169130E-01   4.0743465E-03   4.7862514E+00   4.2457425E+04   4.2682764E+04   0.0000000E+00   0.0000000E+00   0.0000000E+00   0.0000000E+00   0.0000000E+00
   3.8695599E-01   4.0564155E+04   4.0564155E+04   2.0454893E-01   3.6135323E-03   4.5460001E+00   4.0349999E+04   4.0564155E+04   0.0000000E+00   0.0000000E+00   0.0000000E+00   0.0000000E+00   0.0000000E+00
   4.0061938E-01   3.8401471E+04   3.8401471E+04   1.8004107E-01   3.1946509E-03   4.3042292E+00   3.8198731E+04   3.8401471E+04   0.0000000E+00   0.0000000E+00   0.0000000E+00   0.0000000E+00   0.0000000E+00
   4.1492998E-01   3.6319514E+04   3.6319514E+04   1.5845183E-01   2.8184193E-03   4.0759757E+00   3.6127764E+04   3.6319514E+04   0.0000000E+00   0.0000000E+00   0.0000000E+00   0.0000000E+00   0.0000000E+00
   4.2995447E-01   3.4405622E+04   3.4405622E+04   1.3988105E-01   2.4854546E-03   3.8464885E+00   3.4223975E+04   3.4405622E+04   0.0000000E+00   0.0000000E+00   0.0000000E+00   0.0000000E+00   0.0000000E+00
   4.4577267E-01   3.2584369E+04   3.2584369E+04   1.2393956E-01   2.1880604E-03   3.6550694E+00   3.2412337E+04   3.2584369E+04   0.0000000E+00   0.0000000E+00   0.0000000E+00   0.0000000E+00   0.0000000E+00
   4.6248115E-01   3.0765443E+04   3.0765443E+04   1.0863717E-01   1.9201409E-03   3.4418578E+00   3.0603012E+04   3.0765443E+04   0.0000000E+00   0.0000000E+00   0.0000000E+00   0.0000000E+00   0.0000000E+00
   4.8019806E-01   2.8988291E+04   2.8988291E+04   9.4613620E-02   1.6788437E-03   3.2465348E+00   2.8835243E+04   2.8988291E+04   0.0000000E+00   0.0000000E+00   0.0000000E+00   0.0000000E+00   0.0000000E+00
   4.9906995E-01   2.7305879E+04   2.7305879E+04   8.2579183E-02   1.4638466E-03   3.0554029E+00   2.7161712E+04   2.7305879E+04   0.0000000E+00   0.0000000E+00   0.0000000E+00   0.0000000E+00   0.0000000E+00
   5.1928120E-01   2.5669532E+04   2.5669532E+04   7.1801552E-02   1.2707040E-03   2.8752528E+00   2.5534005E+04   2.5669532E+04   0.0000000E+00   0.0000000E+00   0.0000000E+00   0.0000000E+00   0.0000000E+00
   5.4106756E-01   2.4050677E+04   2.4050677E+04   6.1930141E-02   1.0968571E-03   2.6897087E+00   2.3923695E+04   2.4050677E+04   0.0000000E+00   0.0000000E+00   0.0000000E+00   0.0000000E+00   0.0000000E+00
   5.6473599E-01   2.2480857E+04   2.2480857E+04   5.3099276E-02   9.4102953E-04   2.5105464E+00   2.2362163E+04   2.2480857E+04   0.0000000E+00   0.0000000E+00   0.0000000E+00   0.0000000E+00   0.0000000E+00
   5.9069410E-01   2.0938094E+04   2.0938094E+04   4.5225015E-02   8.0122553E-04   2.3315464E+00   2.0827545E+04   2.0938094E+04   0.0000000E+00   0.0000000E+00   0.0000000E+00   0.0000000E+00   0.0000000E+00
   6.1949480E-01   1.9407659E+04   1.9407659E+04   3.8105664E-02   6.7516331E-04   2.1650870E+00   1.9305190E+04   1.9407659E+04   0.0000000E+00   0.0000000E+00   0.0000000E+00   0.0000000E+00   0.0000000E+00
   6.5190505E-01   1.7891559E+04   1.7891559E+04   3.1730138E-02   5.6212204E-04   1.9947198E+00   1.7797094E+04   1.7891559E+04   0.0000000E+00   0.0000000E+00   0.0000000E+00   0.0000000E+00   0.0000000E+00
   6.8901137E-01   1.6370587E+04   1.6370587E+04   2.5987321E-02   4.6037289E-04   1.8275960E+00   1.6284152E+04   1.6370587E+04   0.0000000E+00   0.0000000E+00   0.0000000E+00   0.0000000E+00   0.0000000E+00
   7.3237744E-01   1.4838093E+04   1.4838093E+04   2.0849660E-02   3.6935827E-04   1.6525901E+00   1.4759749E+04   1.4838093E+04   0.0000000E+00   0.0000000E+00   0.0000000E+00   0.0000000E+00   0.0000000E+00
   7.8425413E-01   1.3282703E+04   1.3282703E+04   1.6275617E-02   2.8830042E-04   1.4799464E+00   1.3212571E+04   1.3282703E+04   0.0000000E+00   0.0000000E+00   0.0000000E+00   0.0000000E+00   0.0000000E+00
   8.4776250E-01   1.1702532E+04   1.1702532E+04   1.2271611E-02   2.1737971E-04   1.3053196E+00   1.1640743E+04   1.1702532E+04   0.0000000E+00   0.0000000E+00   0.0000000E+00   0.0000000E+00   0.0000000E+00
   9.2672825E-01   1.0116107E+04   1.0116107E+04   8.8772696E-03   1.5725004E-04   1.1281819E+00   1.0062694E+04   1.0116107E+04   0.0000000E+00   0.0000000E+00   0.0000000E+00   0.0000000E+00   0.0000000E+00
   1.0245630E+00   8.5762261E+03   8.5762261E+03   6.1572683E-03   1.0907167E-04   9.5571654E-01   8.5309436E+03   8.5762261E+03   0.0000000E+00   0.0000000E+00   0.0000000E+00   0.0000000E+00   0.0000000E+00
   1.1424657E+00   7.1607623E+03   7.1607623E+03   4.1346723E-03   7.3244018E-05   7.9656393E-01   7.1229532E+03   7.1607623E+03   0.0000000E+00   0.0000000E+00   0.0000000E+00   0.0000000E+00   0.0000000E+00
   1.2795105E+00   5.9288351E+03   5.9288351E+03   2.7292839E-03   4.8348451E-05   6.5933270E-01   5.8975306E+03   5.9288351E+03   0.0000000E+00   0.0000000E+00   0.0000000E+00   0.0000000E+00   0.0000000E+00
   1.4350820E+00   4.8911218E+03   4.8911218E+03   1.7898672E-03   3.1706084E-05   5.4384178E-01   4.8652964E+03   4.8911218E+03   0.0000000E+00   0.0000000E+00   0.0000000E+00   0.0000000E+00   0.0000000E+00
   1.6100968E+00   4.0282646E+03   4.0282646E+03   1.1710604E-03   2.0745524E-05   4.4794767E-01   4.0069951E+03   4.0282646E+03   0.0000000E+00   0.0000000E+00   0.0000000E+00   0.0000000E+00   0.0000000E+00
   1.8065477E+00   3.3137674E+03   3.3137674E+03   7.6522135E-04   1.3555174E-05   3.6906237E-01   3.2962705E+03   3.3137674E+03   0.0000000E+00   0.0000000E+00   0.0000000E+00   0.0000000E+00   0.0000000E+00
   2.0269790E+00   2.7231754E+03   2.7231754E+03   4.9950569E-04   8.8484236E-06   3.0344136E-01   2.7087969E+03   2.7231754E+03   0.0000000E+00   0.0000000E+00   0.0000000E+00   0.0000000E+00   0.0000000E+00
   2.2743078E+00   2.2356529E+03   2.2356529E+03   3.2574475E-04   5.7705099E-06   2.4859079E-01   2.2238484E+03   2.2356529E+03   0.0000000E+00   0.0000000E+00   0.0000000E+00   0.0000000E+00   0.0000000E+00
   2.5518153E+00   1.8337036E+03   1.8337036E+03   2.1232134E-04   3.7595983E-06   2.0409437E-01   1.8240215E+03   1.8337036E+03   0.0000000E+00   0.0000000E+00   0.0000000E+00   0.0000000E+00   0.0000000E+00
   2.8631839E+00   1.5026892E+03   1.5026892E+03   1.3816727E-04   2.4474747E-06   1.6694242E-01   1.4947548E+03   1.5026892E+03   0.0000000E+00   0.0000000E+00   0.0000000E+00   0.0000000E+00   0.0000000E+00
   3.2125452E+00   1.2303880E+03   1.2303880E+03   8.9854988E-05   1.5918832E-06   1.3676514E-01   1.2238914E+03   1.2303880E+03   0.0000000E+00   0.0000000E+00   0.0000000E+00   0.0000000E+00   0.0000000E+00
   3.6045350E+00   1.0066184E+03   1.0066184E+03   5.8391606E-05   1.0345235E-06   1.1200837E-01   1.0013033E+03   1.0066184E+03   0.0000000E+00   0.0000000E+00   0.0000000E+00   0.0000000E+00   0.0000000E+00
   4.0443548E+00   8.2291181E+02   8.2291181E+02   3.7916855E-05   6.7188170E-07   9.1357255E-02   8.1856676E+02   8.2291181E+02   0.0000000E+00   0.0000000E+00   0.0000000E+00   0.0000000E+00   0.0000000E+00
   4.5378407E+00   6.7223686E+02   6.7223686E+02   2.4603837E-05   4.3601316E-07   7.4672366E-02   6.6868738E+02   6.7223686E+02   0.0000000E+00   0.0000000E+00   0.0000000E+00   0.0000000E+00   0.0000000E+00
   5.0915410E+00   5.4876438E+02   5.4876438E+02   1.5957156E-05   2.8274528E-07   6.1071054E-02   5.4586685E+02   5.4876438E+02   0.0000000E+00   0.0000000E+00   0.0000000E+00   0.0000000E+00   0.0000000E+00
   5.7128029E+00   4.4766924E+02   4.4766924E+02   1.0338671E-05   1.8324880E-07   4.9816162E-02   4.4530550E+02   4.4766924E+02   0.0000000E+00   0.0000000E+00   0.0000000E+00   0.0000000E+00   0.0000000E+00
   6.4098703E+00   3.6496293E+02   3.6496293E+02   6.6948023E-06   1.1869595E-07   4.0539060E-02   3.6303588E+02   3.6496293E+02   0.0000000E+00   0.0000000E+00   0.0000000E+00   0.0000000E+00   0.0000000E+00
   7.1919928E+00   2.9735280E+02   2.9735280E+02   4.3332387E-06   7.6837060E-08   3.3069210E-02   2.9578275E+02   2.9735280E+02   0.0000000E+00   0.0000000E+00   0.0000000E+00   0.0000000E+00   0.0000000E+00
   8.0695486E+00   2.4212413E+02   2.4212413E+02   2.8025642E-06   4.9713775E-08   2.6914978E-02   2.4084569E+02   2.4212413E+02   0.0000000E+00   0.0000000E+00   0.0000000E+00   0.0000000E+00   0.0000000E+00
