#           k/h    CDM            baryon         photon         nu             mass_nu        total          no_nu          total_de       Weyl           v_CDM          v_b            v_b-v_c     
   1.0008987E-05   1.3233964E+07   1.3233964E+07   1.7640190E+07   1.4365002E+04   4.4818727E+06   1.3234036E+07   1.3233964E+07   0.0000000E+00   0.0000000E+00   0.0000000E+00   0.0000000E+00   0.0000000E+00
   1.1230268E-05   1.3233960E+07   1.3233960E+07   1.7638865E+07   1.4364315E+04   4.4817862E+06   1.3234031E+07   1.3233960E+07   0.0000000E+00   0.0000000E+00   0.0000000E+00   0.0000000E+00   0.0000000E+00
   1.2600568E-05   1.3233954E+07   1.3233954E+07   1.7637196E+07   1.4363450E+04   4.4816774E+06   1.3234025E+07   1.3233954E+07   0.0000000E+00   0.0000000E+00   0.0000000E+00   0.0000000E+00   0.0000000E+00
   1.4138070E-05   1.3233946E+07   1.3233946E+07   1.7635096E+07   1.4362361E+04   4.4815404E+06   1.3234017E+07   1.3233946E+07   0.0000000E+00   0.0000000E+00   0.0000000E+00   0.0000000E+00   0.0000000E+00
   1.5863175E-05   1.3233936E+07   1.3233936E+07   1.7632452E+07   1.4360991E+04   4.4813680E+06   1.3234007E+07   1.3233936E+07   0.0000000E+00   0.0000000E+00   0.0000000E+00   0.0000000E+00   0.0000000E+00
   1.7798775E-05   1.3233924E+07   1.3233924E+07   1.7629124E+07   1.4359265E+04   4.4811510E+06   1.3233994E+07   1.3233924E+07   0.0000000E+00   0.0000000E+00   0.0000000E+00   0.0000000E+00   0.0000000E+00
   1.9970554E-05   1.3233909E+07   1.3233909E+07   1.7624935E+07   1.4357094E+04   4.4808780E+06   1.3233978E+07   1.3233909E+07   0.0000000E+00   0.0000000E+00   0.0000000E+00   0.0000000E+00   0.0000000E+00
   2.2407330E-05   1.3233890E+07   1.3233890E+07   1.7619663E+07   1.4354360E+04   4.4805343E+06   1.3233958E+07   1.3233890E+07   0.0000000E+00   0.0000000E+00   0.0000000E+00   0.0000000E+00   0.0000000E+00
   2.5141438E-05   1.3233866E+07   1.3233866E+07   1.7613028E+07   1.4350920E+04   4.4801019E+06   1.3233932E+07   1.3233866E+07   0.0000000E+00   0.0000000E+00   0.0000000E+00   0.0000000E+00   0.0000000E+00
   2.8209158E-05   1.3233835E+07   1.3233835E+07   1.7604679E+07   1.4346590E+04   4.4795579E+06   1.3233900E+07   1.3233835E+07   0.0000000E+00   0.0000000E+00   0.0000000E+00   0.0000000E+00   0.0000000E+00
   3.1651195E-05   1.3233797E+07   1.3233797E+07   1.7594173E+07   1.4341142E+04   4.4788735E+06   1.3233860E+07   1.3233797E+07   0.0000000E+00   0.0000000E+00   0.0000000E+00   0.0000000E+00   0.0000000E+00
   3.5513225E-05   1.3233749E+07   1.3233749E+07   1.7580955E+07   1.4334286E+04   4.4780129E+06   1.3233809E+07   1.3233749E+07   0.0000000E+00   0.0000000E+00   0.0000000E+00   0.0000000E+00   0.0000000E+00
   3.9846494E-05   1.3233689E+07   1.3233689E+07   1.7564328E+07   1.4325660E+04   4.4769308E+06   1.3233745E+07   1.3233689E+07   0.0000000E+00   0.0000000E+00   0.0000000E+00   0.0000000E+00   0.0000000E+00
   4.4708502E-05   1.3233612E+07   1.3233612E+07   1.7543417E+07   1.4314808E+04   4.4755708E+06   1.3233664E+07   1.3233612E+07   0.0000000E+00   0.0000000E+00   0.0000000E+00   0.0000000E+00   0.0000000E+00
   5.0163764E-05   1.3233517E+07   1.3233517E+07   1.7517125E+07   1.4301161E+04   4.4738621E+06   1.3233563E+07   1.3233517E+07   0.0000000E+00   0.0000000E+00   0.0000000E+00   0.0000000E+00   0.0000000E+00
   5.6284669E-05   1.3233396E+07   1.3233396E+07   1.7484079E+07   1.4284001E+04   4.4717165E+06   1.3233435E+07   1.3233396E+07   0.0000000E+00   0.0000000E+00   0.0000000E+00   0.0000000E+00   0.0000000E+00
   6.3152438E-05   1.3233244E+07   1.3233244E+07   1.7442561E+07   1.4262432E+04   4.4690241E+06   1.3233275E+07   1.3233244E+07   0.0000000E+00   0.0000000E+00   0.0000000E+00   0.0000000E+00   0.0000000E+00
   7.0858200E-05   1.3233053E+07   1.3233053E+07   1.7390426E+07   1.4235330E+04   4.4656483E+06   1.3233073E+07   1.3233053E+07   0.0000000E+00   0.0000000E+00   0.0000000E+00   0.0000000E+00   0.0000000E+00
   7.9504209E-05   1.3232813E+07   1.3232813E+07   1.7325003E+07   1.4201295E+04   4.4614204E+06   1.3232819E+07   1.3232813E+07   0.0000000E+00   0.0000000E+00   0.0000000E+00   0.0000000E+00   0.0000000E+00
   8.9205189E-05   1.3232510E+07   1.3232510E+07   1.7242973E+07   1.4158580E+04   4.4561321E+06   1.3232499E+07   1.3232510E+07   0.0000000E+00   0.0000000E+00   0.0000000E+00   0.0000000E+00   0.0000000E+00
   1.0008987E-04   1.3232130E+07   1.3232130E+07   1.7140229E+07   1.4105013E+04   4.4495287E+06   1.3232097E+07   1.3232130E+07   0.0000000E+00   0.0000000E+00   0.0000000E+00   0.0000000E+00   0.0000000E+00
   1.1230268E-04   1.3231652E+07   1.3231652E+07   1.7011712E+07   1.4037907E+04   4.4413009E+06   1.3231592E+07   1.3231652E+07   0.0000000E+00   0.0000000E+00   0.0000000E+00   0.0000000E+00   0.0000000E+00
   1.2600568E-04   1.3231051E+07   1.3231051E+07   1.6851222E+07   1.3953945E+04   4.4310764E+06   1.3230956E+07   1.3231051E+07   0.0000000E+00   0.0000000E+00   0.0000000E+00   0.0000000E+00   0.0000000E+00
   1.4138070E-04   1.3230295E+07   1.3230295E+07   1.6651230E+07   1.3849062E+04   4.4184141E+06   1.3230158E+07   1.3230295E+07   0.0000000E+00   0.0000000E+00   0.0000000E+00   0.0000000E+00   0.0000000E+00
   1.5863175E-04   1.3229347E+07   1.3229347E+07   1.6402675E+07   1.3718309E+04   4.4028001E+06   1.3229155E+07   1.3229347E+07   0.0000000E+00   0.0000000E+00   0.0000000E+00   0.0000000E+00   0.0000000E+00
   1.7798775E-04   1.3228156E+07   1.3228156E+07   1.6094801E+07   1.3555721E+04   4.3836515E+06   1.3227896E+07   1.3228156E+07   0.0000000E+00   0.0000000E+00   0.0000000E+00   0.0000000E+00   0.0000000E+00
   1.9970554E-04   1.3226663E+07   1.3226663E+07   1.5715068E+07   1.3354192E+04   4.3603305E+06   1.3226317E+07   1.3226663E+07   0.0000000E+00   0.0000000E+00   0.0000000E+00   0.0000000E+00   0.0000000E+00
   2.2407330E-04   1.3224791E+07   1.3224791E+07   1.5249213E+07   1.3105407E+04   4.3321782E+06   1.3224339E+07   1.3224791E+07   0.0000000E+00   0.0000000E+00   0.0000000E+00   0.0000000E+00   0.0000000E+00
   2.5141438E-04   1.3222450E+07   1.3222450E+07   1.4681587E+07   1.2799849E+04   4.2985750E+06   1.3221864E+07   1.3222450E+07   0.0000000E+00   0.0000000E+00   0.0000000E+00   0.0000000E+00   0.0000000E+00
   2.8209158E-04   1.3219523E+07   1.3219523E+07   1.3995909E+07   1.2426975E+04   4.2590418E+06   1.3218770E+07   1.3219523E+07   0.0000000E+00   0.0000000E+00   0.0000000E+00   0.0000000E+00   0.0000000E+00
   3.1651195E-04   1.3215872E+07   1.3215872E+07   1.3176685E+07   1.1975649E+04   4.2133901E+06   1.3214911E+07   1.3215872E+07   0.0000000E+00   0.0000000E+00   0.0000000E+00   0.0000000E+00   0.0000000E+00
   3.5513225E-04   1.3211327E+07   1.3211327E+07   1.2211542E+07   1.1434968E+04   4.1619286E+06   1.3210107E+07   1.3211327E+07   0.0000000E+00   0.0000000E+00   0.0000000E+00   0.0000000E+00   0.0000000E+00
   3.9846494E-04   1.3205685E+07   1.3205685E+07   1.1094729E+07   1.0795640E+04   4.1057116E+06   1.3204144E+07   1.3205685E+07   0.0000000E+00   0.0000000E+00   0.0000000E+00   0.0000000E+00   0.0000000E+00
   4.4708502E-04   1.3198701E+07   1.3198701E+07   9.8319266E+06   1.0052066E+04   4.0467783E+06   1.3196763E+07   1.3198701E+07   0.0000000E+00   0.0000000E+00   0.0000000E+00   0.0000000E+00   0.0000000E+00
   5.0163764E-04   1.3190089E+07   1.3190089E+07   8.4461148E+06   9.2052105E+03   3.9882646E+06   1.3187664E+07   1.3190089E+07   0.0000000E+00   0.0000000E+00   0.0000000E+00   0.0000000E+00   0.0000000E+00
   5.6284669E-04   1.3179514E+07   1.3179514E+07   6.9834951E+06   8.2660955E+03   3.9341658E+06   1.3176494E+07   1.3179514E+07   0.0000000E+00   0.0000000E+00   0.0000000E+00   0.0000000E+00   0.0000000E+00
   6.3152438E-04   1.3166591E+07   1.3166591E+07   5.5171835E+06   7.2593407E+03   3.8884364E+06   1.3162848E+07   1.3166591E+07   0.0000000E+00   0.0000000E+00   0.0000000E+00   0.0000000E+00   0.0000000E+00
   7.0858200E-04   1.3150879E+07   1.3150879E+07   4.1447567E+06   6.2254307E+03   3.8531110E+06   1.3146270E+07   1.3150879E+07   0.0000000E+00   0.0000000E+00   0.0000000E+00   0.0000000E+00   0.0000000E+00
   7.9504209E-04   1.3131882E+07   1.3131882E+07   2.9745492E+06   5.2195264E+03   3.8254649E+06   1.3126245E+07   1.3131882E+07   0.0000000E+00   0.0000000E+00   0.0000000E+00   0.0000000E+00   0.0000000E+00
   8.9205189E-04   1.3109035E+07   1.3109035E+07   2.0969492E+06   4.3041282E+03   3.7951845E+06   1.3102195E+07   1.3109035E+07   0.0000000E+00   0.0000000E+00   0.0000000E+00   0.0000000E+00   0.0000000E+00
   1.0008987E-03   1.3081696E+07   1.3081696E+07   1.5440737E+06   3.5339148E+03   3.7441689E+06   1.3073474E+07   1.3081696E+07   0.0000000E+00   0.0000000E+00   0.0000000E+00   0.0000000E+00   0.0000000E+00
   1.1230268E-03   1.3049130E+07   1.3049130E+07   1.2562089E+06   2.9351891E+03   3.6528841E+06   1.3039351E+07   1.3049130E+07   0.0000000E+00   0.0000000E+00   0.0000000E+00   0.0000000E+00   0.0000000E+00
   1.2600568E-03   1.3010488E+07   1.3010488E+07   1.0899778E+06   2.4899572E+03   3.5149053E+06   1.2999001E+07   1.3010488E+07   0.0000000E+00   0.0000000E+00   0.0000000E+00   0.0000000E+00   0.0000000E+00
   1.4138070E-03   1.2964818E+07   1.2964818E+07   8.9740603E+05   2.1411769E+03   3.3512802E+06   1.2951506E+07   1.2964818E+07   0.0000000E+00   0.0000000E+00   0.0000000E+00   0.0000000E+00   0.0000000E+00
   1.5863175E-03   1.2911089E+07   1.2911089E+07   6.4380180E+05   1.8288493E+03   3.2026254E+06   1.2895885E+07   1.2911089E+07   0.0000000E+00   0.0000000E+00   0.0000000E+00   0.0000000E+00   0.0000000E+00
   1.7798775E-03   1.2848237E+07   1.2848237E+07   4.3607415E+05   1.5357321E+03   3.0856930E+06   1.2831126E+07   1.2848237E+07   0.0000000E+00   0.0000000E+00   0.0000000E+00   0.0000000E+00   0.0000000E+00
   1.9970554E-03   1.2775182E+07   1.2775182E+07   3.6042660E+05   1.2892599E+03   2.9609207E+06   1.2756189E+07   1.2775182E+07   0.0000000E+00   0.0000000E+00   0.0000000E+00   0.0000000E+00   0.0000000E+00
   2.2407330E-03   1.2690799E+07   1.2690799E+07   3.2301441E+05   1.1025559E+03   2.7943606E+06   1.2669965E+07   1.2690799E+07   0.0000000E+00   0.0000000E+00   0.0000000E+00   0.0000000E+00   0.0000000E+00
   2.5141438E-03   1.2593886E+07   1.2593886E+07   2.2971530E+05   9.4492903E+02   2.6345358E+06   1.2571238E+07   1.2593886E+07   0.0000000E+00   0.0000000E+00   0.0000000E+00   0.0000000E+00   0.0000000E+00
   2.8209158E-03   1.2483197E+07   1.2483197E+07   1.7483497E+05   8.0262720E+02   2.4971206E+06   1.2458743E+07   1.2483197E+07   0.0000000E+00   0.0000000E+00   0.0000000E+00   0.0000000E+00   0.0000000E+00
   3.1651195E-03   1.2357450E+07   1.2357450E+07   1.4603085E+05   6.8653486E+02   2.3260412E+06   1.2331184E+07   1.2357450E+07   0.0000000E+00   0.0000000E+00   0.0000000E+00   0.0000000E+00   0.0000000E+00
   3.5513225E-03   1.2215279E+07   1.2215279E+07   9.9874434E+04   5.8226743E+02   2.1723759E+06   1.2187213E+07   1.2215279E+07   0.0000000E+00   0.0000000E+00   0.0000000E+00   0.0000000E+00   0.0000000E+00
   3.9846494E-03   1.2055285E+07   1.2055285E+07   8.9944648E+04   4.9396273E+02   1.9984469E+06   1.2025458E+07   1.2055285E+07   0.0000000E+00   0.0000000E+00   0.0000000E+00   0.0000000E+00   0.0000000E+00
   4.4708502E-03   1.1876057E+07   1.1876057E+07   6.2585788E+04   4.1612185E+02   1.8360104E+06   1.1844559E+07   1.1876057E+07   0.0000000E+00   0.0000000E+00   0.0000000E+00   0.0000000E+00   0.0000000E+00
   5.0163764E-03   1.1676237E+07   1.1676237E+07   4.9010505E+04   3.4924025E+02   1.6661312E+06   1.1643232E+07   1.1676237E+07   0.0000000E+00   0.0000000E+00   0.0000000E+00   0.0000000E+00   0.0000000E+00
   5.6284669E-03   1.1454505E+07   1.1454505E+07   4.1539078E+04   2.9142050E+02   1.5081735E+06   1.1420166E+07   1.1454505E+07   0.0000000E+00   0.0000000E+00   0.0000000E+00   0.0000000E+00   0.0000000E+00
   6.3152438E-03   1.1209523E+07   1.1209523E+07   3.0660033E+04   2.4183306E+02   1.3529917E+06   1.1174000E+07   1.1209523E+07   0.0000000E+00   0.0000000E+00   0.0000000E+00   0.0000000E+00   0.0000000E+00
   7.0858200E-03   1.0939964E+07   1.0939964E+07   2.3279664E+04   1.9911613E+02   1.2030255E+06   1.0903499E+07   1.0939964E+07   0.0000000E+00   0.0000000E+00   0.0000000E+00   0.0000000E+00   0.0000000E+00
   7.9504209E-03   1.0644578E+07   1.0644578E+07   1.7794216E+04   1.6311599E+02   1.0604679E+06   1.0607425E+07   1.0644578E+07   0.0000000E+00   0.0000000E+00   0.0000000E+00   0.0000000E+00   0.0000000E+00
   8.9205189E-03   1.0322115E+07   1.0322115E+07   1.4295702E+04   1.3254119E+02   9.2499301E+05   1.0284534E+07   1.0322115E+07   0.0000000E+00   0.0000000E+00   0.0000000E+00   0.0000000E+00   0.0000000E+00
   1.0008987E-02   9.9713638E+06   9.9713638E+06   1.0531294E+04   1.0691255E+02   7.9919308E+05   9.9336499E+06   9.9713638E+06   0.0000000E+00   0.0000000E+00   0.0000000E+00   0.0000000E+00   0.0000000E+00
   1.1230268E-02   9.5911653E+06   9.5911653E+06   7.6654262E+03   8.5453030E+01   6.8727730E+05   9.5536157E+06   9.5911653E+06   0.0000000E+00   0.0000000E+00   0.0000000E+00   0.0000000E+00   0.0000000E+00
   1.2600568E-02   9.1804844E+06   9.1804844E+06   5.8914587E+03   6.7783714E+01   5.8179078E+05   9.1434150E+06   9.1804844E+06   0.0000000E+00   0.0000000E+00   0.0000000E+00   0.0000000E+00   0.0000000E+00
   1.4138070E-02   8.7385235E+06   8.7385235E+06   4.6551730E+03   5.3229904E+01   4.8911006E+05   8.7022512E+06   8.7385235E+06   0.0000000E+00   0.0000000E+00   0.0000000E+00   0.0000000E+00   0.0000000E+00
   1.5863175E-02   8.2649521E+06   8.2649521E+06   3.4384664E+03   4.1392867E+01   4.0638454E+05   8.2297922E+06   8.2649521E+06   0.0000000E+00   0.0000000E+00   0.0000000E+00   0.0000000E+00   0.0000000E+00
   1.7798775E-02   7.7602707E+06   7.7602707E+06   2.4092425E+03   3.1845317E+01   3.3429538E+05   7.7265320E+06   7.7602707E+06   0.0000000E+00   0.0000000E+00   0.0000000E+00   0.0000000E+00   0.0000000E+00
   1.9970554E-02   7.2263619E+06   7.2263619E+06   1.9002461E+03   2.4227762E+01   2.7104416E+05   7.1943376E+06   7.2263619E+06   0.0000000E+00   0.0000000E+00   0.0000000E+00   0.0000000E+00   0.0000000E+00
   2.2407315E-02   6.6672459E+06   6.6672459E+06   1.4046126E+03   1.8208247E+01   2.1731038E+05   6.6371999E+06   6.6672459E+06   0.0000000E+00   0.0000000E+00   0.0000000E+00   0.0000000E+00   0.0000000E+00
   2.5141205E-02   6.0900322E+06   6.0900322E+06   9.6801513E+02   1.3512394E+01   1.7170033E+05   6.0621831E+06   6.0900322E+06   0.0000000E+00   0.0000000E+00   0.0000000E+00   0.0000000E+00   0.0000000E+00
   2.8206671E-02   5.5060882E+06   5.5060882E+06   7.2803077E+02   9.8991962E+00   1.3433595E+05   5.4805883E+06   5.5060882E+06   0.0000000E+00   0.0000000E+00   0.0000000E+00   0.0000000E+00   0.0000000E+00
   3.1632356E-02   4.9327415E+06   4.9327415E+06   5.1881176E+02   7.1759376E+00   1.0374988E+05   4.9096462E+06   4.9327415E+06   0.0000000E+00   0.0000000E+00   0.0000000E+00   0.0000000E+00   0.0000000E+00
   3.5408984E-02   4.3957130E+06   4.3957130E+06   3.3976269E+02   5.1795719E+00   7.9881686E+04   4.3749412E+06   4.3957130E+06   0.0000000E+00   0.0000000E+00   0.0000000E+00   0.0000000E+00   0.0000000E+00
   3.9421514E-02   3.9282867E+06   3.9282867E+06   2.5472478E+02   3.7797038E+00   6.1969800E+04   3.9095826E+06   3.9282867E+06   0.0000000E+00   0.0000000E+00   0.0000000E+00   0.0000000E+00   0.0000000E+00
   4.3428156E-02   3.5565198E+06   3.5565198E+06   1.9874035E+02   2.8449551E+00   4.9566820E+04   3.5394852E+06   3.5565198E+06   0.0000000E+00   0.0000000E+00   0.0000000E+00   0.0000000E+00   0.0000000E+00
   4.7213673E-02   3.2788238E+06   3.2788238E+06   1.4200934E+02   2.2333097E+00   4.1027335E+04   3.2630485E+06   3.2788238E+06   0.0000000E+00   0.0000000E+00   0.0000000E+00   0.0000000E+00   0.0000000E+00
   5.0722354E-02   3.0722009E+06   3.0722009E+06   1.1813471E+02   1.8213293E+00   3.5130740E+04   3.0573688E+06   3.0722009E+06   0.0000000E+00   0.0000000E+00   0.0000000E+00   0.0000000E+00   0.0000000E+00
   5.3999025E-02   2.9124043E+06   2.9124043E+06   9.8314774E+01   1.5286069E+00   3.0760783E+04   2.8983054E+06   2.9124043E+06   0.0000000E+00   0.0000000E+00   0.0000000E+00   0.0000000E+00   0.0000000E+00
   5.7107570E-02   2.7817539E+06   2.7817539E+06   8.4037991E+01   1.3089663E+00   2.7348990E+04   2.7682574E+06   2.7817539E+06   0.0000000E+00   0.0000000E+00   0.0000000E+00   0.0000000E+00   0.0000000E+00
   6.0102276E-02   2.6685035E+06   2.6685035E+06   7.6619361E+01   1.1362694E+00   2.4661805E+04   2.6555322E+06   2.6685035E+06   0.0000000E+00   0.0000000E+00   0.0000000E+00   0.0000000E+00   0.0000000E+00
   6.3024514E-02   2.5649250E+06   2.5649250E+06   6.2712904E+01   9.9533396E-01   2.2365154E+04   2.5524371E+06   2.5649250E+06   0.0000000E+00   0.0000000E+00   0.0000000E+00   0.0000000E+00   0.0000000E+00
   6.5905355E-02   2.4659374E+06   2.4659374E+06   5.8756786E+01   8.7680360E-01   2.0409731E+04   2.4539144E+06   2.4659374E+06   0.0000000E+00   0.0000000E+00   0.0000000E+00   0.0000000E+00   0.0000000E+00
   6.8768494E-02   2.3682925E+06   2.3682925E+06   4.9880783E+01   7.7497836E-01   1.8590572E+04   2.3567311E+06   2.3682925E+06   0.0000000E+00   0.0000000E+00   0.0000000E+00   0.0000000E+00   0.0000000E+00
   7.1632470E-02   2.2701028E+06   2.2701028E+06   4.3566002E+01   6.8596303E-01   1.7054529E+04   2.2590082E+06   2.2701028E+06   0.0000000E+00   0.0000000E+00   0.0000000E+00   0.0000000E+00   0.0000000E+00
   7.4512204E-02   2.1705537E+06   2.1705537E+06   4.0788791E+01   6.0739866E-01   1.5547532E+04   2.1599348E+06   2.1705537E+06   0.0000000E+00   0.0000000E+00   0.0000000E+00   0.0000000E+00   0.0000000E+00
   7.7420057E-02   2.0697055E+06   2.0697055E+06   3.3157899E+01   5.3759951E-01   1.4218727E+04   2.0595705E+06   2.0697055E+06   0.0000000E+00   0.0000000E+00   0.0000000E+00   0.0000000E+00   0.0000000E+00
   8.0366549E-02   1.9683306E+06   1.9683306E+06   3.1902430E+01   4.7544548E-01   1.2971950E+04   1.9586838E+06   1.9683306E+06   0.0000000E+00   0.0000000E+00   0.0000000E+00   0.0000000E+00   0.0000000E+00
   8.3360865E-02   1.8677540E+06   1.8677540E+06   2.5960719E+01   4.2019183E-01   1.1840874E+04   1.8585929E+06   1.8677540E+06   0.0000000E+00   0.0000000E+00   0.0000000E+00   0.0000000E+00   0.0000000E+00
   8.6411209E-02   1.7696775E+06   1.7696775E+06   2.4100586E+01   3.7126127E-01   1.0774078E+04   1.7609910E+06   1.7696775E+06   0.0000000E+00   0.0000000E+00   0.0000000E+00   0.0000000E+00   0.0000000E+00
   8.9525064E-02   1.6759826E+06   1.6759826E+06   2.1579719E+01   3.2818061E-01   9.8572545E+03   1.6677505E+06   1.6759826E+06   0.0000000E+00   0.0000000E+00   0.0000000E+00   0.0000000E+00   0.0000000E+00
   9.2709380E-02   1.5885130E+06   1.5885130E+06   1.8655905E+01   2.9053630E-01   9.0226249E+03   1.5807055E+06   1.5885130E+06   0.0000000E+00   0.0000000E+00   0.0000000E+00   0.0000000E+00   0.0000000E+00
   9.5970712E-02   1.5088460E+06   1.5088460E+06   1.6291138E+01   2.5789074E-01   8.2810851E+03   1.5014257E+06   1.5088460E+06   0.0000000E+00   0.0000000E+00   0.0000000E+00   0.0000000E+00   0.0000000E+00
   9.9315324E-02   1.4380735E+06   1.4380735E+06   1.4425593E+01   2.2976073E-01   7.6343192E+03   1.4309973E+06   1.4380735E+06   0.0000000E+00   0.0000000E+00   0.0000000E+00   0.0000000E+00   0.0000000E+00
   1.0274927E-01   1.3766145E+06   1.3766145E+06   1.3118178E+01   2.0563536E-01   7.0770453E+03   1.3698373E+06   1.3766145E+06   0.0000000E+00   0.0000000E+00   0.0000000E+00   0.0000000E+00   0.0000000E+00
   1.0627846E-01   1.3240916E+06   1.3240916E+06   1.2176555E+01   1.8494026E-01   6.5899409E+03   1.3175697E+06   1.3240916E+06   0.0000000E+00   0.0000000E+00   0.0000000E+00   0.0000000E+00   0.0000000E+00
   1.0990869E-01   1.2792974E+06   1.2792974E+06   1.0617446E+01   1.6709249E-01   6.1626605E+03   1.2729933E+06   1.2792974E+06   0.0000000E+00   0.0000000E+00   0.0000000E+00   0.0000000E+00   0.0000000E+00
   1.1364570E-01   1.2402778E+06   1.2402778E+06   9.4808755E+00   1.5150254E-01   5.8195418E+03   1.2341633E+06   1.2402778E+06   0.0000000E+00   0.0000000E+00   0.0000000E+00   0.0000000E+00   0.0000000E+00
   1.1749519E-01   1.2045411E+06   1.2045411E+06   8.7445267E+00   1.3763898E-01   5.4770208E+03   1.1986004E+06   1.2045411E+06   0.0000000E+00   0.0000000E+00   0.0000000E+00   0.0000000E+00   0.0000000E+00
   1.2146282E-01   1.1693857E+06   1.1693857E+06   8.1812362E+00   1.2502837E-01   5.1811271E+03   1.1636162E+06   1.1693857E+06   0.0000000E+00   0.0000000E+00   0.0000000E+00   0.0000000E+00   0.0000000E+00
   1.2555429E-01   1.1323121E+06   1.1323121E+06   7.3351300E+00   1.1332062E-01   4.8875135E+03   1.1267235E+06   1.1323121E+06   0.0000000E+00   0.0000000E+00   0.0000000E+00   0.0000000E+00   0.0000000E+00
   1.2977527E-01   1.0914586E+06   1.0914586E+06   6.6466215E+00   1.0228709E-01   4.5877009E+03   1.0860698E+06   1.0914586E+06   0.0000000E+00   0.0000000E+00   0.0000000E+00   0.0000000E+00   0.0000000E+00
   1.3413146E-01   1.0459774E+06   1.0459774E+06   5.8843509E+00   9.1831139E-02   4.2819629E+03   1.0408115E+06   1.0459774E+06   0.0000000E+00   0.0000000E+00   0.0000000E+00   0.0000000E+00   0.0000000E+00
   1.3862862E-01   9.9625774E+05   9.9625774E+05   5.0383370E+00   8.1968238E-02   3.9861820E+03   9.9133594E+05   9.9625774E+05   0.0000000E+00   0.0000000E+00   0.0000000E+00   0.0000000E+00   0.0000000E+00
   1.4327250E-01   9.4391389E+05   9.4391389E+05   4.7381535E+00   7.2799274E-02   3.6876505E+03   9.3924936E+05   9.4391389E+05   0.0000000E+00   0.0000000E+00   0.0000000E+00   0.0000000E+00   0.0000000E+00
   1.4806891E-01   8.9149293E+05   8.9149293E+05   4.0508441E+00   6.4457526E-02   3.4099791E+03   8.8708627E+05   8.9149293E+05   0.0000000E+00   0.0000000E+00   0.0000000E+00   0.0000000E+00   0.0000000E+00
   1.5302373E-01   8.4192028E+05   8.4192028E+05   3.5226642E+00   5.7061825E-02   3.1492733E+03   8.3775761E+05   8.4192028E+05   0.0000000E+00   0.0000000E+00   0.0000000E+00   0.0000000E+00   0.0000000E+00
   1.5814285E-01   7.9778054E+05   7.9778054E+05   3.1679246E+00   5.0667726E-02   2.9232004E+03   7.9383516E+05   7.9778054E+05   0.0000000E+00   0.0000000E+00   0.0000000E+00   0.0000000E+00   0.0000000E+00
   1.6343228E-01   7.6060543E+05   7.6060543E+05   2.9079337E+00   4.5248385E-02   2.7272805E+03   7.5684306E+05   7.6060543E+05   0.0000000E+00   0.0000000E+00   0.0000000E+00   0.0000000E+00   0.0000000E+00
   1.6889805E-01   7.3038274E+05   7.3038274E+05   2.5251322E+00   4.0679538E-02   2.5710226E+03   7.2676910E+05   7.3038274E+05   0.0000000E+00   0.0000000E+00   0.0000000E+00   0.0000000E+00   0.0000000E+00
   1.7454634E-01   7.0548009E+05   7.0548009E+05   2.2876032E+00   3.6776716E-02   2.4337289E+03   7.0198896E+05   7.0548009E+05   0.0000000E+00   0.0000000E+00   0.0000000E+00   0.0000000E+00   0.0000000E+00
   1.8038339E-01   6.8307996E+05   6.8307996E+05   2.0954522E+00   3.3326981E-02   2.3142902E+03   6.7969905E+05   6.8307996E+05   0.0000000E+00   0.0000000E+00   0.0000000E+00   0.0000000E+00   0.0000000E+00
   1.8641561E-01   6.6005775E+05   6.6005775E+05   1.8650187E+00   3.0145845E-02   2.1992393E+03   6.5679020E+05   6.6005775E+05   0.0000000E+00   0.0000000E+00   0.0000000E+00   0.0000000E+00   0.0000000E+00
   1.9264954E-01   6.3404828E+05   6.3404828E+05   1.7277223E+00   2.7117867E-02   2.0799451E+03   6.3090896E+05   6.3404828E+05   0.0000000E+00   0.0000000E+00   0.0000000E+00   0.0000000E+00   0.0000000E+00
   1.9909195E-01   6.0431442E+05   6.0431442E+05   1.5022651E+00   2.4214277E-02   1.9504394E+03   6.0132185E+05   6.0431442E+05   0.0000000E+00   0.0000000E+00   0.0000000E+00   0.0000000E+00   0.0000000E+00
   2.0574981E-01   5.7203402E+05   5.7203402E+05   1.3325485E+00   2.1480097E-02   1.8184055E+03   5.6920088E+05   5.7203402E+05   0.0000000E+00   0.0000000E+00   0.0000000E+00   0.0000000E+00   0.0000000E+00
   2.1263038E-01   5.3980414E+05   5.3980414E+05   1.1931639E+00   1.8996509E-02   1.6919432E+03   5.3713026E+05   5.3980414E+05   0.0000000E+00   0.0000000E+00   0.0000000E+00   0.0000000E+00   0.0000000E+00
   2.1974128E-01   5.1049016E+05   5.1049016E+05   1.0644954E+00   1.6832556E-02   1.5762050E+03   5.0796114E+05   5.1049016E+05   0.0000000E+00   0.0000000E+00   0.0000000E+00   0.0000000E+00   0.0000000E+00
   2.2709049E-01   4.8589323E+05   4.8589323E+05   9.5479639E-01   1.5004304E-02   1.4817420E+03   4.8348577E+05   4.8589323E+05   0.0000000E+00   0.0000000E+00   0.0000000E+00   0.0000000E+00   0.0000000E+00
   2.3468649E-01   4.6588644E+05   4.6588644E+05   8.5677104E-01   1.3467573E-02   1.4025013E+03   4.6357784E+05   4.6588644E+05   0.0000000E+00   0.0000000E+00   0.0000000E+00   0.0000000E+00   0.0000000E+00
   2.4253831E-01   4.4852173E+05   4.4852173E+05   7.5447546E-01   1.2135136E-02   1.3339000E+03   4.4629893E+05   4.4852173E+05   0.0000000E+00   0.0000000E+00   0.0000000E+00   0.0000000E+00   0.0000000E+00
   2.5065564E-01   4.3113334E+05   4.3113334E+05   6.9349296E-01   1.0919145E-02   1.2675054E+03   4.2899650E+05   4.3113334E+05   0.0000000E+00   0.0000000E+00   0.0000000E+00   0.0000000E+00   0.0000000E+00
   2.5904894E-01   4.1186953E+05   4.1186953E+05   6.2022349E-01   9.7679930E-03   1.1979049E+03   4.0982797E+05   4.1186953E+05   0.0000000E+00   0.0000000E+00   0.0000000E+00   0.0000000E+00   0.0000000E+00
   2.6772956E-01   3.9073686E+05   3.9073686E+05   5.4093865E-01   8.6798724E-03   1.1244648E+03   3.8879987E+05   3.9073686E+05   0.0000000E+00   0.0000000E+00   0.0000000E+00   0.0000000E+00   0.0000000E+00
   2.7670992E-01   3.6944981E+05   3.6944981E+05   4.8393176E-01   7.6875804E-03   1.0527711E+03   3.6761818E+05   3.6944981E+05   0.0000000E+00   0.0000000E+00   0.0000000E+00   0.0000000E+00   0.0000000E+00
   2.8600366E-01   3.5012915E+05   3.5012915E+05   4.2808748E-01   6.8222607E-03   9.8828064E+02   3.4839317E+05   3.5012915E+05   0.0000000E+00   0.0000000E+00   0.0000000E+00   0.0000000E+00   0.0000000E+00
   2.9562587E-01   3.3374210E+05   3.3374210E+05   3.8038721E-01   6.0864262E-03   9.3408489E+02   3.3208724E+05   3.3374210E+05   0.0000000E+00   0.0000000E+00   0.0000000E+00   0.0000000E+00   0.0000000E+00
   3.0559328E-01   3.1946331E+05   3.1946331E+05   3.3977013E-01   5.4511826E-03   8.8644143E+02   3.1787914E+05   3.1946331E+05   0.0000000E+00   0.0000000E+00   0.0000000E+00   0.0000000E+00   0.0000000E+00
   3.1592464E-01   3.0548935E+05   3.0548935E+05   3.0758830E-01   4.8768445E-03   8.4082096E+02   3.0397437E+05   3.0548935E+05   0.0000000E+00   0.0000000E+00   0.0000000E+00   0.0000000E+00   0.0000000E+00
   3.2664097E-01   2.9063318E+05   2.9063318E+05   2.7179247E-01   4.3410575E-03   7.9386975E+02   2.8919178E+05   2.9063318E+05   0.0000000E+00   0.0000000E+00   0.0000000E+00   0.0000000E+00   0.0000000E+00
   3.3776603E-01   2.7527176E+05   2.7527176E+05   2.4226581E-01   3.8465492E-03   7.4621939E+02   2.7390646E+05   2.7527176E+05   0.0000000E+00   0.0000000E+00   0.0000000E+00   0.0000000E+00   0.0000000E+00
   3.4932682E-01   2.6075322E+05   2.6075322E+05   2.1379352E-01   3.4073019E-03   7.0209842E+02   2.5945985E+05   2.6075322E+05   0.0000000E+00   0.0000000E+00   0.0000000E+00   0.0000000E+00   0.0000000E+00
   3.6135416E-01   2.4788433E+05   2.4788433E+05   1.9026944E-01   3.0272292E-03   6.6291459E+02   2.4665473E+05   2.4788433E+05   0.0000000E+00   0.0000000E+00   0.0000000E+00   0.0000000E+00   0.0000000E+00
   3.7388354E-01   2.3613141E+05   2.3613141E+05   1.6939675E-01   2.6934497E-03   6.2777605E+02   2.3496005E+05   2.3613141E+05   0.0000000E+00   0.0000000E+00   0.0000000E+00   0.0000000E+00   0.0000000E+00
   3.8695599E-01   2.2441073E+05   2.2441073E+05   1.4968465E-01   2.3897966E-03   5.9308430E+02   2.2329746E+05   2.2441073E+05   0.0000000E+00   0.0000000E+00   0.0000000E+00   0.0000000E+00   0.0000000E+00
   4.0061938E-01   2.1244621E+05   2.1244621E+05   1.3257773E-01   2.1111860E-03   5.5816579E+02   2.1139224E+05   2.1244621E+05   0.0000000E+00   0.0000000E+00   0.0000000E+00   0.0000000E+00   0.0000000E+00
   4.1492998E-01   2.0092829E+05   2.0092829E+05   1.1685033E-01   1.8616980E-03   5.2505929E+02   1.9993143E+05   2.0092829E+05   0.0000000E+00   0.0000000E+00   0.0000000E+00   0.0000000E+00   0.0000000E+00
   4.2995447E-01   1.9034017E+05   1.9034017E+05   1.0305759E-01   1.6424051E-03   4.9490318E+02   1.8939580E+05   1.9034017E+05   0.0000000E+00   0.0000000E+00   0.0000000E+00   0.0000000E+00   0.0000000E+00
   4.4577267E-01   1.8026455E+05   1.8026455E+05   9.0678896E-02   1.4470605E-03   4.6639266E+02   1.7937013E+05   1.8026455E+05   0.0000000E+00   0.0000000E+00   0.0000000E+00   0.0000000E+00   0.0000000E+00
   4.6248115E-01   1.7020180E+05   1.7020180E+05   7.9546151E-02   1.2695190E-03   4.3831953E+02   1.6935728E+05   1.7020180E+05   0.0000000E+00   0.0000000E+00   0.0000000E+00   0.0000000E+00   0.0000000E+00
   4.8019806E-01   1.6037015E+05   1.6037015E+05   6.9533295E-02   1.1096532E-03   4.1117195E+02   1.5957439E+05   1.6037015E+05   0.0000000E+00   0.0000000E+00   0.0000000E+00   0.0000000E+00   0.0000000E+00
   4.9906995E-01   1.5106264E+05   1.5106264E+05   6.0559572E-02   9.6769584E-04   3.8563242E+02   1.5031303E+05   1.5106264E+05   0.0000000E+00   0.0000000E+00   0.0000000E+00   0.0000000E+00   0.0000000E+00
   5.1928120E-01   1.4200997E+05   1.4200997E+05   5.2584388E-02   8.4033519E-04   3.6101432E+02   1.4130526E+05   1.4200997E+05   0.0000000E+00   0.0000000E+00   0.0000000E+00   0.0000000E+00   0.0000000E+00
   5.4106756E-01   1.3305406E+05   1.3305406E+05   4.5389221E-02   7.2527151E-04   3.3691096E+02   1.3239378E+05   1.3305406E+05   0.0000000E+00   0.0000000E+00   0.0000000E+00   0.0000000E+00   0.0000000E+00
   5.6473599E-01   1.2436944E+05   1.2436944E+05   3.8960087E-02   6.2233021E-04   3.1375473E+02   1.2375224E+05   1.2436944E+05   0.0000000E+00   0.0000000E+00   0.0000000E+00   0.0000000E+00   0.0000000E+00
   5.9069410E-01   1.1583450E+05   1.1583450E+05   3.3163451E-02   5.2982764E-04   2.9111579E+02   1.1525963E+05   1.1583450E+05   0.0000000E+00   0.0000000E+00   0.0000000E+00   0.0000000E+00   0.0000000E+00
   6.1949480E-01   1.0736776E+05   1.0736776E+05   2.7947661E-02   4.4652023E-04   2.6886996E+02   1.0683490E+05   1.0736776E+05   0.0000000E+00   0.0000000E+00   0.0000000E+00   0.0000000E+00   0.0000000E+00
   6.5190505E-01   9.8980329E+04   9.8980329E+04   2.3265527E-02   3.7173911E-04   2.4700065E+02   9.8489080E+04   9.8980329E+04   0.0000000E+00   0.0000000E+00   0.0000000E+00   0.0000000E+00   0.0000000E+00
   6.8901137E-01   9.0565948E+04   9.0565948E+04   1.9054880E-02   3.0451892E-04   2.2521157E+02   9.0116449E+04   9.0565948E+04   0.0000000E+00   0.0000000E+00   0.0000000E+00   0.0000000E+00   0.0000000E+00
   7.3237744E-01   8.2087819E+04   8.2087819E+04   1.5285756E-02   2.4430324E-04   2.0343207E+02   8.1680388E+04   8.2087819E+04   0.0000000E+00   0.0000000E+00   0.0000000E+00   0.0000000E+00   0.0000000E+00
   7.8425413E-01   7.3483030E+04   7.3483030E+04   1.1932354E-02   1.9072600E-04   1.8149370E+02   7.3118299E+04   7.3483030E+04   0.0000000E+00   0.0000000E+00   0.0000000E+00   0.0000000E+00   0.0000000E+00
   8.4776250E-01   6.4741145E+04   6.4741145E+04   8.9962397E-03   1.4381418E-04   1.5936918E+02   6.4419796E+04   6.4741145E+04   0.0000000E+00   0.0000000E+00   0.0000000E+00   0.0000000E+00   0.0000000E+00
   9.2672825E-01   5.5964665E+04   5.5964665E+04   6.5060161E-03   1.0404117E-04   1.3731329E+02   5.5686872E+04   5.5964665E+04   0.0000000E+00   0.0000000E+00   0.0000000E+00   0.0000000E+00   0.0000000E+00
   1.0245630E+00   4.7445676E+04   4.7445676E+04   4.5145187E-03   7.2168885E-05   1.1604817E+02   4.7210164E+04   4.7445676E+04   0.0000000E+00   0.0000000E+00   0.0000000E+00   0.0000000E+00   0.0000000E+00
   1.1424657E+00   3.9614993E+04   3.9614993E+04   3.0308644E-03   4.8465754E-05   9.6631238E+01   3.9418347E+04   3.9614993E+04   0.0000000E+00   0.0000000E+00   0.0000000E+00   0.0000000E+00   0.0000000E+00
   1.2795105E+00   3.2799679E+04   3.2799679E+04   2.0005199E-03   3.1994500E-05   7.9822879E+01   3.2636861E+04   3.2799679E+04   0.0000000E+00   0.0000000E+00   0.0000000E+00   0.0000000E+00   0.0000000E+00
   1.4350820E+00   2.7058803E+04   2.7058803E+04   1.3118786E-03   2.0983920E-05   6.5730065E+01   2.6924481E+04   2.7058803E+04   0.0000000E+00   0.0000000E+00   0.0000000E+00   0.0000000E+00   0.0000000E+00
   1.6100968E+00   2.2285272E+04   2.2285272E+04   8.5831005E-04   1.3730660E-05   5.4052769E+01   2.2174645E+04   2.2285272E+04   0.0000000E+00   0.0000000E+00   0.0000000E+00   0.0000000E+00   0.0000000E+00
   1.8065477E+00   1.8332504E+04   1.8332504E+04   5.6091896E-04   8.9733031E-06   4.4412449E+01   1.8241498E+04   1.8332504E+04   0.0000000E+00   0.0000000E+00   0.0000000E+00   0.0000000E+00   0.0000000E+00
   2.0269790E+00   1.5065209E+04   1.5065209E+04   3.6615634E-04   5.8582672E-06   3.6462001E+01   1.4990422E+04   1.5065209E+04   0.0000000E+00   0.0000000E+00   0.0000000E+00   0.0000000E+00   0.0000000E+00
   2.2743078E+00   1.2368118E+04   1.2368118E+04   2.3874723E-04   3.8209530E-06   2.9911262E+01   1.2306719E+04   1.2368118E+04   0.0000000E+00   0.0000000E+00   0.0000000E+00   0.0000000E+00   0.0000000E+00
   2.5518153E+00   1.0144439E+04   1.0144439E+04   1.5553913E-04   2.4899289E-06   2.4519144E+01   1.0094079E+04   1.0144439E+04   0.0000000E+00   0.0000000E+00   0.0000000E+00   0.0000000E+00   0.0000000E+00
   2.8631839E+00   8.3131878E+03   8.3131878E+03   1.0129891E-04   1.6212157E-06   2.0083081E+01   8.2719187E+03   8.3131878E+03   0.0000000E+00   0.0000000E+00   0.0000000E+00   0.0000000E+00   0.0000000E+00
   3.2125452E+00   6.8067522E+03   6.8067522E+03   6.5850180E-05   1.0547611E-06   1.6437654E+01   6.7729613E+03   6.8067522E+03   0.0000000E+00   0.0000000E+00   0.0000000E+00   0.0000000E+00   0.0000000E+00
   3.6045350E+00   5.5688049E+03   5.5688049E+03   4.2794223E-05   6.8573516E-07   1.3443808E+01   5.5411596E+03   5.5688049E+03   0.0000000E+00   0.0000000E+00   0.0000000E+00   0.0000000E+00   0.0000000E+00
   4.0443548E+00   4.5524958E+03   4.5524958E+03   2.7789652E-05   4.4551696E-07   1.0987708E+01   4.5298957E+03   4.5524958E+03   0.0000000E+00   0.0000000E+00   0.0000000E+00   0.0000000E+00   0.0000000E+00
   4.5378407E+00   3.7189253E+03   3.7189253E+03   1.8031578E-05   2.8927660E-07   8.9740143E+00   3.7004633E+03   3.7189253E+03   0.0000000E+00   0.0000000E+00   0.0000000E+00   0.0000000E+00   0.0000000E+00
   5.0915410E+00   3.0358452E+03   3.0358452E+03   1.1689450E-05   1.8772711E-07   7.3246297E+00   3.0207742E+03   3.0358452E+03   0.0000000E+00   0.0000000E+00   0.0000000E+00   0.0000000E+00   0.0000000E+00
   5.7128029E+00   2.4765619E+03   2.4765619E+03   7.5804215E-06   1.2176945E-07   5.9745024E+00   2.4642673E+03   2.4765619E+03   0.0000000E+00   0.0000000E+00   0.0000000E+00   0.0000000E+00   0.0000000E+00
   6.4098703E+00   2.0190098E+03   2.0190098E+03   4.9064082E-06   7.8956214E-08   4.8701126E+00   2.0089867E+03   2.0190098E+03   0.0000000E+00   0.0000000E+00   0.0000000E+00   0.0000000E+00   0.0000000E+00
   7.1919928E+00   1.6449734E+03   1.6449734E+03   3.1753752E-06   5.1180402E-08   3.9675884E+00   1.6368072E+03   1.6449734E+03   0.0000000E+00   0.0000000E+00   0.0000000E+00   0.0000000E+00   0.0000000E+00
   8.0695486E+00   1.3394342E+03   1.3394342E+03   2.0537992E-06   3.3170106E-08   3.2303688E+00   1.3327847E+03   1.3394342E+03   0.0000000E+00   0.0000000E+00   0.0000000E+00   0.0000000E+00   0.0000000E+00
