#           k/h    CDM            baryon         photon         nu             mass_nu        total          no_nu          total_de       Weyl           v_CDM          v_b            v_b-v_c     
   1.0008987E-05   4.5071315E+06   4.5071315E+06   6.0089367E+06   1.5294711E+04   1.2166664E+05   4.5074054E+06   4.5071315E+06   0.0000000E+00   0.0000000E+00   0.0000000E+00   0.0000000E+00   0.0000000E+00
   1.1230268E-05   4.5071302E+06   4.5071302E+06   6.0087868E+06   1.5294477E+04   1.2166480E+05   4.5074040E+06   4.5071302E+06   0.0000000E+00   0.0000000E+00   0.0000000E+00   0.0000000E+00   0.0000000E+00
   1.2600568E-05   4.5071285E+06   4.5071285E+06   6.0085982E+06   1.5294182E+04   1.2166248E+05   4.5074022E+06   4.5071285E+06   0.0000000E+00   0.0000000E+00   0.0000000E+00   0.0000000E+00   0.0000000E+00
   1.4138070E-05   4.5071264E+06   4.5071264E+06   6.0083608E+06   1.5293810E+04   1.2165957E+05   4.5073999E+06   4.5071264E+06   0.0000000E+00   0.0000000E+00   0.0000000E+00   0.0000000E+00   0.0000000E+00
   1.5863175E-05   4.5071238E+06   4.5071238E+06   6.0080618E+06   1.5293343E+04   1.2165590E+05   4.5073970E+06   4.5071238E+06   0.0000000E+00   0.0000000E+00   0.0000000E+00   0.0000000E+00   0.0000000E+00
   1.7798775E-05   4.5071206E+06   4.5071206E+06   6.0076855E+06   1.5292755E+04   1.2165128E+05   4.5073934E+06   4.5071206E+06   0.0000000E+00   0.0000000E+00   0.0000000E+00   0.0000000E+00   0.0000000E+00
   1.9970554E-05   4.5071164E+06   4.5071164E+06   6.0072118E+06   1.5292014E+04   1.2164546E+05   4.5073889E+06   4.5071164E+06   0.0000000E+00   0.0000000E+00   0.0000000E+00   0.0000000E+00   0.0000000E+00
   2.2407330E-05   4.5071112E+06   4.5071112E+06   6.0066155E+06   1.5291082E+04   1.2163814E+05   4.5073832E+06   4.5071112E+06   0.0000000E+00   0.0000000E+00   0.0000000E+00   0.0000000E+00   0.0000000E+00
   2.5141438E-05   4.5071047E+06   4.5071047E+06   6.0058649E+06   1.5289908E+04   1.2162892E+05   4.5073760E+06   4.5071047E+06   0.0000000E+00   0.0000000E+00   0.0000000E+00   0.0000000E+00   0.0000000E+00
   2.8209158E-05   4.5070964E+06   4.5070964E+06   6.0049200E+06   1.5288431E+04   1.2161732E+05   4.5073669E+06   4.5070964E+06   0.0000000E+00   0.0000000E+00   0.0000000E+00   0.0000000E+00   0.0000000E+00
   3.1651195E-05   4.5070860E+06   4.5070860E+06   6.0037307E+06   1.5286571E+04   1.2160272E+05   4.5073555E+06   4.5070860E+06   0.0000000E+00   0.0000000E+00   0.0000000E+00   0.0000000E+00   0.0000000E+00
   3.5513225E-05   4.5070730E+06   4.5070730E+06   6.0022338E+06   1.5284230E+04   1.2158435E+05   4.5073411E+06   4.5070730E+06   0.0000000E+00   0.0000000E+00   0.0000000E+00   0.0000000E+00   0.0000000E+00
   3.9846494E-05   4.5070565E+06   4.5070565E+06   6.0003498E+06   1.5281284E+04   1.2156122E+05   4.5073231E+06   4.5070565E+06   0.0000000E+00   0.0000000E+00   0.0000000E+00   0.0000000E+00   0.0000000E+00
   4.4708502E-05   4.5070358E+06   4.5070358E+06   5.9979787E+06   1.5277575E+04   1.2153214E+05   4.5073003E+06   4.5070358E+06   0.0000000E+00   0.0000000E+00   0.0000000E+00   0.0000000E+00   0.0000000E+00
   5.0163764E-05   4.5070097E+06   4.5070097E+06   5.9949950E+06   1.5272908E+04   1.2149554E+05   4.5072717E+06   4.5070097E+06   0.0000000E+00   0.0000000E+00   0.0000000E+00   0.0000000E+00   0.0000000E+00
   5.6284669E-05   4.5069769E+06   4.5069769E+06   5.9912407E+06   1.5267034E+04   1.2144951E+05   4.5072356E+06   4.5069769E+06   0.0000000E+00   0.0000000E+00   0.0000000E+00   0.0000000E+00   0.0000000E+00
   6.3152438E-05   4.5069356E+06   4.5069356E+06   5.9865174E+06   1.5259644E+04   1.2139164E+05   4.5071903E+06   4.5069356E+06   0.0000000E+00   0.0000000E+00   0.0000000E+00   0.0000000E+00   0.0000000E+00
   7.0858200E-05   4.5068836E+06   4.5068836E+06   5.9805762E+06   1.5250345E+04   1.2131888E+05   4.5071332E+06   4.5068836E+06   0.0000000E+00   0.0000000E+00   0.0000000E+00   0.0000000E+00   0.0000000E+00
   7.9504209E-05   4.5068182E+06   4.5068182E+06   5.9731045E+06   1.5238648E+04   1.2122746E+05   4.5070613E+06   4.5068182E+06   0.0000000E+00   0.0000000E+00   0.0000000E+00   0.0000000E+00   0.0000000E+00
   8.9205189E-05   4.5067359E+06   4.5067359E+06   5.9637106E+06   1.5223937E+04   1.2111263E+05   4.5069708E+06   4.5067359E+06   0.0000000E+00   0.0000000E+00   0.0000000E+00   0.0000000E+00   0.0000000E+00
   1.0008987E-04   4.5066322E+06   4.5066322E+06   5.9519043E+06   1.5205438E+04   1.2096849E+05   4.5068570E+06   4.5066322E+06   0.0000000E+00   0.0000000E+00   0.0000000E+00   0.0000000E+00   0.0000000E+00
   1.1230268E-04   4.5065018E+06   4.5065018E+06   5.9370722E+06   1.5182187E+04   1.2078771E+05   4.5067138E+06   4.5065018E+06   0.0000000E+00   0.0000000E+00   0.0000000E+00   0.0000000E+00   0.0000000E+00
   1.2600568E-04   4.5063378E+06   4.5063378E+06   5.9184492E+06   1.5152971E+04   1.2056117E+05   4.5065336E+06   4.5063378E+06   0.0000000E+00   0.0000000E+00   0.0000000E+00   0.0000000E+00   0.0000000E+00
   1.4138070E-04   4.5061314E+06   4.5061314E+06   5.8950824E+06   1.5116280E+04   1.2027766E+05   4.5063070E+06   4.5061314E+06   0.0000000E+00   0.0000000E+00   0.0000000E+00   0.0000000E+00   0.0000000E+00
   1.5863175E-04   4.5058718E+06   4.5058718E+06   5.8657888E+06   1.5070231E+04   1.1992336E+05   4.5060219E+06   4.5058718E+06   0.0000000E+00   0.0000000E+00   0.0000000E+00   0.0000000E+00   0.0000000E+00
   1.7798775E-04   4.5055455E+06   4.5055455E+06   5.8291054E+06   1.5012482E+04   1.1948149E+05   4.5056636E+06   4.5055455E+06   0.0000000E+00   0.0000000E+00   0.0000000E+00   0.0000000E+00   0.0000000E+00
   1.9970554E-04   4.5051353E+06   4.5051353E+06   5.7832310E+06   1.4940134E+04   1.1893173E+05   4.5052132E+06   4.5051353E+06   0.0000000E+00   0.0000000E+00   0.0000000E+00   0.0000000E+00   0.0000000E+00
   2.2407330E-04   4.5046199E+06   4.5046199E+06   5.7259624E+06   1.4849610E+04   1.1824986E+05   4.5046475E+06   4.5046199E+06   0.0000000E+00   0.0000000E+00   0.0000000E+00   0.0000000E+00   0.0000000E+00
   2.5141438E-04   4.5039727E+06   4.5039727E+06   5.6546262E+06   1.4736524E+04   1.1740746E+05   4.5039372E+06   4.5039727E+06   0.0000000E+00   0.0000000E+00   0.0000000E+00   0.0000000E+00   0.0000000E+00
   2.8209158E-04   4.5031605E+06   4.5031605E+06   5.5660123E+06   1.4595536E+04   1.1637189E+05   4.5030459E+06   4.5031605E+06   0.0000000E+00   0.0000000E+00   0.0000000E+00   0.0000000E+00   0.0000000E+00
   3.1651195E-04   4.5021419E+06   4.5021419E+06   5.4563201E+06   1.4420205E+04   1.1510695E+05   4.5019287E+06   4.5021419E+06   0.0000000E+00   0.0000000E+00   0.0000000E+00   0.0000000E+00   0.0000000E+00
   3.5513225E-04   4.5008659E+06   4.5008659E+06   5.3211350E+06   1.4202860E+04   1.1357428E+05   4.5005295E+06   4.5008659E+06   0.0000000E+00   0.0000000E+00   0.0000000E+00   0.0000000E+00   0.0000000E+00
   3.9846494E-04   4.4992693E+06   4.4992693E+06   5.1554620E+06   1.3934513E+04   1.1173642E+05   4.4987798E+06   4.4992693E+06   0.0000000E+00   0.0000000E+00   0.0000000E+00   0.0000000E+00   0.0000000E+00
   4.4708502E-04   4.4972748E+06   4.4972748E+06   4.9538617E+06   1.3604870E+04   1.0956189E+05   4.4965952E+06   4.4972748E+06   0.0000000E+00   0.0000000E+00   0.0000000E+00   0.0000000E+00   0.0000000E+00
   5.0163764E-04   4.4947877E+06   4.4947877E+06   4.7107454E+06   1.3202514E+04   1.0703327E+05   4.4938733E+06   4.4947877E+06   0.0000000E+00   0.0000000E+00   0.0000000E+00   0.0000000E+00   0.0000000E+00
   5.6284669E-04   4.4916939E+06   4.4916939E+06   4.4209122E+06   1.2715358E+04   1.0415888E+05   4.4904907E+06   4.4916939E+06   0.0000000E+00   0.0000000E+00   0.0000000E+00   0.0000000E+00   0.0000000E+00
   6.3152438E-04   4.4878561E+06   4.4878561E+06   4.0804205E+06   1.2131525E+04   1.0098819E+05   4.4863000E+06   4.4878561E+06   0.0000000E+00   0.0000000E+00   0.0000000E+00   0.0000000E+00   0.0000000E+00
   7.0858200E-04   4.4831123E+06   4.4831123E+06   3.6878807E+06   1.1440810E+04   9.7629314E+04   4.4811280E+06   4.4831123E+06   0.0000000E+00   0.0000000E+00   0.0000000E+00   0.0000000E+00   0.0000000E+00
   7.9504209E-04   4.4772729E+06   4.4772729E+06   3.2462049E+06   1.0636906E+04   9.4264030E+04   4.4747742E+06   4.4772729E+06   0.0000000E+00   0.0000000E+00   0.0000000E+00   0.0000000E+00   0.0000000E+00
   8.9205189E-04   4.4701209E+06   4.4701209E+06   2.7647006E+06   9.7204611E+03   9.1149919E+04   4.4670115E+06   4.4701209E+06   0.0000000E+00   0.0000000E+00   0.0000000E+00   0.0000000E+00   0.0000000E+00
   1.0008987E-03   4.4614119E+06   4.4614119E+06   2.2611030E+06   8.7028192E+03   8.8592096E+04   4.4575886E+06   4.4614119E+06   0.0000000E+00   0.0000000E+00   0.0000000E+00   0.0000000E+00   0.0000000E+00
   1.1230268E-03   4.4508776E+06   4.4508776E+06   1.7626675E+06   7.6098235E+03   8.6860609E+04   4.4462353E+06   4.4508776E+06   0.0000000E+00   0.0000000E+00   0.0000000E+00   0.0000000E+00   0.0000000E+00
   1.2600568E-03   4.4382288E+06   4.4382288E+06   1.3048500E+06   6.4842981E+03   8.6033885E+04   4.4326691E+06   4.4382288E+06   0.0000000E+00   0.0000000E+00   0.0000000E+00   0.0000000E+00   0.0000000E+00
   1.4138070E-03   4.4231602E+06   4.4231602E+06   9.2573386E+05   5.3849112E+03   8.5781801E+04   4.4166026E+06   4.4231602E+06   0.0000000E+00   0.0000000E+00   0.0000000E+00   0.0000000E+00   0.0000000E+00
   1.5863175E-03   4.4053512E+06   4.4053512E+06   6.5501385E+05   4.3786055E+03   8.5186365E+04   4.3977469E+06   4.4053512E+06   0.0000000E+00   0.0000000E+00   0.0000000E+00   0.0000000E+00   0.0000000E+00
   1.7798775E-03   4.3844622E+06   4.3844622E+06   4.9921952E+05   3.5248607E+03   8.2829013E+04   4.3758067E+06   4.3844622E+06   0.0000000E+00   0.0000000E+00   0.0000000E+00   0.0000000E+00   0.0000000E+00
   1.9970554E-03   4.3601250E+06   4.3601250E+06   4.3058266E+05   2.8543633E+03   7.7443641E+04   4.3504655E+06   4.3601250E+06   0.0000000E+00   0.0000000E+00   0.0000000E+00   0.0000000E+00   0.0000000E+00
   2.2407330E-03   4.3319328E+06   4.3319328E+06   3.9273673E+05   2.3524850E+03   6.9157082E+04   4.3213636E+06   4.3319328E+06   0.0000000E+00   0.0000000E+00   0.0000000E+00   0.0000000E+00   0.0000000E+00
   2.5141438E-03   4.2994418E+06   4.2994418E+06   3.3283883E+05   1.9643968E+03   6.0418019E+04   4.2880838E+06   4.2994418E+06   0.0000000E+00   0.0000000E+00   0.0000000E+00   0.0000000E+00   0.0000000E+00
   2.8209158E-03   4.2621934E+06   4.2621934E+06   2.4487870E+05   1.6309628E+03   5.4699746E+04   4.2501620E+06   4.2621934E+06   0.0000000E+00   0.0000000E+00   0.0000000E+00   0.0000000E+00   0.0000000E+00
   3.1651195E-03   4.2197444E+06   4.2197444E+06   1.7389586E+05   1.3327863E+03   5.2416510E+04   4.2071198E+06   4.2197444E+06   0.0000000E+00   0.0000000E+00   0.0000000E+00   0.0000000E+00   0.0000000E+00
   3.5513225E-03   4.1716655E+06   4.1716655E+06   1.4904591E+05   1.0895334E+03   4.9085696E+04   4.1584877E+06   4.1716655E+06   0.0000000E+00   0.0000000E+00   0.0000000E+00   0.0000000E+00   0.0000000E+00
   3.9846494E-03   4.1174966E+06   4.1174966E+06   1.3069046E+05   9.0353540E+02   4.2358290E+04   4.1037927E+06   4.1174966E+06   0.0000000E+00   0.0000000E+00   0.0000000E+00   0.0000000E+00   0.0000000E+00
   4.4708502E-03   4.0567348E+06   4.0567348E+06   9.1017948E+04   7.4156601E+02   3.7595833E+04   4.0425536E+06   4.0567348E+06   0.0000000E+00   0.0000000E+00   0.0000000E+00   0.0000000E+00   0.0000000E+00
   5.0163764E-03   3.9888995E+06   3.9888995E+06   7.2181984E+04   5.9836503E+02   3.4961672E+04   3.9743213E+06   3.9888995E+06   0.0000000E+00   0.0000000E+00   0.0000000E+00   0.0000000E+00   0.0000000E+00
   5.6284669E-03   3.9135406E+06   3.9135406E+06   6.0124950E+04   4.8723082E+02   2.9426559E+04   3.8986644E+06   3.9135406E+06   0.0000000E+00   0.0000000E+00   0.0000000E+00   0.0000000E+00   0.0000000E+00
   6.3152438E-03   3.8301974E+06   3.8301974E+06   4.0554397E+04   3.9091523E+02   2.6993291E+04   3.8151182E+06   3.8301974E+06   0.0000000E+00   0.0000000E+00   0.0000000E+00   0.0000000E+00   0.0000000E+00
   7.0858200E-03   3.7384275E+06   3.7384275E+06   3.5009363E+04   3.1460181E+02   2.2766609E+04   3.7232184E+06   3.7384275E+06   0.0000000E+00   0.0000000E+00   0.0000000E+00   0.0000000E+00   0.0000000E+00
   7.9504209E-03   3.6377856E+06   3.6377856E+06   2.4194692E+04   2.4925927E+02   2.0611466E+04   3.6225458E+06   3.6377856E+06   0.0000000E+00   0.0000000E+00   0.0000000E+00   0.0000000E+00   0.0000000E+00
   8.9205189E-03   3.5278503E+06   3.5278503E+06   1.8736644E+04   1.9812320E+02   1.7092107E+04   3.5126984E+06   3.5278503E+06   0.0000000E+00   0.0000000E+00   0.0000000E+00   0.0000000E+00   0.0000000E+00
   1.0008987E-02   3.4082085E+06   3.4082085E+06   1.5981804E+04   1.5573775E+02   1.4721415E+04   3.3932258E+06   3.4082085E+06   0.0000000E+00   0.0000000E+00   0.0000000E+00   0.0000000E+00   0.0000000E+00
   1.1230268E-02   3.2784628E+06   3.2784628E+06   1.2056811E+04   1.2165690E+02   1.2753445E+04   3.2637637E+06   3.2784628E+06   0.0000000E+00   0.0000000E+00   0.0000000E+00   0.0000000E+00   0.0000000E+00
   1.2600568E-02   3.1382608E+06   3.1382608E+06   8.8544228E+03   9.4412653E+01   1.0744199E+04   3.1239391E+06   3.1382608E+06   0.0000000E+00   0.0000000E+00   0.0000000E+00   0.0000000E+00   0.0000000E+00
   1.4138070E-02   2.9873320E+06   2.9873320E+06   6.6700386E+03   7.2814975E+01   8.9570460E+03   2.9734896E+06   2.9873320E+06   0.0000000E+00   0.0000000E+00   0.0000000E+00   0.0000000E+00   0.0000000E+00
   1.5863175E-02   2.8255648E+06   2.8255648E+06   5.1955756E+03   5.5663031E+01   7.3443647E+03   2.8122976E+06   2.8255648E+06   0.0000000E+00   0.0000000E+00   0.0000000E+00   0.0000000E+00   0.0000000E+00
   1.7798775E-02   2.6531329E+06   2.6531329E+06   3.7313250E+03   4.2213503E+01   5.8654580E+03   2.6405311E+06   2.6531329E+06   0.0000000E+00   0.0000000E+00   0.0000000E+00   0.0000000E+00   0.0000000E+00
   1.9970554E-02   2.4706823E+06   2.4706823E+06   2.6466545E+03   3.1647761E+01   4.9742974E+03   2.4588310E+06   2.4706823E+06   0.0000000E+00   0.0000000E+00   0.0000000E+00   0.0000000E+00   0.0000000E+00
   2.2407315E-02   2.2795902E+06   2.2795902E+06   1.9693361E+03   2.3529009E+01   3.8870026E+03   2.2685632E+06   2.2795902E+06   0.0000000E+00   0.0000000E+00   0.0000000E+00   0.0000000E+00   0.0000000E+00
   2.5141205E-02   2.0822901E+06   2.0822901E+06   1.5044072E+03   1.7280897E+01   3.1554619E+03   2.0721451E+06   2.0822901E+06   0.0000000E+00   0.0000000E+00   0.0000000E+00   0.0000000E+00   0.0000000E+00
   2.8206671E-02   1.8826715E+06   1.8826715E+06   1.0713915E+03   1.2556094E+01   2.5184355E+03   1.8734435E+06   1.8826715E+06   0.0000000E+00   0.0000000E+00   0.0000000E+00   0.0000000E+00   0.0000000E+00
   3.1632356E-02   1.6866619E+06   1.6866619E+06   7.1138958E+02   9.0314020E+00   2.0140427E+03   1.6783523E+06   1.6866619E+06   0.0000000E+00   0.0000000E+00   0.0000000E+00   0.0000000E+00   0.0000000E+00
   3.5408984E-02   1.5030588E+06   1.5030588E+06   5.4717411E+02   6.4732393E+00   1.6430007E+03   1.4956225E+06   1.5030588E+06   0.0000000E+00   0.0000000E+00   0.0000000E+00   0.0000000E+00   0.0000000E+00
   3.9421514E-02   1.3432457E+06   1.3432457E+06   3.6029169E+02   4.6913104E+00   1.3340039E+03   1.3365775E+06   1.3432457E+06   0.0000000E+00   0.0000000E+00   0.0000000E+00   0.0000000E+00   0.0000000E+00
   4.3428156E-02   1.2161352E+06   1.2161352E+06   2.8214082E+02   3.5090962E+00   1.0776633E+03   1.2100823E+06   1.2161352E+06   0.0000000E+00   0.0000000E+00   0.0000000E+00   0.0000000E+00   0.0000000E+00
   4.7213673E-02   1.1211867E+06   1.1211867E+06   2.2193022E+02   2.7349386E+00   9.6883650E+02   1.1155956E+06   1.1211867E+06   0.0000000E+00   0.0000000E+00   0.0000000E+00   0.0000000E+00   0.0000000E+00
   5.0722354E-02   1.0505384E+06   1.0505384E+06   1.8493387E+02   2.2168111E+00   8.3470251E+02   1.0452919E+06   1.0505384E+06   0.0000000E+00   0.0000000E+00   0.0000000E+00   0.0000000E+00   0.0000000E+00
   5.3999025E-02   9.9590042E+05   9.9590042E+05   1.4649706E+02   1.8498039E+00   7.5654187E+02   9.9092115E+05   9.9590042E+05   0.0000000E+00   0.0000000E+00   0.0000000E+00   0.0000000E+00   0.0000000E+00
   5.7107570E-02   9.5122776E+05   9.5122776E+05   1.2292867E+02   1.5760807E+00   7.0102444E+02   9.4646744E+05   9.5122776E+05   0.0000000E+00   0.0000000E+00   0.0000000E+00   0.0000000E+00   0.0000000E+00
   6.0102276E-02   9.1250427E+05   9.1250427E+05   1.0618531E+02   1.3621351E+00   6.5349515E+02   9.0793420E+05   9.1250427E+05   0.0000000E+00   0.0000000E+00   0.0000000E+00   0.0000000E+00   0.0000000E+00
   6.3024514E-02   8.7708752E+05   8.7708752E+05   9.2998820E+01   1.1890627E+00   6.0892398E+02   8.7269194E+05   8.7708752E+05   0.0000000E+00   0.0000000E+00   0.0000000E+00   0.0000000E+00   0.0000000E+00
   6.5905355E-02   8.4324016E+05   8.4324016E+05   8.2723844E+01   1.0447529E+00   5.6879641E+02   8.3901180E+05   8.4324016E+05   0.0000000E+00   0.0000000E+00   0.0000000E+00   0.0000000E+00   0.0000000E+00
   6.8768494E-02   8.0985162E+05   8.0985162E+05   7.4777876E+01   9.2188508E-01   5.3163345E+02   8.0578863E+05   8.0985162E+05   0.0000000E+00   0.0000000E+00   0.0000000E+00   0.0000000E+00   0.0000000E+00
   7.1632470E-02   7.7627651E+05   7.7627651E+05   6.7945883E+01   8.1519136E-01   5.0059391E+02   7.7238019E+05   7.7627651E+05   0.0000000E+00   0.0000000E+00   0.0000000E+00   0.0000000E+00   0.0000000E+00
   7.4512204E-02   7.4223628E+05   7.4223628E+05   6.1150215E+01   7.2161271E-01   4.7235506E+02   7.3850929E+05   7.4223628E+05   0.0000000E+00   0.0000000E+00   0.0000000E+00   0.0000000E+00   0.0000000E+00
   7.7420057E-02   7.0775158E+05   7.0775158E+05   5.4221555E+01   6.3883628E-01   4.4615687E+02   7.0419645E+05   7.0775158E+05   0.0000000E+00   0.0000000E+00   0.0000000E+00   0.0000000E+00   0.0000000E+00
   8.0366549E-02   6.7308663E+05   6.7308663E+05   4.7631483E+01   5.6553041E-01   4.1896925E+02   6.6970450E+05   6.7308663E+05   0.0000000E+00   0.0000000E+00   0.0000000E+00   0.0000000E+00   0.0000000E+00
   8.3360865E-02   6.3869447E+05   6.3869447E+05   4.1822846E+01   5.0043613E-01   3.9248994E+02   6.3548415E+05   6.3869447E+05   0.0000000E+00   0.0000000E+00   0.0000000E+00   0.0000000E+00   0.0000000E+00
   8.6411209E-02   6.0515709E+05   6.0515709E+05   3.6905876E+01   4.4279623E-01   3.6596175E+02   6.0211447E+05   6.0515709E+05   0.0000000E+00   0.0000000E+00   0.0000000E+00   0.0000000E+00   0.0000000E+00
   8.9525064E-02   5.7311793E+05   5.7311793E+05   3.2620003E+01   3.9193602E-01   3.4054410E+02   5.7023564E+05   5.7311793E+05   0.0000000E+00   0.0000000E+00   0.0000000E+00   0.0000000E+00   0.0000000E+00
   9.2709380E-02   5.4320742E+05   5.4320742E+05   2.8386656E+01   3.4737696E-01   3.1625567E+02   5.4047489E+05   5.4320742E+05   0.0000000E+00   0.0000000E+00   0.0000000E+00   0.0000000E+00   0.0000000E+00
   9.5970712E-02   5.1596502E+05   5.1596502E+05   2.3979641E+01   3.0849805E-01   2.9629568E+02   5.1336892E+05   5.1596502E+05   0.0000000E+00   0.0000000E+00   0.0000000E+00   0.0000000E+00   0.0000000E+00
   9.9315324E-02   4.9176405E+05   4.9176405E+05   2.0856139E+01   2.7473211E-01   2.8370753E+02   4.8928921E+05   4.9176405E+05   0.0000000E+00   0.0000000E+00   0.0000000E+00   0.0000000E+00   0.0000000E+00
   1.0274927E-01   4.7074791E+05   4.7074791E+05   2.0073031E+01   2.4560374E-01   2.6990367E+02   4.6837836E+05   4.7074791E+05   0.0000000E+00   0.0000000E+00   0.0000000E+00   0.0000000E+00   0.0000000E+00
   1.0627846E-01   4.5278746E+05   4.5278746E+05   1.7656006E+01   2.2046152E-01   2.5207102E+02   4.5050790E+05   4.5278746E+05   0.0000000E+00   0.0000000E+00   0.0000000E+00   0.0000000E+00   0.0000000E+00
   1.0990869E-01   4.3746988E+05   4.3746988E+05   1.5384200E+01   1.9864598E-01   2.4610112E+02   4.3526705E+05   4.3746988E+05   0.0000000E+00   0.0000000E+00   0.0000000E+00   0.0000000E+00   0.0000000E+00
   1.1364570E-01   4.2412695E+05   4.2412695E+05   1.4717971E+01   1.7958069E-01   2.3255512E+02   4.2199096E+05   4.2412695E+05   0.0000000E+00   0.0000000E+00   0.0000000E+00   0.0000000E+00   0.0000000E+00
   1.1749519E-01   4.1190661E+05   4.1190661E+05   1.2955432E+01   1.6263864E-01   2.2787675E+02   4.0983185E+05   4.1190661E+05   0.0000000E+00   0.0000000E+00   0.0000000E+00   0.0000000E+00   0.0000000E+00
   1.2146282E-01   3.9988504E+05   3.9988504E+05   1.1490536E+01   1.4736797E-01   2.1638688E+02   3.9787055E+05   3.9988504E+05   0.0000000E+00   0.0000000E+00   0.0000000E+00   0.0000000E+00   0.0000000E+00
   1.2555429E-01   3.8720750E+05   3.8720750E+05   1.0983420E+01   1.3331260E-01   2.0786003E+02   3.8525661E+05   3.8720750E+05   0.0000000E+00   0.0000000E+00   0.0000000E+00   0.0000000E+00   0.0000000E+00
   1.2977527E-01   3.7323736E+05   3.7323736E+05   1.0015261E+01   1.2022444E-01   2.0034137E+02   3.7135663E+05   3.7323736E+05   0.0000000E+00   0.0000000E+00   0.0000000E+00   0.0000000E+00   0.0000000E+00
   1.3413146E-01   3.5768471E+05   3.5768471E+05   8.8916988E+00   1.0795903E-01   1.9122017E+02   3.5588213E+05   3.5768471E+05   0.0000000E+00   0.0000000E+00   0.0000000E+00   0.0000000E+00   0.0000000E+00
   1.3862862E-01   3.4068263E+05   3.4068263E+05   7.9025549E+00   9.6478035E-02   1.8115238E+02   3.3896555E+05   3.4068263E+05   0.0000000E+00   0.0000000E+00   0.0000000E+00   0.0000000E+00   0.0000000E+00
   1.4327250E-01   3.2278317E+05   3.2278317E+05   7.0810324E+00   8.5855095E-02   1.7017408E+02   3.2115613E+05   3.2278317E+05   0.0000000E+00   0.0000000E+00   0.0000000E+00   0.0000000E+00   0.0000000E+00
   1.4806891E-01   3.0485730E+05   3.0485730E+05   6.2327876E+00   7.6185953E-02   1.5874801E+02   3.0332047E+05   3.0485730E+05   0.0000000E+00   0.0000000E+00   0.0000000E+00   0.0000000E+00   0.0000000E+00
   1.5302373E-01   2.8790543E+05   2.8790543E+05   5.2063776E+00   6.7569601E-02   1.4924097E+02   2.8645392E+05   2.8790543E+05   0.0000000E+00   0.0000000E+00   0.0000000E+00   0.0000000E+00   0.0000000E+00
   1.5814285E-01   2.7281138E+05   2.7281138E+05   4.8509919E+00   6.0049617E-02   1.4190114E+02   2.7143585E+05   2.7281138E+05   0.0000000E+00   0.0000000E+00   0.0000000E+00   0.0000000E+00   0.0000000E+00
   1.6343228E-01   2.6009896E+05   2.6009896E+05   4.1460334E+00   5.3606712E-02   1.3359009E+02   2.5878742E+05   2.6009896E+05   0.0000000E+00   0.0000000E+00   0.0000000E+00   0.0000000E+00   0.0000000E+00
   1.6889805E-01   2.4976399E+05   2.4976399E+05   3.9319853E+00   4.8115786E-02   1.2783024E+02   2.4850446E+05   2.4976399E+05   0.0000000E+00   0.0000000E+00   0.0000000E+00   0.0000000E+00   0.0000000E+00
   1.7454634E-01   2.4124826E+05   2.4124826E+05   3.5135487E+00   4.3389452E-02   1.2364073E+02   2.4003159E+05   2.4124826E+05   0.0000000E+00   0.0000000E+00   0.0000000E+00   0.0000000E+00   0.0000000E+00
   1.8038339E-01   2.3358829E+05   2.3358829E+05   3.1379195E+00   3.9213377E-02   1.1934081E+02   2.3241017E+05   2.3358829E+05   0.0000000E+00   0.0000000E+00   0.0000000E+00   0.0000000E+00   0.0000000E+00
   1.8641561E-01   2.2571559E+05   2.2571559E+05   2.8576638E+00   3.5403175E-02   1.1478110E+02   2.2457710E+05   2.2571559E+05   0.0000000E+00   0.0000000E+00   0.0000000E+00   0.0000000E+00   0.0000000E+00
   1.9264954E-01   2.1682136E+05   2.1682136E+05   2.6018434E+00   3.1823943E-02   1.0958376E+02   2.1572767E+05   2.1682136E+05   0.0000000E+00   0.0000000E+00   0.0000000E+00   0.0000000E+00   0.0000000E+00
   1.9909195E-01   2.0665352E+05   2.0665352E+05   2.2798573E+00   2.8436662E-02   1.0363854E+02   2.0561106E+05   2.0665352E+05   0.0000000E+00   0.0000000E+00   0.0000000E+00   0.0000000E+00   0.0000000E+00
   2.0574981E-01   1.9561485E+05   1.9561485E+05   1.9935380E+00   2.5266342E-02   9.8401252E+01   1.9462802E+05   1.9561485E+05   0.0000000E+00   0.0000000E+00   0.0000000E+00   0.0000000E+00   0.0000000E+00
   2.1263038E-01   1.8459345E+05   1.8459345E+05   1.7813124E+00   2.2388217E-02   9.1983176E+01   1.8366218E+05   1.8459345E+05   0.0000000E+00   0.0000000E+00   0.0000000E+00   0.0000000E+00   0.0000000E+00
   2.1974128E-01   1.7456917E+05   1.7456917E+05   1.6094101E+00   1.9859564E-02   8.6995486E+01   1.7368843E+05   1.7456917E+05   0.0000000E+00   0.0000000E+00   0.0000000E+00   0.0000000E+00   0.0000000E+00
   2.2709049E-01   1.6615794E+05   1.6615794E+05   1.4314854E+00   1.7698967E-02   8.2697834E+01   1.6531960E+05   1.6615794E+05   0.0000000E+00   0.0000000E+00   0.0000000E+00   0.0000000E+00   0.0000000E+00
   2.3468649E-01   1.5931636E+05   1.5931636E+05   1.2838370E+00   1.5863080E-02   7.8993900E+01   1.5851251E+05   1.5931636E+05   0.0000000E+00   0.0000000E+00   0.0000000E+00   0.0000000E+00   0.0000000E+00
   2.4253831E-01   1.5337827E+05   1.5337827E+05   1.1312256E+00   1.4266243E-02   7.5804348E+01   1.5260435E+05   1.5337827E+05   0.0000000E+00   0.0000000E+00   0.0000000E+00   0.0000000E+00   0.0000000E+00
   2.5065564E-01   1.4743209E+05   1.4743209E+05   1.0222121E+00   1.2819848E-02   7.2886430E+01   1.4668814E+05   1.4743209E+05   0.0000000E+00   0.0000000E+00   0.0000000E+00   0.0000000E+00   0.0000000E+00
   2.5904894E-01   1.4084458E+05   1.4084458E+05   9.1189370E-01   1.1466130E-02   6.9319275E+01   1.4013385E+05   1.4084458E+05   0.0000000E+00   0.0000000E+00   0.0000000E+00   0.0000000E+00   0.0000000E+00
   2.6772956E-01   1.3361799E+05   1.3361799E+05   8.2275603E-01   1.0199021E-02   6.5642923E+01   1.3294371E+05   1.3361799E+05   0.0000000E+00   0.0000000E+00   0.0000000E+00   0.0000000E+00   0.0000000E+00
   2.7670992E-01   1.2633860E+05   1.2633860E+05   7.2676614E-01   9.0437937E-03   6.1982082E+01   1.2570103E+05   1.2633860E+05   0.0000000E+00   0.0000000E+00   0.0000000E+00   0.0000000E+00   0.0000000E+00
   2.8600366E-01   1.1973165E+05   1.1973165E+05   6.3503650E-01   8.0300297E-03   5.8627785E+01   1.1912740E+05   1.1973165E+05   0.0000000E+00   0.0000000E+00   0.0000000E+00   0.0000000E+00   0.0000000E+00
   2.9562587E-01   1.1412787E+05   1.1412787E+05   5.7189475E-01   7.1600033E-03   5.5894368E+01   1.1355189E+05   1.1412787E+05   0.0000000E+00   0.0000000E+00   0.0000000E+00   0.0000000E+00   0.0000000E+00
   3.0559328E-01   1.0924505E+05   1.0924505E+05   5.0694717E-01   6.4053323E-03   5.3360355E+01   1.0869369E+05   1.0924505E+05   0.0000000E+00   0.0000000E+00   0.0000000E+00   0.0000000E+00   0.0000000E+00
   3.1592464E-01   1.0446646E+05   1.0446646E+05   4.5491676E-01   5.7260501E-03   5.0910148E+01   1.0393921E+05   1.0446646E+05   0.0000000E+00   0.0000000E+00   0.0000000E+00   0.0000000E+00   0.0000000E+00
   3.2664097E-01   9.9386191E+04   9.9386191E+04   4.0354609E-01   5.0970536E-03   4.8422713E+01   9.8884573E+04   9.9386191E+04   0.0000000E+00   0.0000000E+00   0.0000000E+00   0.0000000E+00   0.0000000E+00
   3.3776603E-01   9.4133142E+04   9.4133142E+04   3.6216354E-01   4.5197682E-03   4.5810055E+01   9.3658027E+04   9.4133142E+04   0.0000000E+00   0.0000000E+00   0.0000000E+00   0.0000000E+00   0.0000000E+00
   3.4932682E-01   8.9168326E+04   8.9168326E+04   3.1860629E-01   4.0051547E-03   4.3363405E+01   8.8718261E+04   8.9168326E+04   0.0000000E+00   0.0000000E+00   0.0000000E+00   0.0000000E+00   0.0000000E+00
   3.6135416E-01   8.4767632E+04   8.4767632E+04   2.8343121E-01   3.5573187E-03   4.1147760E+01   8.4339771E+04   8.4767632E+04   0.0000000E+00   0.0000000E+00   0.0000000E+00   0.0000000E+00   0.0000000E+00
   3.7388354E-01   8.0748555E+04   8.0748555E+04   2.5285900E-01   3.1628428E-03   3.9151867E+01   8.0340972E+04   8.0748555E+04   0.0000000E+00   0.0000000E+00   0.0000000E+00   0.0000000E+00   0.0000000E+00
   3.8695599E-01   7.6740504E+04   7.6740504E+04   2.2413876E-01   2.8057395E-03   3.7157733E+01   7.6353145E+04   7.6740504E+04   0.0000000E+00   0.0000000E+00   0.0000000E+00   0.0000000E+00   0.0000000E+00
   4.0061938E-01   7.2649069E+04   7.2649069E+04   1.9812297E-01   2.4793627E-03   3.5139968E+01   7.2282358E+04   7.2649069E+04   0.0000000E+00   0.0000000E+00   0.0000000E+00   0.0000000E+00   0.0000000E+00
   4.1492998E-01   6.8710356E+04   6.8710356E+04   1.7390200E-01   2.1867715E-03   3.3216153E+01   6.8363521E+04   6.8710356E+04   0.0000000E+00   0.0000000E+00   0.0000000E+00   0.0000000E+00   0.0000000E+00
   4.2995447E-01   6.5089597E+04   6.5089597E+04   1.5345263E-01   1.9287062E-03   3.1443504E+01   6.4761033E+04   6.5089597E+04   0.0000000E+00   0.0000000E+00   0.0000000E+00   0.0000000E+00   0.0000000E+00
   4.4577267E-01   6.1644096E+04   6.1644096E+04   1.3543779E-01   1.6987585E-03   2.9746418E+01   6.1332921E+04   6.1644096E+04   0.0000000E+00   0.0000000E+00   0.0000000E+00   0.0000000E+00   0.0000000E+00
   4.6248115E-01   5.8202995E+04   5.8202995E+04   1.1860046E-01   1.4903521E-03   2.8073890E+01   5.7909186E+04   5.8202995E+04   0.0000000E+00   0.0000000E+00   0.0000000E+00   0.0000000E+00   0.0000000E+00
   4.8019806E-01   5.4840924E+04   5.4840924E+04   1.0376558E-01   1.3030174E-03   2.6414227E+01   5.4564084E+04   5.4840924E+04   0.0000000E+00   0.0000000E+00   0.0000000E+00   0.0000000E+00   0.0000000E+00
   4.9906995E-01   5.1658084E+04   5.1658084E+04   9.0569136E-02   1.1361227E-03   2.4878439E+01   5.1397309E+04   5.1658084E+04   0.0000000E+00   0.0000000E+00   0.0000000E+00   0.0000000E+00   0.0000000E+00
   5.1928120E-01   4.8562395E+04   4.8562395E+04   7.8540011E-02   9.8643214E-04   2.3361985E+01   4.8317244E+04   4.8562395E+04   0.0000000E+00   0.0000000E+00   0.0000000E+00   0.0000000E+00   0.0000000E+00
   5.4106756E-01   4.5499794E+04   4.5499794E+04   6.7850047E-02   8.5141273E-04   2.1880238E+01   4.5270101E+04   4.5499794E+04   0.0000000E+00   0.0000000E+00   0.0000000E+00   0.0000000E+00   0.0000000E+00
   5.6473599E-01   4.2529962E+04   4.2529962E+04   5.8203716E-02   7.3054877E-04   2.0434878E+01   4.2315259E+04   4.2529962E+04   0.0000000E+00   0.0000000E+00   0.0000000E+00   0.0000000E+00   0.0000000E+00
   5.9069410E-01   3.9611315E+04   3.9611315E+04   4.9536726E-02   6.2195224E-04   1.9015122E+01   3.9411345E+04   3.9611315E+04   0.0000000E+00   0.0000000E+00   0.0000000E+00   0.0000000E+00   0.0000000E+00
   6.1949480E-01   3.6715992E+04   3.6715992E+04   4.1738866E-02   5.2410299E-04   1.7621535E+01   3.6530636E+04   3.6715992E+04   0.0000000E+00   0.0000000E+00   0.0000000E+00   0.0000000E+00   0.0000000E+00
   6.5190505E-01   3.3847787E+04   3.3847787E+04   3.4753049E-02   4.3633160E-04   1.6233566E+01   3.3676909E+04   3.3847787E+04   0.0000000E+00   0.0000000E+00   0.0000000E+00   0.0000000E+00   0.0000000E+00
   6.8901137E-01   3.0970367E+04   3.0970367E+04   2.8466534E-02   3.5741533E-04   1.4838725E+01   3.0814015E+04   3.0970367E+04   0.0000000E+00   0.0000000E+00   0.0000000E+00   0.0000000E+00   0.0000000E+00
   7.3237744E-01   2.8071147E+04   2.8071147E+04   2.2835977E-02   2.8668712E-04   1.3457818E+01   2.7929430E+04   2.8071147E+04   0.0000000E+00   0.0000000E+00   0.0000000E+00   0.0000000E+00   0.0000000E+00
   7.8425413E-01   2.5128614E+04   2.5128614E+04   1.7826903E-02   2.2382765E-04   1.2034422E+01   2.5001751E+04   2.5128614E+04   0.0000000E+00   0.0000000E+00   0.0000000E+00   0.0000000E+00   0.0000000E+00
   8.4776250E-01   2.2139199E+04   2.2139199E+04   1.3440672E-02   1.6875851E-04   1.0594449E+01   2.2027427E+04   2.2139199E+04   0.0000000E+00   0.0000000E+00   0.0000000E+00   0.0000000E+00   0.0000000E+00
   9.2672825E-01   1.9137953E+04   1.9137953E+04   9.7228593E-03   1.2208283E-04   9.1534086E+00   1.9041333E+04   1.9137953E+04   0.0000000E+00   0.0000000E+00   0.0000000E+00   0.0000000E+00   0.0000000E+00
   1.0245630E+00   1.6224760E+04   1.6224760E+04   6.7437038E-03   8.4679373E-05   7.7568910E+00   1.6142846E+04   1.6224760E+04   0.0000000E+00   0.0000000E+00   0.0000000E+00   0.0000000E+00   0.0000000E+00
   1.1424657E+00   1.3546943E+04   1.3546943E+04   4.5284134E-03   5.6861702E-05   6.4764999E+00   1.3478548E+04   1.3546943E+04   0.0000000E+00   0.0000000E+00   0.0000000E+00   0.0000000E+00   0.0000000E+00
   1.2795105E+00   1.1216346E+04   1.1216346E+04   2.9891613E-03   3.7536892E-05   5.3583573E+00   1.1159718E+04   1.1216346E+04   0.0000000E+00   0.0000000E+00   0.0000000E+00   0.0000000E+00   0.0000000E+00
   1.4350820E+00   9.2531690E+03   9.2531690E+03   1.9602768E-03   2.4616519E-05   4.4197427E+00   9.2064520E+03   9.2531690E+03   0.0000000E+00   0.0000000E+00   0.0000000E+00   0.0000000E+00   0.0000000E+00
   1.6100968E+00   7.6207899E+03   7.6207899E+03   1.2825484E-03   1.6106603E-05   3.6387920E+00   7.5823143E+03   7.6207899E+03   0.0000000E+00   0.0000000E+00   0.0000000E+00   0.0000000E+00   0.0000000E+00
   1.8065477E+00   6.2690827E+03   6.2690827E+03   8.3833902E-04   1.0524803E-05   2.9937899E+00   6.2374315E+03   6.2690827E+03   0.0000000E+00   0.0000000E+00   0.0000000E+00   0.0000000E+00   0.0000000E+00
   2.0269790E+00   5.1517832E+03   5.1517832E+03   5.4710017E-04   6.8706585E-06   2.4590910E+00   5.1257729E+03   5.1517832E+03   0.0000000E+00   0.0000000E+00   0.0000000E+00   0.0000000E+00   0.0000000E+00
   2.2743078E+00   4.2294734E+03   4.2294734E+03   3.5675730E-04   4.4808013E-06   2.0182140E+00   4.2081196E+03   4.2294734E+03   0.0000000E+00   0.0000000E+00   0.0000000E+00   0.0000000E+00   0.0000000E+00
   2.5518153E+00   3.4690537E+03   3.4690537E+03   2.3242739E-04   2.9194536E-06   1.6556610E+00   3.4515391E+03   3.4690537E+03   0.0000000E+00   0.0000000E+00   0.0000000E+00   0.0000000E+00   0.0000000E+00
   2.8631839E+00   2.8428308E+03   2.8428308E+03   1.5129382E-04   1.9005208E-06   1.3568394E+00   2.8284778E+03   2.8428308E+03   0.0000000E+00   0.0000000E+00   0.0000000E+00   0.0000000E+00   0.0000000E+00
   3.2125452E+00   2.3276832E+03   2.3276832E+03   9.8399115E-05   1.2362096E-06   1.1107490E+00   2.3159311E+03   2.3276832E+03   0.0000000E+00   0.0000000E+00   0.0000000E+00   0.0000000E+00   0.0000000E+00
   3.6045350E+00   1.9043492E+03   1.9043492E+03   6.3955568E-05   8.0347926E-07   9.0882128E-01   1.8947344E+03   1.9043492E+03   0.0000000E+00   0.0000000E+00   0.0000000E+00   0.0000000E+00   0.0000000E+00
   4.0443548E+00   1.5568076E+03   1.5568076E+03   4.1525600E-05   5.2184686E-07   7.4278842E-01   1.5489475E+03   1.5568076E+03   0.0000000E+00   0.0000000E+00   0.0000000E+00   0.0000000E+00   0.0000000E+00
   4.5378407E+00   1.2717562E+03   1.2717562E+03   2.6944675E-05   3.3868602E-07   6.0676674E-01   1.2653353E+03   1.2717562E+03   0.0000000E+00   0.0000000E+00   0.0000000E+00   0.0000000E+00   0.0000000E+00
   5.0915410E+00   1.0381673E+03   1.0381673E+03   1.7472035E-05   2.1967534E-07   4.9532348E-01   1.0329257E+03   1.0381673E+03   0.0000000E+00   0.0000000E+00   0.0000000E+00   0.0000000E+00   0.0000000E+00
   5.7128029E+00   8.4691242E+02   8.4691242E+02   1.1321982E-05   1.4239777E-07   4.0405395E-01   8.4263650E+02   8.4691242E+02   0.0000000E+00   0.0000000E+00   0.0000000E+00   0.0000000E+00   0.0000000E+00
   6.4098703E+00   6.9044611E+02   6.9044611E+02   7.3314348E-06   9.2253086E-08   3.2937801E-01   6.8696016E+02   6.9044611E+02   0.0000000E+00   0.0000000E+00   0.0000000E+00   0.0000000E+00   0.0000000E+00
   7.1919928E+00   5.6253923E+02   5.6253923E+02   4.7442065E-06   5.9736040E-08   2.6834040E-01   5.5969906E+02   5.6253923E+02   0.0000000E+00   0.0000000E+00   0.0000000E+00   0.0000000E+00   0.0000000E+00
   8.0695486E+00   4.5805595E+02   4.5805595E+02   3.0682023E-06   3.8662972E-08   2.1852245E-01   4.5574330E+02   4.5805595E+02   0.0000000E+00   0.0000000E+00   0.0000000E+00   0.0000000E+00   0.0000000E+00
