#           k/h    CDM            baryon         photon         nu             mass_nu        total          no_nu          total_de       Weyl           v_CDM          v_b            v_b-v_c     
   1.0008987E-05   2.5734829E+06   2.5734829E+06   3.4311277E+06   1.6336626E+04   1.7285874E+04   2.5739375E+06   2.5734829E+06   0.0000000E+00   0.0000000E+00   0.0000000E+00   0.0000000E+00   0.0000000E+00
   1.1230268E-05   2.5734823E+06   2.5734823E+06   3.4310794E+06   1.6336483E+04   1.7285580E+04   2.5739368E+06   2.5734823E+06   0.0000000E+00   0.0000000E+00   0.0000000E+00   0.0000000E+00   0.0000000E+00
   1.2600568E-05   2.5734814E+06   2.5734814E+06   3.4310187E+06   1.6336303E+04   1.7285209E+04   2.5739359E+06   2.5734814E+06   0.0000000E+00   0.0000000E+00   0.0000000E+00   0.0000000E+00   0.0000000E+00
   1.4138070E-05   2.5734804E+06   2.5734804E+06   3.4309423E+06   1.6336076E+04   1.7284743E+04   2.5739347E+06   2.5734804E+06   0.0000000E+00   0.0000000E+00   0.0000000E+00   0.0000000E+00   0.0000000E+00
   1.5863175E-05   2.5734791E+06   2.5734791E+06   3.4308461E+06   1.6335791E+04   1.7284156E+04   2.5739333E+06   2.5734791E+06   0.0000000E+00   0.0000000E+00   0.0000000E+00   0.0000000E+00   0.0000000E+00
   1.7798775E-05   2.5734775E+06   2.5734775E+06   3.4307250E+06   1.6335432E+04   1.7283417E+04   2.5739314E+06   2.5734775E+06   0.0000000E+00   0.0000000E+00   0.0000000E+00   0.0000000E+00   0.0000000E+00
   1.9970554E-05   2.5734754E+06   2.5734754E+06   3.4305725E+06   1.6334980E+04   1.7282486E+04   2.5739291E+06   2.5734754E+06   0.0000000E+00   0.0000000E+00   0.0000000E+00   0.0000000E+00   0.0000000E+00
   2.2407330E-05   2.5734728E+06   2.5734728E+06   3.4303806E+06   1.6334411E+04   1.7281315E+04   2.5739262E+06   2.5734728E+06   0.0000000E+00   0.0000000E+00   0.0000000E+00   0.0000000E+00   0.0000000E+00
   2.5141438E-05   2.5734696E+06   2.5734696E+06   3.4301390E+06   1.6333694E+04   1.7279841E+04   2.5739226E+06   2.5734696E+06   0.0000000E+00   0.0000000E+00   0.0000000E+00   0.0000000E+00   0.0000000E+00
   2.8209158E-05   2.5734655E+06   2.5734655E+06   3.4298348E+06   1.6332792E+04   1.7277985E+04   2.5739180E+06   2.5734655E+06   0.0000000E+00   0.0000000E+00   0.0000000E+00   0.0000000E+00   0.0000000E+00
   3.1651195E-05   2.5734603E+06   2.5734603E+06   3.4294519E+06   1.6331657E+04   1.7275650E+04   2.5739122E+06   2.5734603E+06   0.0000000E+00   0.0000000E+00   0.0000000E+00   0.0000000E+00   0.0000000E+00
   3.5513225E-05   2.5734538E+06   2.5734538E+06   3.4289700E+06   1.6330228E+04   1.7272710E+04   2.5739049E+06   2.5734538E+06   0.0000000E+00   0.0000000E+00   0.0000000E+00   0.0000000E+00   0.0000000E+00
   3.9846494E-05   2.5734456E+06   2.5734456E+06   3.4283633E+06   1.6328429E+04   1.7269010E+04   2.5738958E+06   2.5734456E+06   0.0000000E+00   0.0000000E+00   0.0000000E+00   0.0000000E+00   0.0000000E+00
   4.4708502E-05   2.5734353E+06   2.5734353E+06   3.4275997E+06   1.6326164E+04   1.7264353E+04   2.5738842E+06   2.5734353E+06   0.0000000E+00   0.0000000E+00   0.0000000E+00   0.0000000E+00   0.0000000E+00
   5.0163764E-05   2.5734223E+06   2.5734223E+06   3.4266387E+06   1.6323314E+04   1.7258494E+04   2.5738697E+06   2.5734223E+06   0.0000000E+00   0.0000000E+00   0.0000000E+00   0.0000000E+00   0.0000000E+00
   5.6284669E-05   2.5734059E+06   2.5734059E+06   3.4254291E+06   1.6319726E+04   1.7251121E+04   2.5738514E+06   2.5734059E+06   0.0000000E+00   0.0000000E+00   0.0000000E+00   0.0000000E+00   0.0000000E+00
   6.3152438E-05   2.5733854E+06   2.5733854E+06   3.4239069E+06   1.6315210E+04   1.7241846E+04   2.5738284E+06   2.5733854E+06   0.0000000E+00   0.0000000E+00   0.0000000E+00   0.0000000E+00   0.0000000E+00
   7.0858200E-05   2.5733595E+06   2.5733595E+06   3.4219914E+06   1.6309528E+04   1.7230179E+04   2.5737995E+06   2.5733595E+06   0.0000000E+00   0.0000000E+00   0.0000000E+00   0.0000000E+00   0.0000000E+00
   7.9504209E-05   2.5733269E+06   2.5733269E+06   3.4195814E+06   1.6302377E+04   1.7215507E+04   2.5737630E+06   2.5733269E+06   0.0000000E+00   0.0000000E+00   0.0000000E+00   0.0000000E+00   0.0000000E+00
   8.9205189E-05   2.5732858E+06   2.5732858E+06   3.4165496E+06   1.6293379E+04   1.7197063E+04   2.5737171E+06   2.5732858E+06   0.0000000E+00   0.0000000E+00   0.0000000E+00   0.0000000E+00   0.0000000E+00
   1.0008987E-04   2.5732342E+06   2.5732342E+06   3.4127364E+06   1.6282059E+04   1.7173882E+04   2.5736594E+06   2.5732342E+06   0.0000000E+00   0.0000000E+00   0.0000000E+00   0.0000000E+00   0.0000000E+00
   1.1230268E-04   2.5731692E+06   2.5731692E+06   3.4079414E+06   1.6267819E+04   1.7144764E+04   2.5735868E+06   2.5731692E+06   0.0000000E+00   0.0000000E+00   0.0000000E+00   0.0000000E+00   0.0000000E+00
   1.2600568E-04   2.5730874E+06   2.5730874E+06   3.4019137E+06   1.6249912E+04   1.7108206E+04   2.5734953E+06   2.5730874E+06   0.0000000E+00   0.0000000E+00   0.0000000E+00   0.0000000E+00   0.0000000E+00
   1.4138070E-04   2.5729845E+06   2.5729845E+06   3.3943394E+06   1.6227399E+04   1.7062343E+04   2.5733803E+06   2.5729845E+06   0.0000000E+00   0.0000000E+00   0.0000000E+00   0.0000000E+00   0.0000000E+00
   1.5863175E-04   2.5728550E+06   2.5728550E+06   3.3848260E+06   1.6199104E+04   1.7004856E+04   2.5732355E+06   2.5728550E+06   0.0000000E+00   0.0000000E+00   0.0000000E+00   0.0000000E+00   0.0000000E+00
   1.7798775E-04   2.5726921E+06   2.5726921E+06   3.3728846E+06   1.6163558E+04   1.6932883E+04   2.5730535E+06   2.5726921E+06   0.0000000E+00   0.0000000E+00   0.0000000E+00   0.0000000E+00   0.0000000E+00
   1.9970554E-04   2.5724872E+06   2.5724872E+06   3.3579067E+06   1.6118928E+04   1.6842902E+04   2.5728246E+06   2.5724872E+06   0.0000000E+00   0.0000000E+00   0.0000000E+00   0.0000000E+00   0.0000000E+00
   2.2407330E-04   2.5722296E+06   2.5722296E+06   3.3391383E+06   1.6062931E+04   1.6730613E+04   2.5725368E+06   2.5722296E+06   0.0000000E+00   0.0000000E+00   0.0000000E+00   0.0000000E+00   0.0000000E+00
   2.5141438E-04   2.5719059E+06   2.5719059E+06   3.3156485E+06   1.5992733E+04   1.6590808E+04   2.5721752E+06   2.5719059E+06   0.0000000E+00   0.0000000E+00   0.0000000E+00   0.0000000E+00   0.0000000E+00
   2.8209158E-04   2.5714991E+06   2.5714991E+06   3.2862945E+06   1.5904828E+04   1.6417250E+04   2.5717210E+06   2.5714991E+06   0.0000000E+00   0.0000000E+00   0.0000000E+00   0.0000000E+00   0.0000000E+00
   3.1651195E-04   2.5709883E+06   2.5709883E+06   3.2496828E+06   1.5794905E+04   1.6202588E+04   2.5711508E+06   2.5709883E+06   0.0000000E+00   0.0000000E+00   0.0000000E+00   0.0000000E+00   0.0000000E+00
   3.5513225E-04   2.5703473E+06   2.5703473E+06   3.2041299E+06   1.5657686E+04   1.5938336E+04   2.5704355E+06   2.5703473E+06   0.0000000E+00   0.0000000E+00   0.0000000E+00   0.0000000E+00   0.0000000E+00
   3.9846494E-04   2.5695435E+06   2.5695435E+06   3.1476258E+06   1.5486769E+04   1.5614987E+04   2.5695391E+06   2.5695435E+06   0.0000000E+00   0.0000000E+00   0.0000000E+00   0.0000000E+00   0.0000000E+00
   4.4708502E-04   2.5685366E+06   2.5685366E+06   3.0778092E+06   1.5274468E+04   1.5222358E+04   2.5684169E+06   2.5685366E+06   0.0000000E+00   0.0000000E+00   0.0000000E+00   0.0000000E+00   0.0000000E+00
   5.0163764E-04   2.5672768E+06   2.5672768E+06   2.9919661E+06   1.5011684E+04   1.4750306E+04   2.5670141E+06   2.5672768E+06   0.0000000E+00   0.0000000E+00   0.0000000E+00   0.0000000E+00   0.0000000E+00
   5.6284669E-04   2.5657032E+06   2.5657032E+06   2.8870722E+06   1.4687843E+04   1.4190000E+04   2.5652637E+06   2.5657032E+06   0.0000000E+00   0.0000000E+00   0.0000000E+00   0.0000000E+00   0.0000000E+00
   6.3152438E-04   2.5637414E+06   2.5637414E+06   2.7599081E+06   1.4290972E+04   1.3535999E+04   2.5630843E+06   2.5637414E+06   0.0000000E+00   0.0000000E+00   0.0000000E+00   0.0000000E+00   0.0000000E+00
   7.0858200E-04   2.5613015E+06   2.5613015E+06   2.6072869E+06   1.3808012E+04   1.2789382E+04   2.5603782E+06   2.5613015E+06   0.0000000E+00   0.0000000E+00   0.0000000E+00   0.0000000E+00   0.0000000E+00
   7.9504209E-04   2.5582761E+06   2.5582761E+06   2.4264465E+06   1.3225489E+04   1.1962105E+04   2.5570298E+06   2.5582761E+06   0.0000000E+00   0.0000000E+00   0.0000000E+00   0.0000000E+00   0.0000000E+00
   8.9205189E-04   2.5545382E+06   2.5545382E+06   2.2156603E+06   1.2530739E+04   1.1082464E+04   2.5529035E+06   2.5545382E+06   0.0000000E+00   0.0000000E+00   0.0000000E+00   0.0000000E+00   0.0000000E+00
   1.0008987E-03   2.5499405E+06   2.5499405E+06   1.9751112E+06   1.1713865E+04   1.0200880E+04   2.5478445E+06   2.5499405E+06   0.0000000E+00   0.0000000E+00   0.0000000E+00   0.0000000E+00   0.0000000E+00
   1.1230268E-03   2.5443154E+06   2.5443154E+06   1.7080182E+06   1.0770613E+04   9.3939060E+03   2.5416796E+06   2.5443154E+06   0.0000000E+00   0.0000000E+00   0.0000000E+00   0.0000000E+00   0.0000000E+00
   1.2600568E-03   2.5374766E+06   2.5374766E+06   1.4218914E+06   9.7061698E+03   8.7623309E+03   2.5342216E+06   2.5374766E+06   0.0000000E+00   0.0000000E+00   0.0000000E+00   0.0000000E+00   0.0000000E+00
   1.4138070E-03   2.5292233E+06   2.5292233E+06   1.1295698E+06   8.5395647E+03   8.4167771E+03   2.5252753E+06   2.5292233E+06   0.0000000E+00   0.0000000E+00   0.0000000E+00   0.0000000E+00   0.0000000E+00
   1.5863175E-03   2.5193461E+06   2.5193461E+06   8.4937732E+05   7.3076877E+03   8.4428140E+03   2.5146462E+06   2.5193461E+06   0.0000000E+00   0.0000000E+00   0.0000000E+00   0.0000000E+00   0.0000000E+00
   1.7798775E-03   2.5076335E+06   2.5076335E+06   6.0339969E+05   6.0669764E+03   8.8413542E+03   2.5021499E+06   2.5076335E+06   0.0000000E+00   0.0000000E+00   0.0000000E+00   0.0000000E+00   0.0000000E+00
   1.9970554E-03   2.4938779E+06   2.4938779E+06   4.1283810E+05   4.8898221E+03   9.4557230E+03   2.4876175E+06   2.4938779E+06   0.0000000E+00   0.0000000E+00   0.0000000E+00   0.0000000E+00   0.0000000E+00
   2.2407330E-03   2.4778757E+06   2.4778757E+06   2.9024383E+05   3.8525768E+03   9.9302826E+03   2.4708923E+06   2.4778757E+06   0.0000000E+00   0.0000000E+00   0.0000000E+00   0.0000000E+00   0.0000000E+00
   2.5141438E-03   2.4594191E+06   2.4594191E+06   2.3087258E+05   3.0143483E+03   9.7873279E+03   2.4518122E+06   2.4594191E+06   0.0000000E+00   0.0000000E+00   0.0000000E+00   0.0000000E+00   0.0000000E+00
   2.8209158E-03   2.4382812E+06   2.4382812E+06   2.0923897E+05   2.3922454E+03   8.7061947E+03   2.4301794E+06   2.4382812E+06   0.0000000E+00   0.0000000E+00   0.0000000E+00   0.0000000E+00   0.0000000E+00
   3.1651195E-03   2.4142013E+06   2.4142013E+06   1.8905505E+05   1.9482987E+03   6.9344284E+03   2.4057311E+06   2.4142013E+06   0.0000000E+00   0.0000000E+00   0.0000000E+00   0.0000000E+00   0.0000000E+00
   3.5513225E-03   2.3868875E+06   2.3868875E+06   1.4794134E+05   1.6072950E+03   5.4121568E+03   2.3781395E+06   2.3868875E+06   0.0000000E+00   0.0000000E+00   0.0000000E+00   0.0000000E+00   0.0000000E+00
   3.9846494E-03   2.3560443E+06   2.3560443E+06   9.8298764E+04   1.3070844E+03   5.0177050E+03   2.3470584E+06   2.3560443E+06   0.0000000E+00   0.0000000E+00   0.0000000E+00   0.0000000E+00   0.0000000E+00
   4.4708502E-03   2.3214039E+06   2.3214039E+06   7.1177462E+04   1.0406827E+03   5.2661326E+03   2.3121925E+06   2.3214039E+06   0.0000000E+00   0.0000000E+00   0.0000000E+00   0.0000000E+00   0.0000000E+00
   5.0163764E-03   2.2827175E+06   2.2827175E+06   6.7037075E+04   8.3242351E+02   4.6460208E+03   2.2733111E+06   2.2827175E+06   0.0000000E+00   0.0000000E+00   0.0000000E+00   0.0000000E+00   0.0000000E+00
   5.6284669E-03   2.2397151E+06   2.2397151E+06   5.3338657E+04   6.7315239E+02   3.4247887E+03   2.2301805E+06   2.2397151E+06   0.0000000E+00   0.0000000E+00   0.0000000E+00   0.0000000E+00   0.0000000E+00
   6.3152438E-03   2.1921184E+06   2.1921184E+06   3.3873111E+04   5.3270218E+02   3.3376247E+03   2.1825286E+06   2.1921184E+06   0.0000000E+00   0.0000000E+00   0.0000000E+00   0.0000000E+00   0.0000000E+00
   7.0858200E-03   2.1396842E+06   2.1396842E+06   3.1787471E+04   4.2048248E+02   3.0441319E+03   2.1300909E+06   2.1396842E+06   0.0000000E+00   0.0000000E+00   0.0000000E+00   0.0000000E+00   0.0000000E+00
   7.9504209E-03   2.0821661E+06   2.0821661E+06   2.2459866E+04   3.3499721E+02   2.2278572E+03   2.0726149E+06   2.0821661E+06   0.0000000E+00   0.0000000E+00   0.0000000E+00   0.0000000E+00   0.0000000E+00
   8.9205189E-03   2.0193088E+06   2.0193088E+06   1.7780385E+04   2.6015201E+02   2.2924468E+03   2.0098625E+06   2.0193088E+06   0.0000000E+00   0.0000000E+00   0.0000000E+00   0.0000000E+00   0.0000000E+00
   1.0008987E-02   1.9508861E+06   1.9508861E+06   1.3169340E+04   2.0466070E+02   1.6290704E+03   1.9416111E+06   1.9508861E+06   0.0000000E+00   0.0000000E+00   0.0000000E+00   0.0000000E+00   0.0000000E+00
   1.1230268E-02   1.8766682E+06   1.8766682E+06   1.1227309E+04   1.5812698E+02   1.5643861E+03   1.8676077E+06   1.8766682E+06   0.0000000E+00   0.0000000E+00   0.0000000E+00   0.0000000E+00   0.0000000E+00
   1.2600568E-02   1.7964547E+06   1.7964547E+06   7.1189043E+03   1.2194945E+02   1.3291579E+03   1.7876747E+06   1.7964547E+06   0.0000000E+00   0.0000000E+00   0.0000000E+00   0.0000000E+00   0.0000000E+00
   1.4138070E-02   1.7100921E+06   1.7100921E+06   5.7038856E+03   9.3743563E+01   9.6436856E+02   1.7016393E+06   1.7100921E+06   0.0000000E+00   0.0000000E+00   0.0000000E+00   0.0000000E+00   0.0000000E+00
   1.5863175E-02   1.6175168E+06   1.6175168E+06   4.7030926E+03   7.1396329E+01   7.8536716E+02   1.6094472E+06   1.6175168E+06   0.0000000E+00   0.0000000E+00   0.0000000E+00   0.0000000E+00   0.0000000E+00
   1.7798775E-02   1.5188293E+06   1.5188293E+06   3.5760950E+03   5.3826096E+01   6.6596245E+02   1.5111924E+06   1.5188293E+06   0.0000000E+00   0.0000000E+00   0.0000000E+00   0.0000000E+00   0.0000000E+00
   1.9970554E-02   1.4144005E+06   1.4144005E+06   2.5600516E+03   4.0276727E+01   5.3836238E+02   1.4072395E+06   1.4144005E+06   0.0000000E+00   0.0000000E+00   0.0000000E+00   0.0000000E+00   0.0000000E+00
   2.2407315E-02   1.3050194E+06   1.3050194E+06   1.6965686E+03   2.9852852E+01   4.5641711E+02   1.2983742E+06   1.3050194E+06   0.0000000E+00   0.0000000E+00   0.0000000E+00   0.0000000E+00   0.0000000E+00
   2.5141205E-02   1.1920801E+06   1.1920801E+06   1.3065445E+03   2.1869991E+01   4.2382363E+02   1.1859807E+06   1.1920801E+06   0.0000000E+00   0.0000000E+00   0.0000000E+00   0.0000000E+00   0.0000000E+00
   2.8206671E-02   1.0778098E+06   1.0778098E+06   9.3375940E+02   1.5905613E+01   2.9874863E+02   1.0722731E+06   1.0778098E+06   0.0000000E+00   0.0000000E+00   0.0000000E+00   0.0000000E+00   0.0000000E+00
   3.1632356E-02   9.6560266E+05   9.6560266E+05   7.1298119E+02   1.1444497E+01   2.5488525E+02   9.6062565E+05   9.6560266E+05   0.0000000E+00   0.0000000E+00   0.0000000E+00   0.0000000E+00   0.0000000E+00
   3.5408984E-02   8.6049569E+05   8.6049569E+05   5.0093967E+02   8.1980487E+00   2.1544943E+02   8.5604816E+05   8.6049569E+05   0.0000000E+00   0.0000000E+00   0.0000000E+00   0.0000000E+00   0.0000000E+00
   3.9421514E-02   7.6900647E+05   7.6900647E+05   3.6356752E+02   5.9361075E+00   1.7580335E+02   7.6502326E+05   7.6900647E+05   0.0000000E+00   0.0000000E+00   0.0000000E+00   0.0000000E+00   0.0000000E+00
   4.3428156E-02   6.9623799E+05   6.9623799E+05   2.7358013E+02   4.4271308E+00   1.4756737E+02   6.9262562E+05   6.9623799E+05   0.0000000E+00   0.0000000E+00   0.0000000E+00   0.0000000E+00   0.0000000E+00
   4.7213673E-02   6.4188136E+05   6.4188136E+05   2.1056592E+02   3.4389909E+00   1.3386736E+02   6.3854702E+05   6.4188136E+05   0.0000000E+00   0.0000000E+00   0.0000000E+00   0.0000000E+00   0.0000000E+00
   5.0722354E-02   6.0143603E+05   6.0143603E+05   1.5433862E+02   2.7755118E+00   1.2087042E+02   5.9830887E+05   6.0143603E+05   0.0000000E+00   0.0000000E+00   0.0000000E+00   0.0000000E+00   0.0000000E+00
   5.3999025E-02   5.7015629E+05   5.7015629E+05   1.3614972E+02   2.3081367E+00   9.9780359E+01   5.6718962E+05   5.7015629E+05   0.0000000E+00   0.0000000E+00   0.0000000E+00   0.0000000E+00   0.0000000E+00
   5.7107570E-02   5.4458155E+05   5.4458155E+05   1.1859878E+02   1.9574207E+00   1.0395469E+02   5.4174632E+05   5.4458155E+05   0.0000000E+00   0.0000000E+00   0.0000000E+00   0.0000000E+00   0.0000000E+00
   6.0102276E-02   5.2241261E+05   5.2241261E+05   9.8664865E+01   1.6878119E+00   8.8260410E+01   5.1969152E+05   5.2241261E+05   0.0000000E+00   0.0000000E+00   0.0000000E+00   0.0000000E+00   0.0000000E+00
   6.3024514E-02   5.0213671E+05   5.0213671E+05   8.8273897E+01   1.4690121E+00   9.1645850E+01   4.9952017E+05   5.0213671E+05   0.0000000E+00   0.0000000E+00   0.0000000E+00   0.0000000E+00   0.0000000E+00
   6.5905355E-02   4.8275925E+05   4.8275925E+05   7.9585382E+01   1.2894959E+00   7.8196537E+01   4.8024279E+05   4.8275925E+05   0.0000000E+00   0.0000000E+00   0.0000000E+00   0.0000000E+00   0.0000000E+00
   6.8768494E-02   4.6364441E+05   4.6364441E+05   6.3873247E+01   1.1362612E+00   8.0644126E+01   4.6122684E+05   4.6364441E+05   0.0000000E+00   0.0000000E+00   0.0000000E+00   0.0000000E+00   0.0000000E+00
   7.1632470E-02   4.4442274E+05   4.4442274E+05   6.5296557E+01   1.0052231E+00   7.2864966E+01   4.4210475E+05   4.4442274E+05   0.0000000E+00   0.0000000E+00   0.0000000E+00   0.0000000E+00   0.0000000E+00
   7.4512204E-02   4.2493476E+05   4.2493476E+05   4.9265896E+01   8.9069554E-01   6.7360233E+01   4.2271785E+05   4.2493476E+05   0.0000000E+00   0.0000000E+00   0.0000000E+00   0.0000000E+00   0.0000000E+00
   7.7420057E-02   4.0519229E+05   4.0519229E+05   4.9423260E+01   7.8939798E-01   6.8398769E+01   4.0307790E+05   4.0519229E+05   0.0000000E+00   0.0000000E+00   0.0000000E+00   0.0000000E+00   0.0000000E+00
   8.0366549E-02   3.8534660E+05   3.8534660E+05   4.0487682E+01   7.0059934E-01   5.8060937E+01   3.8333535E+05   3.8534660E+05   0.0000000E+00   0.0000000E+00   0.0000000E+00   0.0000000E+00   0.0000000E+00
   8.3360865E-02   3.6565705E+05   3.6565705E+05   3.7085362E+01   6.2099820E-01   6.0492024E+01   3.6374820E+05   3.6565705E+05   0.0000000E+00   0.0000000E+00   0.0000000E+00   0.0000000E+00   0.0000000E+00
   8.6411209E-02   3.4645684E+05   3.4645684E+05   3.1799285E+01   5.5102632E-01   5.1917351E+01   3.4464791E+05   3.4645684E+05   0.0000000E+00   0.0000000E+00   0.0000000E+00   0.0000000E+00   0.0000000E+00
   8.9525064E-02   3.2811434E+05   3.2811434E+05   2.9457310E+01   4.8869497E-01   5.2603422E+01   3.2640091E+05   3.2811434E+05   0.0000000E+00   0.0000000E+00   0.0000000E+00   0.0000000E+00   0.0000000E+00
   9.2709380E-02   3.1099046E+05   3.1099046E+05   2.3715920E+01   4.3402686E-01   4.6860856E+01   3.0936622E+05   3.1099046E+05   0.0000000E+00   0.0000000E+00   0.0000000E+00   0.0000000E+00   0.0000000E+00
   9.5970712E-02   2.9539407E+05   2.9539407E+05   2.3802475E+01   3.8590302E-01   4.4413186E+01   2.9385107E+05   2.9539407E+05   0.0000000E+00   0.0000000E+00   0.0000000E+00   0.0000000E+00   0.0000000E+00
   9.9315324E-02   2.8153890E+05   2.8153890E+05   1.9506788E+01   3.4369497E-01   4.4231644E+01   2.8006807E+05   2.8153890E+05   0.0000000E+00   0.0000000E+00   0.0000000E+00   0.0000000E+00   0.0000000E+00
   1.0274927E-01   2.6950702E+05   2.6950702E+05   1.6715386E+01   3.0711121E-01   3.9772650E+01   2.6809889E+05   2.6950702E+05   0.0000000E+00   0.0000000E+00   0.0000000E+00   0.0000000E+00   0.0000000E+00
   1.0627846E-01   2.5922454E+05   2.5922454E+05   1.6370085E+01   2.7521543E-01   3.7454116E+01   2.5786998E+05   2.5922454E+05   0.0000000E+00   0.0000000E+00   0.0000000E+00   0.0000000E+00   0.0000000E+00
   1.0990869E-01   2.5045510E+05   2.5045510E+05   1.5194415E+01   2.4734531E-01   3.6873799E+01   2.4914623E+05   2.5045510E+05   0.0000000E+00   0.0000000E+00   0.0000000E+00   0.0000000E+00   0.0000000E+00
   1.1364570E-01   2.4281616E+05   2.4281616E+05   1.3584247E+01   2.2289596E-01   3.6324815E+01   2.4154709E+05   2.4281616E+05   0.0000000E+00   0.0000000E+00   0.0000000E+00   0.0000000E+00   0.0000000E+00
   1.1749519E-01   2.3581992E+05   2.3581992E+05   1.2247979E+01   2.0128021E-01   3.5190122E+01   2.3458729E+05   2.3581992E+05   0.0000000E+00   0.0000000E+00   0.0000000E+00   0.0000000E+00   0.0000000E+00
   1.2146282E-01   2.2893747E+05   2.2893747E+05   1.1165027E+01   1.8189234E-01   3.3892129E+01   2.2774072E+05   2.2893747E+05   0.0000000E+00   0.0000000E+00   0.0000000E+00   0.0000000E+00   0.0000000E+00
   1.2555429E-01   2.2167949E+05   2.2167949E+05   1.0235442E+01   1.6426889E-01   3.2481203E+01   2.2052059E+05   2.2167949E+05   0.0000000E+00   0.0000000E+00   0.0000000E+00   0.0000000E+00   0.0000000E+00
   1.2977527E-01   2.1368151E+05   2.1368151E+05   9.3139524E+00   1.4806109E-01   3.0765185E+01   2.1256434E+05   2.1368151E+05   0.0000000E+00   0.0000000E+00   0.0000000E+00   0.0000000E+00   0.0000000E+00
   1.3413146E-01   2.0477753E+05   2.0477753E+05   8.1252891E+00   1.3303444E-01   2.8870678E+01   2.0370683E+05   2.0477753E+05   0.0000000E+00   0.0000000E+00   0.0000000E+00   0.0000000E+00   0.0000000E+00
   1.3862862E-01   1.9504375E+05   1.9504375E+05   6.7388602E+00   1.1910422E-01   2.7564803E+01   1.9402388E+05   1.9504375E+05   0.0000000E+00   0.0000000E+00   0.0000000E+00   0.0000000E+00   0.0000000E+00
   1.4327250E-01   1.8479621E+05   1.8479621E+05   6.1470596E+00   1.0624139E-01   2.6941292E+01   1.8382986E+05   1.8479621E+05   0.0000000E+00   0.0000000E+00   0.0000000E+00   0.0000000E+00   0.0000000E+00
   1.4806891E-01   1.7453355E+05   1.7453355E+05   5.8170793E+00   9.4552218E-02   2.4569030E+01   1.7362082E+05   1.7453355E+05   0.0000000E+00   0.0000000E+00   0.0000000E+00   0.0000000E+00   0.0000000E+00
   1.5302373E-01   1.6482849E+05   1.6482849E+05   4.6504351E+00   8.4054231E-02   2.3417473E+01   1.6396646E+05   1.6482849E+05   0.0000000E+00   0.0000000E+00   0.0000000E+00   0.0000000E+00   0.0000000E+00
   1.5814285E-01   1.5618704E+05   1.5618704E+05   4.5488300E+00   7.4805817E-02   2.1983890E+01   1.5537016E+05   1.5618704E+05   0.0000000E+00   0.0000000E+00   0.0000000E+00   0.0000000E+00   0.0000000E+00
   1.6343228E-01   1.4890906E+05   1.4890906E+05   3.8084122E+00   6.6761718E-02   2.1374852E+01   1.4813022E+05   1.4890906E+05   0.0000000E+00   0.0000000E+00   0.0000000E+00   0.0000000E+00   0.0000000E+00
   1.6889805E-01   1.4299219E+05   1.4299219E+05   3.3551421E+00   5.9834078E-02   1.9881383E+01   1.4224425E+05   1.4299219E+05   0.0000000E+00   0.0000000E+00   0.0000000E+00   0.0000000E+00   0.0000000E+00
   1.7454634E-01   1.3811684E+05   1.3811684E+05   3.1919732E+00   5.3812551E-02   1.9104296E+01   1.3739437E+05   1.3811684E+05   0.0000000E+00   0.0000000E+00   0.0000000E+00   0.0000000E+00   0.0000000E+00
   1.8038339E-01   1.3373142E+05   1.3373142E+05   2.9346760E+00   4.8503597E-02   1.8492201E+01   1.3303187E+05   1.3373142E+05   0.0000000E+00   0.0000000E+00   0.0000000E+00   0.0000000E+00   0.0000000E+00
   1.8641561E-01   1.2922423E+05   1.2922423E+05   2.6212027E+00   4.3700291E-02   1.7818836E+01   1.2854822E+05   1.2922423E+05   0.0000000E+00   0.0000000E+00   0.0000000E+00   0.0000000E+00   0.0000000E+00
   1.9264954E-01   1.2413221E+05   1.2413221E+05   2.2949918E+00   3.9253599E-02   1.7190990E+01   1.2348282E+05   1.2413221E+05   0.0000000E+00   0.0000000E+00   0.0000000E+00   0.0000000E+00   0.0000000E+00
   1.9909195E-01   1.1831105E+05   1.1831105E+05   2.0310898E+00   3.5108213E-02   1.6528502E+01   1.1769209E+05   1.1831105E+05   0.0000000E+00   0.0000000E+00   0.0000000E+00   0.0000000E+00   0.0000000E+00
   2.0574981E-01   1.1199133E+05   1.1199133E+05   1.8935202E+00   3.1258704E-02   1.5641765E+01   1.1140542E+05   1.1199133E+05   0.0000000E+00   0.0000000E+00   0.0000000E+00   0.0000000E+00   0.0000000E+00
   2.1263038E-01   1.0568150E+05   1.0568150E+05   1.6073786E+00   2.7764587E-02   1.4485087E+01   1.0512858E+05   1.0568150E+05   0.0000000E+00   0.0000000E+00   0.0000000E+00   0.0000000E+00   0.0000000E+00
   2.1974128E-01   9.9942516E+04   9.9942516E+04   1.4642240E+00   2.4662030E-02   1.3896866E+01   9.9419611E+04   9.9942516E+04   0.0000000E+00   0.0000000E+00   0.0000000E+00   0.0000000E+00   0.0000000E+00
   2.2709049E-01   9.5127008E+04   9.5127008E+04   1.2475877E+00   2.1978866E-02   1.3100093E+01   9.4629285E+04   9.5127008E+04   0.0000000E+00   0.0000000E+00   0.0000000E+00   0.0000000E+00   0.0000000E+00
   2.3468649E-01   9.1210134E+04   9.1210134E+04   1.1536230E+00   1.9670024E-02   1.2493594E+01   9.0732893E+04   9.1210134E+04   0.0000000E+00   0.0000000E+00   0.0000000E+00   0.0000000E+00   0.0000000E+00
   2.4253831E-01   8.7810514E+04   8.7810514E+04   1.0560443E+00   1.7655172E-02   1.1978253E+01   8.7351050E+04   8.7810514E+04   0.0000000E+00   0.0000000E+00   0.0000000E+00   0.0000000E+00   0.0000000E+00
   2.5065564E-01   8.4406266E+04   8.4406266E+04   9.4239735E-01   1.5841015E-02   1.1538683E+01   8.3964605E+04   8.4406266E+04   0.0000000E+00   0.0000000E+00   0.0000000E+00   0.0000000E+00   0.0000000E+00
   2.5904894E-01   8.0634860E+04   8.0634860E+04   8.2492040E-01   1.4167211E-02   1.1054208E+01   8.0212924E+04   8.0634860E+04   0.0000000E+00   0.0000000E+00   0.0000000E+00   0.0000000E+00   0.0000000E+00
   2.6772956E-01   7.6497578E+04   7.6497578E+04   7.4709187E-01   1.2615941E-02   1.0510004E+01   7.6097285E+04   7.6497578E+04   0.0000000E+00   0.0000000E+00   0.0000000E+00   0.0000000E+00   0.0000000E+00
   2.7670992E-01   7.2330069E+04   7.2330069E+04   6.5228992E-01   1.1205620E-02   9.8467891E+00   7.1951576E+04   7.2330069E+04   0.0000000E+00   0.0000000E+00   0.0000000E+00   0.0000000E+00   0.0000000E+00
   2.8600366E-01   6.8547526E+04   6.8547526E+04   5.9279941E-01   9.9556176E-03   9.3906046E+00   6.8188821E+04   6.8547526E+04   0.0000000E+00   0.0000000E+00   0.0000000E+00   0.0000000E+00   0.0000000E+00
   2.9562587E-01   6.5339310E+04   6.5339310E+04   5.1909072E-01   8.8727254E-03   8.9536080E+00   6.4997388E+04   6.5339310E+04   0.0000000E+00   0.0000000E+00   0.0000000E+00   0.0000000E+00   0.0000000E+00
   3.0559328E-01   6.2543842E+04   6.2543842E+04   4.6318931E-01   7.9275553E-03   8.5358218E+00   6.2216544E+04   6.2543842E+04   0.0000000E+00   0.0000000E+00   0.0000000E+00   0.0000000E+00   0.0000000E+00
   3.1592464E-01   5.9808054E+04   5.9808054E+04   4.1872090E-01   7.0802831E-03   8.1859181E+00   5.9495068E+04   5.9808054E+04   0.0000000E+00   0.0000000E+00   0.0000000E+00   0.0000000E+00   0.0000000E+00
   3.2664097E-01   5.6899554E+04   5.6899554E+04   3.7362884E-01   6.3046803E-03   7.7418391E+00   5.6601785E+04   5.6899554E+04   0.0000000E+00   0.0000000E+00   0.0000000E+00   0.0000000E+00   0.0000000E+00
   3.3776603E-01   5.3892138E+04   5.3892138E+04   3.2898411E-01   5.5953287E-03   7.3462589E+00   5.3610104E+04   5.3892138E+04   0.0000000E+00   0.0000000E+00   0.0000000E+00   0.0000000E+00   0.0000000E+00
   3.4932682E-01   5.1049735E+04   5.1049735E+04   2.9003292E-01   4.9609996E-03   6.9560194E+00   5.0782573E+04   5.1049735E+04   0.0000000E+00   0.0000000E+00   0.0000000E+00   0.0000000E+00   0.0000000E+00
   3.6135416E-01   4.8530295E+04   4.8530295E+04   2.5725245E-01   4.4050056E-03   6.5842621E+00   4.8276315E+04   4.8530295E+04   0.0000000E+00   0.0000000E+00   0.0000000E+00   0.0000000E+00   0.0000000E+00
   3.7388354E-01   4.6229333E+04   4.6229333E+04   2.3075417E-01   3.9136293E-03   6.2971546E+00   4.5987393E+04   4.6229333E+04   0.0000000E+00   0.0000000E+00   0.0000000E+00   0.0000000E+00   0.0000000E+00
   3.8695599E-01   4.3934685E+04   4.3934685E+04   2.0405490E-01   3.4712628E-03   5.9608954E+00   4.3704752E+04   4.3934685E+04   0.0000000E+00   0.0000000E+00   0.0000000E+00   0.0000000E+00   0.0000000E+00
   4.0061938E-01   4.1592301E+04   4.1592301E+04   1.8107784E-01   3.0684518E-03   5.6488739E+00   4.1374625E+04   4.1592301E+04   0.0000000E+00   0.0000000E+00   0.0000000E+00   0.0000000E+00   0.0000000E+00
   4.1492998E-01   3.9337351E+04   3.9337351E+04   1.5894498E-01   2.7073903E-03   5.3308796E+00   3.9131474E+04   3.9337351E+04   0.0000000E+00   0.0000000E+00   0.0000000E+00   0.0000000E+00   0.0000000E+00
   4.2995447E-01   3.7264431E+04   3.7264431E+04   1.4069507E-01   2.3874045E-03   5.0538480E+00   3.7069401E+04   3.7264431E+04   0.0000000E+00   0.0000000E+00   0.0000000E+00   0.0000000E+00   0.0000000E+00
   4.4577267E-01   3.5291848E+04   3.5291848E+04   1.2366917E-01   2.1020239E-03   4.7890569E+00   3.5107141E+04   3.5291848E+04   0.0000000E+00   0.0000000E+00   0.0000000E+00   0.0000000E+00   0.0000000E+00
   4.6248115E-01   3.3321785E+04   3.3321785E+04   1.0873591E-01   1.8447478E-03   4.5052800E+00   3.3147388E+04   3.3321785E+04   0.0000000E+00   0.0000000E+00   0.0000000E+00   0.0000000E+00   0.0000000E+00
   4.8019806E-01   3.1396967E+04   3.1396967E+04   9.4944881E-02   1.6125516E-03   4.2482174E+00   3.1232642E+04   3.1396967E+04   0.0000000E+00   0.0000000E+00   0.0000000E+00   0.0000000E+00   0.0000000E+00
   4.9906995E-01   2.9574760E+04   2.9574760E+04   8.2627498E-02   1.4061746E-03   3.9989273E+00   2.9419971E+04   2.9574760E+04   0.0000000E+00   0.0000000E+00   0.0000000E+00   0.0000000E+00   0.0000000E+00
   5.1928120E-01   2.7802448E+04   2.7802448E+04   7.1730544E-02   1.2208333E-03   3.7484013E+00   2.7656934E+04   2.7802448E+04   0.0000000E+00   0.0000000E+00   0.0000000E+00   0.0000000E+00   0.0000000E+00
   5.4106756E-01   2.6049079E+04   2.6049079E+04   6.1938877E-02   1.0537973E-03   3.5133708E+00   2.5912742E+04   2.6049079E+04   0.0000000E+00   0.0000000E+00   0.0000000E+00   0.0000000E+00   0.0000000E+00
   5.6473599E-01   2.4348822E+04   2.4348822E+04   5.3172450E-02   9.0414374E-04   3.2845862E+00   2.4221382E+04   2.4348822E+04   0.0000000E+00   0.0000000E+00   0.0000000E+00   0.0000000E+00   0.0000000E+00
   5.9069410E-01   2.2677868E+04   2.2677868E+04   4.5263581E-02   7.6954929E-04   3.0616679E+00   2.2559173E+04   2.2677868E+04   0.0000000E+00   0.0000000E+00   0.0000000E+00   0.0000000E+00   0.0000000E+00
   6.1949480E-01   2.1020267E+04   2.1020267E+04   3.8136829E-02   6.4862379E-04   2.8358090E+00   2.0910248E+04   2.1020267E+04   0.0000000E+00   0.0000000E+00   0.0000000E+00   0.0000000E+00   0.0000000E+00
   6.5190505E-01   1.9378192E+04   1.9378192E+04   3.1758866E-02   5.3993840E-04   2.6152062E+00   1.9276767E+04   1.9378192E+04   0.0000000E+00   0.0000000E+00   0.0000000E+00   0.0000000E+00   0.0000000E+00
   6.8901137E-01   1.7730841E+04   1.7730841E+04   2.6009475E-02   4.4227709E-04   2.3910326E+00   1.7638037E+04   1.7730841E+04   0.0000000E+00   0.0000000E+00   0.0000000E+00   0.0000000E+00   0.0000000E+00
   7.3237744E-01   1.6071009E+04   1.6071009E+04   2.0867204E-02   3.5479412E-04   2.1635089E+00   1.5986893E+04   1.6071009E+04   0.0000000E+00   0.0000000E+00   0.0000000E+00   0.0000000E+00   0.0000000E+00
   7.8425413E-01   1.4386380E+04   1.4386380E+04   1.6290389E-02   2.7695279E-04   1.9411073E+00   1.4311081E+04   1.4386380E+04   0.0000000E+00   0.0000000E+00   0.0000000E+00   0.0000000E+00   0.0000000E+00
   8.4776250E-01   1.2674910E+04   1.2674910E+04   1.2282547E-02   2.0881960E-04   1.7079753E+00   1.2608569E+04   1.2674910E+04   0.0000000E+00   0.0000000E+00   0.0000000E+00   0.0000000E+00   0.0000000E+00
   9.2672825E-01   1.0956668E+04   1.0956668E+04   8.8851571E-03   1.5106604E-04   1.4760121E+00   1.0899319E+04   1.0956668E+04   0.0000000E+00   0.0000000E+00   0.0000000E+00   0.0000000E+00   0.0000000E+00
   1.0245630E+00   9.2888359E+03   9.2888359E+03   6.1628040E-03   1.0478471E-04   1.2497002E+00   9.2402168E+03   9.2888359E+03   0.0000000E+00   0.0000000E+00   0.0000000E+00   0.0000000E+00   0.0000000E+00
   1.1424657E+00   7.7557593E+03   7.7557593E+03   4.1384114E-03   7.0356210E-05   1.0450686E+00   7.7151644E+03   7.7557593E+03   0.0000000E+00   0.0000000E+00   0.0000000E+00   0.0000000E+00   0.0000000E+00
   1.2795105E+00   6.4214697E+03   6.4214697E+03   2.7317746E-03   4.6445546E-05   8.6454700E-01   6.3878585E+03   6.4214697E+03   0.0000000E+00   0.0000000E+00   0.0000000E+00   0.0000000E+00   0.0000000E+00
   1.4350820E+00   5.2975314E+03   5.2975314E+03   1.7915112E-03   3.0457497E-05   7.1265655E-01   5.2698031E+03   5.2975314E+03   0.0000000E+00   0.0000000E+00   0.0000000E+00   0.0000000E+00   0.0000000E+00
   1.6100968E+00   4.3629783E+03   4.3629783E+03   1.1721419E-03   1.9927829E-05   5.8702663E-01   4.3401415E+03   4.3629783E+03   0.0000000E+00   0.0000000E+00   0.0000000E+00   0.0000000E+00   0.0000000E+00
   1.8065477E+00   3.5891126E+03   3.5891126E+03   7.6593363E-04   1.3022624E-05   4.8242129E-01   3.5703264E+03   3.5891126E+03   0.0000000E+00   0.0000000E+00   0.0000000E+00   0.0000000E+00   0.0000000E+00
   2.0269790E+00   2.9494475E+03   2.9494475E+03   4.9997165E-04   8.5007181E-06   3.9645051E-01   2.9340095E+03   2.9494475E+03   0.0000000E+00   0.0000000E+00   0.0000000E+00   0.0000000E+00   0.0000000E+00
   2.2743078E+00   2.4214161E+03   2.4214161E+03   3.2595942E-04   5.5435227E-06   3.2576146E-01   2.4087418E+03   2.4214161E+03   0.0000000E+00   0.0000000E+00   0.0000000E+00   0.0000000E+00   0.0000000E+00
   2.5518153E+00   1.9860683E+03   1.9860683E+03   2.1248987E-04   3.6117278E-06   2.6710771E-01   1.9756727E+03   1.9860683E+03   0.0000000E+00   0.0000000E+00   0.0000000E+00   0.0000000E+00   0.0000000E+00
   2.8631839E+00   1.6275495E+03   1.6275495E+03   1.3829097E-04   2.3510952E-06   2.1894886E-01   1.6190305E+03   1.6275495E+03   0.0000000E+00   0.0000000E+00   0.0000000E+00   0.0000000E+00   0.0000000E+00
   3.2125452E+00   1.3326224E+03   1.3326224E+03   8.9938346E-05   1.5291891E-06   1.7918788E-01   1.3256471E+03   1.3326224E+03   0.0000000E+00   0.0000000E+00   0.0000000E+00   0.0000000E+00   0.0000000E+00
   3.6045350E+00   1.0902595E+03   1.0902595E+03   5.8446490E-05   9.9379511E-07   1.4678649E-01   1.0845528E+03   1.0902595E+03   0.0000000E+00   0.0000000E+00   0.0000000E+00   0.0000000E+00   0.0000000E+00
   4.0443548E+00   8.9128850E+02   8.9128850E+02   3.7952664E-05   6.4541061E-07   1.1987300E-01   8.8662328E+02   8.9128850E+02   0.0000000E+00   0.0000000E+00   0.0000000E+00   0.0000000E+00   0.0000000E+00
   4.5378407E+00   7.2809377E+02   7.2809377E+02   2.4622691E-05   4.1882685E-07   9.7943566E-02   7.2428275E+02   7.2809377E+02   0.0000000E+00   0.0000000E+00   0.0000000E+00   0.0000000E+00   0.0000000E+00
   5.0915410E+00   5.9436180E+02   5.9436180E+02   1.5971413E-05   2.7161002E-07   8.0016605E-02   5.9125077E+02   5.9436180E+02   0.0000000E+00   0.0000000E+00   0.0000000E+00   0.0000000E+00   0.0000000E+00
   5.7128029E+00   4.8486653E+02   4.8486653E+02   1.0348294E-05   1.7604098E-07   6.5145729E-02   4.8232862E+02   4.8486653E+02   0.0000000E+00   0.0000000E+00   0.0000000E+00   0.0000000E+00   0.0000000E+00
   6.4098703E+00   3.9528803E+02   3.9528803E+02   6.7010673E-06   1.1401977E-07   5.3159715E-02   3.9321900E+02   3.9528803E+02   0.0000000E+00   0.0000000E+00   0.0000000E+00   0.0000000E+00   0.0000000E+00
   7.1919928E+00   3.2206010E+02   3.2206010E+02   4.3387837E-06   7.3810397E-08   4.3319541E-02   3.2037435E+02   3.2206010E+02   0.0000000E+00   0.0000000E+00   0.0000000E+00   0.0000000E+00   0.0000000E+00
   8.0695486E+00   2.6224240E+02   2.6224240E+02   2.8051601E-06   4.7755711E-08   3.5245534E-02   2.6086976E+02   2.6224240E+02   0.0000000E+00   0.0000000E+00   0.0000000E+00   0.0000000E+00   0.0000000E+00
