#           k/h    CDM            baryon         photon         nu             mass_nu        total          no_nu          total_de       Weyl           v_CDM          v_b            v_b-v_c     
   1.0008987E-05   7.2537303E+06   7.2537303E+06   9.6701491E+06   1.4500258E+04   5.9629702E+05   7.2538967E+06   7.2537303E+06   0.0000000E+00   0.0000000E+00   0.0000000E+00   0.0000000E+00   0.0000000E+00
   1.1230268E-05   7.2537279E+06   7.2537279E+06   9.6697599E+06   1.4499896E+04   5.9628803E+05   7.2538942E+06   7.2537279E+06   0.0000000E+00   0.0000000E+00   0.0000000E+00   0.0000000E+00   0.0000000E+00
   1.2600568E-05   7.2537250E+06   7.2537250E+06   9.6692699E+06   1.4499439E+04   5.9627672E+05   7.2538910E+06   7.2537250E+06   0.0000000E+00   0.0000000E+00   0.0000000E+00   0.0000000E+00   0.0000000E+00
   1.4138070E-05   7.2537213E+06   7.2537213E+06   9.6686531E+06   1.4498865E+04   5.9626248E+05   7.2538870E+06   7.2537213E+06   0.0000000E+00   0.0000000E+00   0.0000000E+00   0.0000000E+00   0.0000000E+00
   1.5863175E-05   7.2537166E+06   7.2537166E+06   9.6678767E+06   1.4498142E+04   5.9624456E+05   7.2538820E+06   7.2537166E+06   0.0000000E+00   0.0000000E+00   0.0000000E+00   0.0000000E+00   0.0000000E+00
   1.7798775E-05   7.2537108E+06   7.2537108E+06   9.6668993E+06   1.4497232E+04   5.9622200E+05   7.2538756E+06   7.2537108E+06   0.0000000E+00   0.0000000E+00   0.0000000E+00   0.0000000E+00   0.0000000E+00
   1.9970554E-05   7.2537034E+06   7.2537034E+06   9.6656690E+06   1.4496087E+04   5.9619360E+05   7.2538677E+06   7.2537034E+06   0.0000000E+00   0.0000000E+00   0.0000000E+00   0.0000000E+00   0.0000000E+00
   2.2407330E-05   7.2536941E+06   7.2536941E+06   9.6641203E+06   1.4494645E+04   5.9615786E+05   7.2538576E+06   7.2536941E+06   0.0000000E+00   0.0000000E+00   0.0000000E+00   0.0000000E+00   0.0000000E+00
   2.5141438E-05   7.2536824E+06   7.2536824E+06   9.6621709E+06   1.4492830E+04   5.9611288E+05   7.2538450E+06   7.2536824E+06   0.0000000E+00   0.0000000E+00   0.0000000E+00   0.0000000E+00   0.0000000E+00
   2.8209158E-05   7.2536677E+06   7.2536677E+06   9.6597174E+06   1.4490545E+04   5.9605627E+05   7.2538291E+06   7.2536677E+06   0.0000000E+00   0.0000000E+00   0.0000000E+00   0.0000000E+00   0.0000000E+00
   3.1651195E-05   7.2536491E+06   7.2536491E+06   9.6566294E+06   1.4487669E+04   5.9598504E+05   7.2538091E+06   7.2536491E+06   0.0000000E+00   0.0000000E+00   0.0000000E+00   0.0000000E+00   0.0000000E+00
   3.5513225E-05   7.2536258E+06   7.2536258E+06   9.6527432E+06   1.4484050E+04   5.9589542E+05   7.2537839E+06   7.2536258E+06   0.0000000E+00   0.0000000E+00   0.0000000E+00   0.0000000E+00   0.0000000E+00
   3.9846494E-05   7.2535964E+06   7.2535964E+06   9.6478529E+06   1.4479495E+04   5.9578267E+05   7.2537521E+06   7.2535964E+06   0.0000000E+00   0.0000000E+00   0.0000000E+00   0.0000000E+00   0.0000000E+00
   4.4708502E-05   7.2535594E+06   7.2535594E+06   9.6416997E+06   1.4473763E+04   5.9564086E+05   7.2537122E+06   7.2535594E+06   0.0000000E+00   0.0000000E+00   0.0000000E+00   0.0000000E+00   0.0000000E+00
   5.0163764E-05   7.2535129E+06   7.2535129E+06   9.6339587E+06   1.4466551E+04   5.9546254E+05   7.2536619E+06   7.2535129E+06   0.0000000E+00   0.0000000E+00   0.0000000E+00   0.0000000E+00   0.0000000E+00
   5.6284669E-05   7.2534543E+06   7.2534543E+06   9.6242216E+06   1.4457476E+04   5.9523837E+05   7.2535987E+06   7.2534543E+06   0.0000000E+00   0.0000000E+00   0.0000000E+00   0.0000000E+00   0.0000000E+00
   6.3152438E-05   7.2533806E+06   7.2533806E+06   9.6119768E+06   1.4446062E+04   5.9495667E+05   7.2535190E+06   7.2533806E+06   0.0000000E+00   0.0000000E+00   0.0000000E+00   0.0000000E+00   0.0000000E+00
   7.0858200E-05   7.2532878E+06   7.2532878E+06   9.5965826E+06   1.4431707E+04   5.9460285E+05   7.2534188E+06   7.2532878E+06   0.0000000E+00   0.0000000E+00   0.0000000E+00   0.0000000E+00   0.0000000E+00
   7.9504209E-05   7.2531710E+06   7.2531710E+06   9.5772358E+06   1.4413658E+04   5.9415871E+05   7.2532927E+06   7.2531710E+06   0.0000000E+00   0.0000000E+00   0.0000000E+00   0.0000000E+00   0.0000000E+00
   8.9205189E-05   7.2530240E+06   7.2530240E+06   9.5529325E+06   1.4390972E+04   5.9360161E+05   7.2531340E+06   7.2530240E+06   0.0000000E+00   0.0000000E+00   0.0000000E+00   0.0000000E+00   0.0000000E+00
   1.0008987E-04   7.2528391E+06   7.2528391E+06   9.5224202E+06   1.4362471E+04   5.9290348E+05   7.2529343E+06   7.2528391E+06   0.0000000E+00   0.0000000E+00   0.0000000E+00   0.0000000E+00   0.0000000E+00
   1.1230268E-04   7.2526065E+06   7.2526065E+06   9.4841396E+06   1.4326683E+04   5.9202967E+05   7.2526831E+06   7.2526065E+06   0.0000000E+00   0.0000000E+00   0.0000000E+00   0.0000000E+00   0.0000000E+00
   1.2600568E-04   7.2523139E+06   7.2523139E+06   9.4361559E+06   1.4281773E+04   5.9093762E+05   7.2523672E+06   7.2523139E+06   0.0000000E+00   0.0000000E+00   0.0000000E+00   0.0000000E+00   0.0000000E+00
   1.4138070E-04   7.2519460E+06   7.2519460E+06   9.3760775E+06   1.4225465E+04   5.8957543E+05   7.2519700E+06   7.2519460E+06   0.0000000E+00   0.0000000E+00   0.0000000E+00   0.0000000E+00   0.0000000E+00
   1.5863175E-04   7.2514836E+06   7.2514836E+06   9.3009627E+06   1.4154940E+04   5.8788036E+05   7.2514706E+06   7.2514836E+06   0.0000000E+00   0.0000000E+00   0.0000000E+00   0.0000000E+00   0.0000000E+00
   1.7798775E-04   7.2509024E+06   7.2509024E+06   9.2072162E+06   1.4066726E+04   5.8577747E+05   7.2508432E+06   7.2509024E+06   0.0000000E+00   0.0000000E+00   0.0000000E+00   0.0000000E+00   0.0000000E+00
   1.9970554E-04   7.2501725E+06   7.2501725E+06   9.0904811E+06   1.3956572E+04   5.8317869E+05   7.2500552E+06   7.2501725E+06   0.0000000E+00   0.0000000E+00   0.0000000E+00   0.0000000E+00   0.0000000E+00
   2.2407330E-04   7.2492562E+06   7.2492562E+06   8.9455344E+06   1.3819310E+04   5.7998272E+05   7.2490661E+06   7.2492562E+06   0.0000000E+00   0.0000000E+00   0.0000000E+00   0.0000000E+00   0.0000000E+00
   2.5141438E-04   7.2481068E+06   7.2481068E+06   8.7662062E+06   1.3648724E+04   5.7607665E+05   7.2478256E+06   7.2481068E+06   0.0000000E+00   0.0000000E+00   0.0000000E+00   0.0000000E+00   0.0000000E+00
   2.8209158E-04   7.2466663E+06   7.2466663E+06   8.5453513E+06   1.3437434E+04   5.7134021E+05   7.2462712E+06   7.2466663E+06   0.0000000E+00   0.0000000E+00   0.0000000E+00   0.0000000E+00   0.0000000E+00
   3.1651195E-04   7.2448632E+06   7.2448632E+06   8.2749194E+06   1.3176834E+04   5.6565447E+05   7.2443258E+06   7.2448632E+06   0.0000000E+00   0.0000000E+00   0.0000000E+00   0.0000000E+00   0.0000000E+00
   3.5513225E-04   7.2426092E+06   7.2426092E+06   7.9461981E+06   1.2857128E+04   5.5891662E+05   7.2418947E+06   7.2426092E+06   0.0000000E+00   0.0000000E+00   0.0000000E+00   0.0000000E+00   0.0000000E+00
   3.9846494E-04   7.2397966E+06   7.2397966E+06   7.5503237E+06   1.2467546E+04   5.5106343E+05   7.2388620E+06   7.2397966E+06   0.0000000E+00   0.0000000E+00   0.0000000E+00   0.0000000E+00   0.0000000E+00
   4.4708502E-04   7.2362943E+06   7.2362943E+06   7.0791937E+06   1.1996842E+04   5.4210471E+05   7.2350875E+06   7.2362943E+06   0.0000000E+00   0.0000000E+00   0.0000000E+00   0.0000000E+00   0.0000000E+00
   5.0163764E-04   7.2319447E+06   7.2319447E+06   6.5269263E+06   1.1434215E+04   5.3216672E+05   7.2304025E+06   7.2319447E+06   0.0000000E+00   0.0000000E+00   0.0000000E+00   0.0000000E+00   0.0000000E+00
   5.6284669E-04   7.2265598E+06   7.2265598E+06   5.8920007E+06   1.0770812E+04   5.2153999E+05   7.2246066E+06   7.2265598E+06   0.0000000E+00   0.0000000E+00   0.0000000E+00   0.0000000E+00   0.0000000E+00
   6.3152438E-04   7.2199184E+06   7.2199184E+06   5.1801053E+06   1.0001960E+04   5.1071614E+05   7.2174651E+06   7.2199184E+06   0.0000000E+00   0.0000000E+00   0.0000000E+00   0.0000000E+00   0.0000000E+00
   7.0858200E-04   7.2117640E+06   7.2117640E+06   4.4074659E+06   9.1301639E+03   5.0038184E+05   7.2087075E+06   7.2117640E+06   0.0000000E+00   0.0000000E+00   0.0000000E+00   0.0000000E+00   0.0000000E+00
   7.9504209E-04   7.2018034E+06   7.2018034E+06   3.6039235E+06   8.1686484E+03   4.9131697E+05   7.1980270E+06   7.2018034E+06   0.0000000E+00   0.0000000E+00   0.0000000E+00   0.0000000E+00   0.0000000E+00
   8.9205189E-04   7.1897074E+06   7.1897074E+06   2.8142454E+06   7.1447347E+03   4.8412938E+05   7.1850838E+06   7.1897074E+06   0.0000000E+00   0.0000000E+00   0.0000000E+00   0.0000000E+00   0.0000000E+00
   1.0008987E-03   7.1751121E+06   7.1751121E+06   2.0952397E+06   6.1015629E+03   4.7878003E+05   7.1695078E+06   7.1751121E+06   0.0000000E+00   0.0000000E+00   0.0000000E+00   0.0000000E+00   0.0000000E+00
   1.1230268E-03   7.1576186E+06   7.1576186E+06   1.5058211E+06   5.0958549E+03   4.7396669E+05   7.1509027E+06   7.1576186E+06   0.0000000E+00   0.0000000E+00   0.0000000E+00   0.0000000E+00   0.0000000E+00
   1.2600568E-03   7.1367916E+06   7.1367916E+06   1.0886159E+06   4.1891291E+03   4.6669903E+05   7.1288468E+06   7.1367916E+06   0.0000000E+00   0.0000000E+00   0.0000000E+00   0.0000000E+00   0.0000000E+00
   1.4138070E-03   7.1121510E+06   7.1121510E+06   8.4689409E+05   3.4313539E+03   4.5277096E+05   7.1028889E+06   7.1121510E+06   0.0000000E+00   0.0000000E+00   0.0000000E+00   0.0000000E+00   0.0000000E+00
   1.5863175E-03   7.0831620E+06   7.0831620E+06   7.2999876E+05   2.8408978E+03   4.2893969E+05   7.0725365E+06   7.0831620E+06   0.0000000E+00   0.0000000E+00   0.0000000E+00   0.0000000E+00   0.0000000E+00
   1.7798775E-03   7.0492269E+06   7.0492269E+06   6.4825870E+05   2.3924104E+03   3.9657829E+05   7.0372446E+06   7.0492269E+06   0.0000000E+00   0.0000000E+00   0.0000000E+00   0.0000000E+00   0.0000000E+00
   1.9970554E-03   7.0096953E+06   7.0096953E+06   5.2831394E+05   2.0286958E+03   3.6371784E+05   6.9964137E+06   7.0096953E+06   0.0000000E+00   0.0000000E+00   0.0000000E+00   0.0000000E+00   0.0000000E+00
   2.2407330E-03   6.9638952E+06   6.9638952E+06   3.7593762E+05   1.7005716E+03   3.4002040E+05   6.9494067E+06   6.9638952E+06   0.0000000E+00   0.0000000E+00   0.0000000E+00   0.0000000E+00   0.0000000E+00
   2.5141438E-03   6.9111684E+06   6.9111684E+06   2.6481047E+05   1.4044838E+03   3.2490672E+05   6.8955706E+06   6.9111684E+06   0.0000000E+00   0.0000000E+00   0.0000000E+00   0.0000000E+00   0.0000000E+00
   2.8209158E-03   6.8508639E+06   6.8508639E+06   2.2382983E+05   1.1666785E+03   3.0541723E+05   6.8342306E+06   6.8508639E+06   0.0000000E+00   0.0000000E+00   0.0000000E+00   0.0000000E+00   0.0000000E+00
   3.1651195E-03   6.7822860E+06   6.7822860E+06   1.8425487E+05   9.8319716E+02   2.7820177E+05   6.7646584E+06   6.7822860E+06   0.0000000E+00   0.0000000E+00   0.0000000E+00   0.0000000E+00   0.0000000E+00
   3.5513225E-03   6.7046785E+06   6.7046785E+06   1.2482863E+05   8.1975375E+02   2.5774222E+05   6.6860844E+06   6.7046785E+06   0.0000000E+00   0.0000000E+00   0.0000000E+00   0.0000000E+00   0.0000000E+00
   3.9846494E-03   6.6172751E+06   6.6172751E+06   1.0596284E+05   6.7741469E+02   2.3851823E+05   6.5977572E+06   6.6172751E+06   0.0000000E+00   0.0000000E+00   0.0000000E+00   0.0000000E+00   0.0000000E+00
   4.4708502E-03   6.5193053E+06   6.5193053E+06   8.5450719E+04   5.6394828E+02   2.1175248E+05   6.4989373E+06   6.5193053E+06   0.0000000E+00   0.0000000E+00   0.0000000E+00   0.0000000E+00   0.0000000E+00
   5.0163764E-03   6.4099997E+06   6.4099997E+06   6.3841044E+04   4.6268577E+02   1.9321619E+05   6.3888938E+06   6.4099997E+06   0.0000000E+00   0.0000000E+00   0.0000000E+00   0.0000000E+00   0.0000000E+00
   5.6284669E-03   6.2886307E+06   6.2886307E+06   5.1844853E+04   3.8030525E+02   1.6975182E+05   6.2669272E+06   6.2886307E+06   0.0000000E+00   0.0000000E+00   0.0000000E+00   0.0000000E+00   0.0000000E+00
   6.3152438E-03   6.1544685E+06   6.1544685E+06   3.9347143E+04   3.0959924E+02   1.5290615E+05   6.1322819E+06   6.1544685E+06   0.0000000E+00   0.0000000E+00   0.0000000E+00   0.0000000E+00   0.0000000E+00
   7.0858200E-03   6.0067857E+06   6.0067857E+06   2.8312274E+04   2.5118231E+02   1.3331465E+05   5.9842348E+06   6.0067857E+06   0.0000000E+00   0.0000000E+00   0.0000000E+00   0.0000000E+00   0.0000000E+00
   7.9504209E-03   5.8448798E+06   5.8448798E+06   2.4002123E+04   2.0228766E+02   1.1558657E+05   5.8221477E+06   5.8448798E+06   0.0000000E+00   0.0000000E+00   0.0000000E+00   0.0000000E+00   0.0000000E+00
   8.9205189E-03   5.6680727E+06   5.6680727E+06   1.8980917E+04   1.6193604E+02   1.0028648E+05   5.6453006E+06   5.6680727E+06   0.0000000E+00   0.0000000E+00   0.0000000E+00   0.0000000E+00   0.0000000E+00
   1.0008987E-02   5.4756959E+06   5.4756959E+06   1.4487254E+04   1.2853891E+02   8.6476423E+04   5.4530543E+06   5.4756959E+06   0.0000000E+00   0.0000000E+00   0.0000000E+00   0.0000000E+00   0.0000000E+00
   1.1230268E-02   5.2671134E+06   5.2671134E+06   1.1156950E+04   1.0143734E+02   7.3336356E+04   5.2447649E+06   5.2671134E+06   0.0000000E+00   0.0000000E+00   0.0000000E+00   0.0000000E+00   0.0000000E+00
   1.2600568E-02   5.0417558E+06   5.0417558E+06   8.0898352E+03   7.9400094E+01   6.1631574E+04   5.0198732E+06   5.0417558E+06   0.0000000E+00   0.0000000E+00   0.0000000E+00   0.0000000E+00   0.0000000E+00
   1.4138070E-02   4.7991882E+06   4.7991882E+06   5.7324958E+03   6.1595544E+01   5.1919702E+04   4.7779336E+06   4.7991882E+06   0.0000000E+00   0.0000000E+00   0.0000000E+00   0.0000000E+00   0.0000000E+00
   1.5863175E-02   4.5392290E+06   4.5392290E+06   4.7503010E+03   4.7393912E+01   4.2991739E+04   4.5187693E+06   4.5392290E+06   0.0000000E+00   0.0000000E+00   0.0000000E+00   0.0000000E+00   0.0000000E+00
   1.7798775E-02   4.2621557E+06   4.2621557E+06   3.2964355E+03   3.6097991E+01   3.5539833E+04   4.2426477E+06   4.2621557E+06   0.0000000E+00   0.0000000E+00   0.0000000E+00   0.0000000E+00   0.0000000E+00
   1.9970554E-02   3.9690042E+06   3.9690042E+06   2.3922533E+03   2.7220803E+01   2.8842366E+04   3.9505945E+06   3.9690042E+06   0.0000000E+00   0.0000000E+00   0.0000000E+00   0.0000000E+00   0.0000000E+00
   2.2407315E-02   3.6619851E+06   3.6619851E+06   1.7951287E+03   2.0294523E+01   2.3322269E+04   3.6448023E+06   3.6619851E+06   0.0000000E+00   0.0000000E+00   0.0000000E+00   0.0000000E+00   0.0000000E+00
   2.5141205E-02   3.3450057E+06   3.3450057E+06   1.3718517E+03   1.4953987E+01   1.8490619E+04   3.3291539E+06   3.3450057E+06   0.0000000E+00   0.0000000E+00   0.0000000E+00   0.0000000E+00   0.0000000E+00
   2.8206671E-02   3.0243122E+06   3.0243122E+06   9.4834207E+02   1.0887694E+01   1.4765389E+04   3.0098584E+06   3.0243122E+06   0.0000000E+00   0.0000000E+00   0.0000000E+00   0.0000000E+00   0.0000000E+00
   3.1632356E-02   2.7094249E+06   2.7094249E+06   6.7043964E+02   7.8496882E+00   1.1624565E+04   2.6963823E+06   2.7094249E+06   0.0000000E+00   0.0000000E+00   0.0000000E+00   0.0000000E+00   0.0000000E+00
   3.5408984E-02   2.4144742E+06   2.4144742E+06   5.0154067E+02   5.6389313E+00   9.1188122E+03   2.4027815E+06   2.4144742E+06   0.0000000E+00   0.0000000E+00   0.0000000E+00   0.0000000E+00   0.0000000E+00
   3.9421514E-02   2.1577446E+06   2.1577446E+06   3.3266635E+02   4.0962109E+00   7.2555534E+03   2.1472443E+06   2.1577446E+06   0.0000000E+00   0.0000000E+00   0.0000000E+00   0.0000000E+00   0.0000000E+00
   4.3428156E-02   1.9535517E+06   1.9535517E+06   2.6734545E+02   3.0697862E+00   6.0018217E+03   1.9440091E+06   1.9535517E+06   0.0000000E+00   0.0000000E+00   0.0000000E+00   0.0000000E+00   0.0000000E+00
   4.7213673E-02   1.8010256E+06   1.8010256E+06   2.0776100E+02   2.4007238E+00   5.0598489E+03   1.7922031E+06   1.8010256E+06   0.0000000E+00   0.0000000E+00   0.0000000E+00   0.0000000E+00   0.0000000E+00
   5.0722354E-02   1.6875359E+06   1.6875359E+06   1.6748304E+02   1.9509545E+00   4.4403886E+03   1.6792517E+06   1.6875359E+06   0.0000000E+00   0.0000000E+00   0.0000000E+00   0.0000000E+00   0.0000000E+00
   5.3999025E-02   1.5997656E+06   1.5997656E+06   1.4201098E+02   1.6321899E+00   4.0048797E+03   1.5918990E+06   1.5997656E+06   0.0000000E+00   0.0000000E+00   0.0000000E+00   0.0000000E+00   0.0000000E+00
   5.7107570E-02   1.5280037E+06   1.5280037E+06   1.1535887E+02   1.3938104E+00   3.6654357E+03   1.5204798E+06   1.5280037E+06   0.0000000E+00   0.0000000E+00   0.0000000E+00   0.0000000E+00   0.0000000E+00
   6.0102276E-02   1.4657988E+06   1.4657988E+06   1.0045494E+02   1.2073483E+00   3.3434971E+03   1.4585729E+06   1.4657988E+06   0.0000000E+00   0.0000000E+00   0.0000000E+00   0.0000000E+00   0.0000000E+00
   6.3024514E-02   1.4089059E+06   1.4089059E+06   9.0124461E+01   1.0554105E+00   3.1263467E+03   1.4019536E+06   1.4089059E+06   0.0000000E+00   0.0000000E+00   0.0000000E+00   0.0000000E+00   0.0000000E+00
   6.5905355E-02   1.3545343E+06   1.3545343E+06   7.6244937E+01   9.2846540E-01   2.8828759E+03   1.3478446E+06   1.3545343E+06   0.0000000E+00   0.0000000E+00   0.0000000E+00   0.0000000E+00   0.0000000E+00
   6.8768494E-02   1.3008999E+06   1.3008999E+06   7.0019454E+01   8.1967999E-01   2.7088175E+03   1.2944702E+06   1.3008999E+06   0.0000000E+00   0.0000000E+00   0.0000000E+00   0.0000000E+00   0.0000000E+00
   7.1632470E-02   1.2469660E+06   1.2469660E+06   5.9491065E+01   7.2506448E-01   2.5024824E+03   1.2407986E+06   1.2469660E+06   0.0000000E+00   0.0000000E+00   0.0000000E+00   0.0000000E+00   0.0000000E+00
   7.4512204E-02   1.1922850E+06   1.1922850E+06   5.4587924E+01   6.4167769E-01   2.3537650E+03   1.1863845E+06   1.1922850E+06   0.0000000E+00   0.0000000E+00   0.0000000E+00   0.0000000E+00   0.0000000E+00
   7.7420057E-02   1.1368902E+06   1.1368902E+06   4.6360942E+01   5.6792759E-01   2.1690233E+03   1.1312607E+06   1.1368902E+06   0.0000000E+00   0.0000000E+00   0.0000000E+00   0.0000000E+00   0.0000000E+00
   8.0366549E-02   1.0812060E+06   1.0812060E+06   4.2926733E+01   5.0228383E-01   2.0350899E+03   1.0758495E+06   1.0812060E+06   0.0000000E+00   0.0000000E+00   0.0000000E+00   0.0000000E+00   0.0000000E+00
   8.3360865E-02   1.0259600E+06   1.0259600E+06   3.5423408E+01   4.4403205E-01   1.8787560E+03   1.0208748E+06   1.0259600E+06   0.0000000E+00   0.0000000E+00   0.0000000E+00   0.0000000E+00   0.0000000E+00
   8.6411209E-02   9.7208715E+05   9.7208715E+05   3.3644641E+01   3.9247328E-01   1.7443079E+03   9.6726692E+05   9.7208715E+05   0.0000000E+00   0.0000000E+00   0.0000000E+00   0.0000000E+00   0.0000000E+00
   8.9525064E-02   9.2062106E+05   9.2062106E+05   2.8698324E+01   3.4703546E-01   1.6311791E+03   9.1605418E+05   9.2062106E+05   0.0000000E+00   0.0000000E+00   0.0000000E+00   0.0000000E+00   0.0000000E+00
   9.2709380E-02   8.7257435E+05   8.7257435E+05   2.4405983E+01   3.0729572E-01   1.5123971E+03   8.6824422E+05   8.7257435E+05   0.0000000E+00   0.0000000E+00   0.0000000E+00   0.0000000E+00   0.0000000E+00
   9.5970712E-02   8.2881359E+05   8.2881359E+05   2.2040253E+01   2.7278183E-01   1.4064070E+03   8.2469919E+05   8.2881359E+05   0.0000000E+00   0.0000000E+00   0.0000000E+00   0.0000000E+00   0.0000000E+00
   9.9315324E-02   7.8993847E+05   7.8993847E+05   2.0111044E+01   2.4294881E-01   1.3182606E+03   7.8601579E+05   7.8993847E+05   0.0000000E+00   0.0000000E+00   0.0000000E+00   0.0000000E+00   0.0000000E+00
   1.0274927E-01   7.5617928E+05   7.5617928E+05   1.8143886E+01   2.1730403E-01   1.2427228E+03   7.5242310E+05   7.5617928E+05   0.0000000E+00   0.0000000E+00   0.0000000E+00   0.0000000E+00   0.0000000E+00
   1.0627846E-01   7.2732860E+05   7.2732860E+05   1.6118549E+01   1.9524075E-01   1.1776451E+03   7.2371471E+05   7.2732860E+05   0.0000000E+00   0.0000000E+00   0.0000000E+00   0.0000000E+00   0.0000000E+00
   1.0990869E-01   7.0272330E+05   7.0272330E+05   1.4108087E+01   1.7617721E-01   1.1239417E+03   6.9923073E+05   7.0272330E+05   0.0000000E+00   0.0000000E+00   0.0000000E+00   0.0000000E+00   0.0000000E+00
   1.1364570E-01   6.8128995E+05   6.8128995E+05   1.2878820E+01   1.5952069E-01   1.0811144E+03   6.7790307E+05   6.8128995E+05   0.0000000E+00   0.0000000E+00   0.0000000E+00   0.0000000E+00   0.0000000E+00
   1.1749519E-01   6.6165989E+05   6.6165989E+05   1.2299421E+01   1.4471998E-01   1.0342319E+03   6.5836983E+05   6.6165989E+05   0.0000000E+00   0.0000000E+00   0.0000000E+00   0.0000000E+00   0.0000000E+00
   1.2146282E-01   6.4234911E+05   6.4234911E+05   1.0558826E+01   1.3130126E-01   9.9108520E+02   6.3915437E+05   6.4234911E+05   0.0000000E+00   0.0000000E+00   0.0000000E+00   0.0000000E+00   0.0000000E+00
   1.2555429E-01   6.2198464E+05   6.2198464E+05   1.0135310E+01   1.1890222E-01   9.4986020E+02   6.1889054E+05   6.2198464E+05   0.0000000E+00   0.0000000E+00   0.0000000E+00   0.0000000E+00   0.0000000E+00
   1.2977527E-01   5.9954383E+05   5.9954383E+05   8.6913091E+00   1.0727179E-01   9.0750633E+02   5.9656078E+05   5.9954383E+05   0.0000000E+00   0.0000000E+00   0.0000000E+00   0.0000000E+00   0.0000000E+00
   1.3413146E-01   5.7456096E+05   5.7456096E+05   7.7767689E+00   9.6307049E-02   8.5721286E+02   5.7170170E+05   5.7456096E+05   0.0000000E+00   0.0000000E+00   0.0000000E+00   0.0000000E+00   0.0000000E+00
   1.3862862E-01   5.4724986E+05   5.4724986E+05   7.0805223E+00   8.5995969E-02   8.0778561E+02   5.4452604E+05   5.4724986E+05   0.0000000E+00   0.0000000E+00   0.0000000E+00   0.0000000E+00   0.0000000E+00
   1.4327250E-01   5.1849726E+05   5.1849726E+05   6.2781844E+00   7.6428810E-02   7.5825267E+02   5.1591613E+05   5.1849726E+05   0.0000000E+00   0.0000000E+00   0.0000000E+00   0.0000000E+00   0.0000000E+00
   1.4806891E-01   4.8970226E+05   4.8970226E+05   5.4308654E+00   6.7724356E-02   7.1072097E+02   4.8726411E+05   4.8970226E+05   0.0000000E+00   0.0000000E+00   0.0000000E+00   0.0000000E+00   0.0000000E+00
   1.5302373E-01   4.6247184E+05   4.6247184E+05   4.8846795E+00   5.9991593E-02   6.6816567E+02   4.6016894E+05   4.6247184E+05   0.0000000E+00   0.0000000E+00   0.0000000E+00   0.0000000E+00   0.0000000E+00
   1.5814285E-01   4.3822572E+05   4.3822572E+05   4.4243765E+00   5.3288173E-02   6.2543180E+02   4.3604326E+05   4.3822572E+05   0.0000000E+00   0.0000000E+00   0.0000000E+00   0.0000000E+00   0.0000000E+00
   1.6343228E-01   4.1780530E+05   4.1780530E+05   3.9145065E+00   4.7574192E-02   5.9394924E+02   4.1572427E+05   4.1780530E+05   0.0000000E+00   0.0000000E+00   0.0000000E+00   0.0000000E+00   0.0000000E+00
   1.6889805E-01   4.0120388E+05   4.0120388E+05   3.4232236E+00   4.2740192E-02   5.6534555E+02   3.9920529E+05   4.0120388E+05   0.0000000E+00   0.0000000E+00   0.0000000E+00   0.0000000E+00   0.0000000E+00
   1.7454634E-01   3.8752476E+05   3.8752476E+05   3.1109517E+00   3.8595841E-02   5.4165391E+02   3.8559411E+05   3.8752476E+05   0.0000000E+00   0.0000000E+00   0.0000000E+00   0.0000000E+00   0.0000000E+00
   1.8038339E-01   3.7522029E+05   3.7522029E+05   2.8162514E+00   3.4935755E-02   5.2130350E+02   3.7335074E+05   3.7522029E+05   0.0000000E+00   0.0000000E+00   0.0000000E+00   0.0000000E+00   0.0000000E+00
   1.8641561E-01   3.6257410E+05   3.6257410E+05   2.5645704E+00   3.1573391E-02   5.0161515E+02   3.6076738E+05   3.6257410E+05   0.0000000E+00   0.0000000E+00   0.0000000E+00   0.0000000E+00   0.0000000E+00
   1.9264954E-01   3.4828699E+05   3.4828699E+05   2.3876550E+00   2.8392095E-02   4.7843714E+02   3.4655129E+05   3.4828699E+05   0.0000000E+00   0.0000000E+00   0.0000000E+00   0.0000000E+00   0.0000000E+00
   1.9909195E-01   3.3195403E+05   3.3195403E+05   2.0568689E+00   2.5356870E-02   4.5404484E+02   3.3029959E+05   3.3195403E+05   0.0000000E+00   0.0000000E+00   0.0000000E+00   0.0000000E+00   0.0000000E+00
   2.0574981E-01   3.1422224E+05   3.1422224E+05   1.8256992E+00   2.2507780E-02   4.2690439E+02   3.1265604E+05   3.1422224E+05   0.0000000E+00   0.0000000E+00   0.0000000E+00   0.0000000E+00   0.0000000E+00
   2.1263038E-01   2.9651819E+05   2.9651819E+05   1.6145961E+00   1.9919537E-02   4.0085757E+02   2.9504012E+05   2.9651819E+05   0.0000000E+00   0.0000000E+00   0.0000000E+00   0.0000000E+00   0.0000000E+00
   2.1974128E-01   2.8041585E+05   2.8041585E+05   1.4242457E+00   1.7657403E-02   3.7768027E+02   2.7901794E+05   2.8041585E+05   0.0000000E+00   0.0000000E+00   0.0000000E+00   0.0000000E+00   0.0000000E+00
   2.2709049E-01   2.6690462E+05   2.6690462E+05   1.3048666E+00   1.5738046E-02   3.5800938E+02   2.6557397E+05   2.6690462E+05   0.0000000E+00   0.0000000E+00   0.0000000E+00   0.0000000E+00   0.0000000E+00
   2.3468649E-01   2.5591478E+05   2.5591478E+05   1.1421527E+00   1.4116891E-02   3.4153229E+02   2.5463884E+05   2.5591478E+05   0.0000000E+00   0.0000000E+00   0.0000000E+00   0.0000000E+00   0.0000000E+00
   2.4253831E-01   2.4637624E+05   2.4637624E+05   1.0442062E+00   1.2710062E-02   3.2736457E+02   2.4514778E+05   2.4637624E+05   0.0000000E+00   0.0000000E+00   0.0000000E+00   0.0000000E+00   0.0000000E+00
   2.5065564E-01   2.3682469E+05   2.3682469E+05   9.3603205E-01   1.1429384E-02   3.1362558E+02   2.3564380E+05   2.3682469E+05   0.0000000E+00   0.0000000E+00   0.0000000E+00   0.0000000E+00   0.0000000E+00
   2.5904894E-01   2.2624297E+05   2.2624297E+05   8.3398240E-01   1.0223377E-02   2.9883466E+02   2.2511477E+05   2.2624297E+05   0.0000000E+00   0.0000000E+00   0.0000000E+00   0.0000000E+00   0.0000000E+00
   2.6772956E-01   2.1463466E+05   2.1463466E+05   7.5241491E-01   9.0879346E-03   2.8236186E+02   2.1356429E+05   2.1463466E+05   0.0000000E+00   0.0000000E+00   0.0000000E+00   0.0000000E+00   0.0000000E+00
   2.7670992E-01   2.0294154E+05   2.0294154E+05   6.6468573E-01   8.0526695E-03   2.6635273E+02   2.0192944E+05   2.0294154E+05   0.0000000E+00   0.0000000E+00   0.0000000E+00   0.0000000E+00   0.0000000E+00
   2.8600366E-01   1.9232857E+05   1.9232857E+05   5.9064593E-01   7.1476691E-03   2.5163443E+02   1.9136936E+05   1.9232857E+05   0.0000000E+00   0.0000000E+00   0.0000000E+00   0.0000000E+00   0.0000000E+00
   2.9562587E-01   1.8332706E+05   1.8332706E+05   5.2226336E-01   6.3752217E-03   2.3908099E+02   1.8241270E+05   1.8332706E+05   0.0000000E+00   0.0000000E+00   0.0000000E+00   0.0000000E+00   0.0000000E+00
   3.0559328E-01   1.7548362E+05   1.7548362E+05   4.7113517E-01   5.7066344E-03   2.2835428E+02   1.7460835E+05   1.7548362E+05   0.0000000E+00   0.0000000E+00   0.0000000E+00   0.0000000E+00   0.0000000E+00
   3.1592464E-01   1.6780763E+05   1.6780763E+05   4.2082377E-01   5.1038292E-03   2.1784458E+02   1.6697061E+05   1.6780763E+05   0.0000000E+00   0.0000000E+00   0.0000000E+00   0.0000000E+00   0.0000000E+00
   3.2664097E-01   1.5964703E+05   1.5964703E+05   3.7448836E-01   4.5430256E-03   2.0669823E+02   1.5885069E+05   1.5964703E+05   0.0000000E+00   0.0000000E+00   0.0000000E+00   0.0000000E+00   0.0000000E+00
   3.3776603E-01   1.5120890E+05   1.5120890E+05   3.3068107E-01   4.0266000E-03   1.9541451E+02   1.5045462E+05   1.5120890E+05   0.0000000E+00   0.0000000E+00   0.0000000E+00   0.0000000E+00   0.0000000E+00
   3.4932682E-01   1.4323376E+05   1.4323376E+05   2.9316601E-01   3.5673970E-03   1.8471882E+02   1.4251924E+05   1.4323376E+05   0.0000000E+00   0.0000000E+00   0.0000000E+00   0.0000000E+00   0.0000000E+00
   3.6135416E-01   1.3616479E+05   1.3616479E+05   2.5990017E-01   3.1687917E-03   1.7516773E+02   1.3548551E+05   1.3616479E+05   0.0000000E+00   0.0000000E+00   0.0000000E+00   0.0000000E+00   0.0000000E+00
   3.7388354E-01   1.2970882E+05   1.2970882E+05   2.3196631E-01   2.8186263E-03   1.6660627E+02   1.2906174E+05   1.2970882E+05   0.0000000E+00   0.0000000E+00   0.0000000E+00   0.0000000E+00   0.0000000E+00
   3.8695599E-01   1.2327057E+05   1.2327057E+05   2.0468486E-01   2.5005733E-03   1.5809709E+02   1.2265559E+05   1.2327057E+05   0.0000000E+00   0.0000000E+00   0.0000000E+00   0.0000000E+00   0.0000000E+00
   4.0061938E-01   1.1669837E+05   1.1669837E+05   1.8102239E-01   2.2091911E-03   1.4937107E+02   1.1611616E+05   1.1669837E+05   0.0000000E+00   0.0000000E+00   0.0000000E+00   0.0000000E+00   0.0000000E+00
   4.1492998E-01   1.1037149E+05   1.1037149E+05   1.5958438E-01   1.9481507E-03   1.4108504E+02   1.0982084E+05   1.1037149E+05   0.0000000E+00   0.0000000E+00   0.0000000E+00   0.0000000E+00   0.0000000E+00
   4.2995447E-01   1.0455536E+05   1.0455536E+05   1.4089656E-01   1.7187752E-03   1.3344791E+02   1.0403371E+05   1.0455536E+05   0.0000000E+00   0.0000000E+00   0.0000000E+00   0.0000000E+00   0.0000000E+00
   4.4577267E-01   9.9020745E+04   9.9020745E+04   1.2401652E-01   1.5140439E-03   1.2619205E+02   9.8526697E+04   9.9020745E+04   0.0000000E+00   0.0000000E+00   0.0000000E+00   0.0000000E+00   0.0000000E+00
   4.6248115E-01   9.3493200E+04   9.3493200E+04   1.0903429E-01   1.3283016E-03   1.1901038E+02   9.3026722E+04   9.3493200E+04   0.0000000E+00   0.0000000E+00   0.0000000E+00   0.0000000E+00   0.0000000E+00
   4.8019806E-01   8.8092603E+04   8.8092603E+04   9.5175600E-02   1.1610749E-03   1.1197026E+02   8.7653062E+04   8.8092603E+04   0.0000000E+00   0.0000000E+00   0.0000000E+00   0.0000000E+00   0.0000000E+00
   4.9906995E-01   8.2979913E+04   8.2979913E+04   8.2982619E-02   1.0125329E-03   1.0534214E+02   8.2565875E+04   8.2979913E+04   0.0000000E+00   0.0000000E+00   0.0000000E+00   0.0000000E+00   0.0000000E+00
   5.1928120E-01   7.8007214E+04   7.8007214E+04   7.2100286E-02   8.7909528E-04   9.8929060E+01   7.7617980E+04   7.8007214E+04   0.0000000E+00   0.0000000E+00   0.0000000E+00   0.0000000E+00   0.0000000E+00
   5.4106756E-01   7.3087665E+04   7.3087665E+04   6.2228689E-02   7.5876258E-04   9.2582065E+01   7.2722973E+04   7.3087665E+04   0.0000000E+00   0.0000000E+00   0.0000000E+00   0.0000000E+00   0.0000000E+00
   5.6473599E-01   6.8317135E+04   6.8317135E+04   5.3365159E-02   6.5103273E-04   8.6458238E+01   6.7976241E+04   6.8317135E+04   0.0000000E+00   0.0000000E+00   0.0000000E+00   0.0000000E+00   0.0000000E+00
   5.9069410E-01   6.3628825E+04   6.3628825E+04   4.5446243E-02   5.5426249E-04   8.0421949E+01   6.3311320E+04   6.3628825E+04   0.0000000E+00   0.0000000E+00   0.0000000E+00   0.0000000E+00   0.0000000E+00
   6.1949480E-01   5.8977981E+04   5.8977981E+04   3.8295100E-02   4.6707909E-04   7.4484324E+01   5.8683680E+04   5.8977981E+04   0.0000000E+00   0.0000000E+00   0.0000000E+00   0.0000000E+00   0.0000000E+00
   6.5190505E-01   5.4370698E+04   5.4370698E+04   3.1878193E-02   3.8884674E-04   6.8598056E+01   5.4099383E+04   5.4370698E+04   0.0000000E+00   0.0000000E+00   0.0000000E+00   0.0000000E+00   0.0000000E+00
   6.8901137E-01   4.9748612E+04   4.9748612E+04   2.6109492E-02   3.1852170E-04   6.2705256E+01   4.9500358E+04   4.9748612E+04   0.0000000E+00   0.0000000E+00   0.0000000E+00   0.0000000E+00   0.0000000E+00
   7.3237744E-01   4.5091509E+04   4.5091509E+04   2.0947000E-02   2.5552667E-04   5.6783433E+01   4.4866492E+04   4.5091509E+04   0.0000000E+00   0.0000000E+00   0.0000000E+00   0.0000000E+00   0.0000000E+00
   7.8425413E-01   4.0364830E+04   4.0364830E+04   1.6352133E-02   1.9949076E-04   5.0780988E+01   4.0163398E+04   4.0364830E+04   0.0000000E+00   0.0000000E+00   0.0000000E+00   0.0000000E+00   0.0000000E+00
   8.4776250E-01   3.5562843E+04   3.5562843E+04   1.2328883E-02   1.5041736E-04   4.4697191E+01   3.5385372E+04   3.5562843E+04   0.0000000E+00   0.0000000E+00   0.0000000E+00   0.0000000E+00   0.0000000E+00
   9.2672825E-01   3.0741853E+04   3.0741853E+04   8.9185692E-03   1.0881423E-04   3.8603770E+01   3.0588438E+04   3.0741853E+04   0.0000000E+00   0.0000000E+00   0.0000000E+00   0.0000000E+00   0.0000000E+00
   1.0245630E+00   2.6062304E+04   2.6062304E+04   6.1858523E-03   7.5476266E-05   3.2701874E+01   2.5932240E+04   2.6062304E+04   0.0000000E+00   0.0000000E+00   0.0000000E+00   0.0000000E+00   0.0000000E+00
   1.1424657E+00   2.1760847E+04   2.1760847E+04   4.1538228E-03   5.0685122E-05   2.7284702E+01   2.1652249E+04   2.1760847E+04   0.0000000E+00   0.0000000E+00   0.0000000E+00   0.0000000E+00   0.0000000E+00
   1.2795105E+00   1.8017141E+04   1.8017141E+04   2.7414728E-03   3.3459780E-05   2.2574629E+01   1.7927225E+04   1.8017141E+04   0.0000000E+00   0.0000000E+00   0.0000000E+00   0.0000000E+00   0.0000000E+00
   1.4350820E+00   1.4863631E+04   1.4863631E+04   1.7984398E-03   2.1943563E-05   1.8616187E+01   1.4789452E+04   1.4863631E+04   0.0000000E+00   0.0000000E+00   0.0000000E+00   0.0000000E+00   0.0000000E+00
   1.6100968E+00   1.2241492E+04   1.2241492E+04   1.1765232E-03   1.4358798E-05   1.5323576E+01   1.2180399E+04   1.2241492E+04   0.0000000E+00   0.0000000E+00   0.0000000E+00   0.0000000E+00   0.0000000E+00
   1.8065477E+00   1.0070205E+04   1.0070205E+04   7.6876624E-04   9.3832296E-06   1.2602806E+01   1.0019948E+04   1.0070205E+04   0.0000000E+00   0.0000000E+00   0.0000000E+00   0.0000000E+00   0.0000000E+00
   2.0269790E+00   8.2754538E+03   8.2754538E+03   5.0181144E-04   6.1256564E-06   1.0353864E+01   8.2341534E+03   8.2754538E+03   0.0000000E+00   0.0000000E+00   0.0000000E+00   0.0000000E+00   0.0000000E+00
   2.2743078E+00   6.7939202E+03   6.7939202E+03   3.2723851E-04   3.9952486E-06   8.4988523E+00   6.7600137E+03   6.7939202E+03   0.0000000E+00   0.0000000E+00   0.0000000E+00   0.0000000E+00   0.0000000E+00
   2.5518153E+00   5.5724354E+03   5.5724354E+03   2.1319622E-04   2.6033562E-06   6.9698325E+00   5.5446249E+03   5.5724354E+03   0.0000000E+00   0.0000000E+00   0.0000000E+00   0.0000000E+00   0.0000000E+00
   2.8631839E+00   4.5665148E+03   4.5665148E+03   1.3879021E-04   1.6950048E-06   5.7105311E+00   4.5437246E+03   4.5665148E+03   0.0000000E+00   0.0000000E+00   0.0000000E+00   0.0000000E+00   0.0000000E+00
   3.2125452E+00   3.7390179E+03   3.7390179E+03   9.0216613E-05   1.1026907E-06   4.6752070E+00   3.7203574E+03   3.7390179E+03   0.0000000E+00   0.0000000E+00   0.0000000E+00   0.0000000E+00   0.0000000E+00
   3.6045350E+00   3.0590037E+03   3.0590037E+03   5.8657379E-05   7.1683108E-07   3.8247572E+00   3.0437370E+03   3.0590037E+03   0.0000000E+00   0.0000000E+00   0.0000000E+00   0.0000000E+00   0.0000000E+00
   4.0443548E+00   2.5007372E+03   2.5007372E+03   3.8102120E-05   4.6567562E-07   3.1266328E+00   2.4882567E+03   2.5007372E+03   0.0000000E+00   0.0000000E+00   0.0000000E+00   0.0000000E+00   0.0000000E+00
   4.5378407E+00   2.0428506E+03   2.0428506E+03   2.4717808E-05   3.0232950E-07   2.5538321E+00   2.0326552E+03   2.0428506E+03   0.0000000E+00   0.0000000E+00   0.0000000E+00   0.0000000E+00   0.0000000E+00
   5.0915410E+00   1.6676295E+03   1.6676295E+03   1.6027356E-05   1.9616750E-07   2.0846720E+00   1.6593068E+03   1.6676295E+03   0.0000000E+00   0.0000000E+00   0.0000000E+00   0.0000000E+00   0.0000000E+00
   5.7128029E+00   1.3604110E+03   1.3604110E+03   1.0385951E-05   1.2721905E-07   1.7006331E+00   1.3536215E+03   1.3604110E+03   0.0000000E+00   0.0000000E+00   0.0000000E+00   0.0000000E+00   0.0000000E+00
   6.4098703E+00   1.1090743E+03   1.1090743E+03   6.7234650E-06   8.2470101E-08   1.3863190E+00   1.1035392E+03   1.1090743E+03   0.0000000E+00   0.0000000E+00   0.0000000E+00   0.0000000E+00   0.0000000E+00
   7.1919928E+00   9.0361350E+02   9.0361350E+02   4.3526644E-06   5.3441573E-08   1.1295067E+00   8.9910377E+02   9.0361350E+02   0.0000000E+00   0.0000000E+00   0.0000000E+00   0.0000000E+00   0.0000000E+00
   8.0695486E+00   7.3577869E+02   7.3577869E+02   2.8155848E-06   3.4622017E-08   9.1968346E-01   7.3210658E+02   7.3577869E+02   0.0000000E+00   0.0000000E+00   0.0000000E+00   0.0000000E+00   0.0000000E+00
