#  a  GeffG(a,k)  D1(a,k)  D1mnu(a,k) ( D1_transfer(a,k) D1mnu_transfer(a,k) )  D2(a,k)  D3a(a,k)  D3b(a,k)  (source terms)  (Output for k = 1 h/Mpc)
      0.0196078                1        0.395016     1.10403e-06        0.395016       0.0309457      -0.0648075      -0.0196011       0.0140008         0.99565         0.99565         0.99565         0.99565 
      0.0200689                1        0.404418     2.00736e-06        0.404417       0.0350372      -0.0678897      -0.0210158       0.0150112         0.99565         0.99565         0.99565         0.99565 
      0.0205408                1        0.413784     3.65434e-06        0.413784        0.039002      -0.0711166      -0.0225312       0.0160937         0.99565         0.99565         0.99565         0.99565 
      0.0210238                1        0.423279     5.46668e-06        0.423279       0.0428135       -0.074495      -0.0241549       0.0172534         0.99565         0.99565         0.99565         0.99565 
      0.0215181                1        0.433039     7.09313e-06        0.433039       0.0464601      -0.0780324      -0.0258951       0.0184961         0.99565         0.99565         0.99565         0.99565 
       0.022024                1        0.443105     8.37442e-06        0.443105       0.0501229      -0.0817367      -0.0277602        0.019828         0.99565         0.99565         0.99565         0.99565 
      0.0225419                1        0.453448     9.26738e-06        0.453448       0.0541219       -0.085616      -0.0297597       0.0212557         0.99565         0.99565         0.99565         0.99565 
      0.0230719                1        0.464036     9.77325e-06        0.464036       0.0587386      -0.0896788      -0.0319036       0.0227862         0.99565         0.99565         0.99565         0.99565 
      0.0236144                1        0.474852     9.89841e-06        0.474852       0.0641318      -0.0939341      -0.0342023       0.0244272         0.99565         0.99565         0.99565         0.99565 
      0.0241697                1        0.485909     9.64755e-06        0.485909       0.0701949      -0.0983913      -0.0366675       0.0261866         0.99565         0.99565         0.99565         0.99565 
       0.024738                1        0.497222      9.0481e-06        0.497222       0.0767872        -0.10306      -0.0393114       0.0280733         0.99565         0.99565         0.99565         0.99565 
      0.0253197                1        0.508803     8.20121e-06        0.508803       0.0837919       -0.107951      -0.0421471       0.0300966         0.99565         0.99565         0.99565         0.99565 
       0.025915                1         0.52066     7.34604e-06         0.52066       0.0912093       -0.113074      -0.0451888       0.0322664         0.99565         0.99565         0.99565         0.99565 
      0.0265244                1        0.532799     6.90295e-06        0.532799       0.0991065       -0.118441      -0.0484514       0.0345935         0.99565         0.99565         0.99565         0.99565 
       0.027148                1        0.545223     7.43244e-06        0.545223        0.107541       -0.124064      -0.0519513       0.0370895         0.99565         0.99565         0.99565         0.99565 
      0.0277864                1        0.557935     9.43604e-06        0.557935        0.116687       -0.129955      -0.0557058       0.0397665         0.99565         0.99565         0.99565         0.99565 
      0.0284397                1        0.570946     1.29808e-05        0.570946        0.126977       -0.136127      -0.0597336       0.0426378         0.99565         0.99565         0.99565         0.99565 
      0.0291084                1        0.584262     1.72915e-05        0.584262        0.138819       -0.142593      -0.0640545       0.0457176         0.99565         0.99565         0.99565         0.99565 
      0.0297929                1        0.597889     2.06819e-05        0.597889        0.152486       -0.149368        -0.06869       0.0490212         0.99565         0.99565         0.99565         0.99565 
      0.0304934                1        0.611836     2.12707e-05        0.611836         0.16758       -0.156467       -0.073663       0.0525647         0.99565         0.99565         0.99565         0.99565 
      0.0312104                1        0.626112     1.84968e-05        0.626112        0.183419       -0.163904      -0.0789982       0.0563656         0.99565         0.99565         0.99565         0.99565 
      0.0319442                1        0.640723     1.44392e-05        0.640723        0.199412       -0.171696      -0.0847218       0.0604426         0.99565         0.99565         0.99565         0.99565 
      0.0326954                1        0.655676     1.31461e-05        0.655676        0.215703       -0.179861      -0.0908622       0.0648159         0.99565         0.99565         0.99565         0.99565 
      0.0334641                1        0.670981     1.71753e-05        0.670981        0.233541       -0.188416      -0.0974497       0.0695069         0.99565         0.99565         0.99565         0.99565 
       0.034251                1        0.686646     2.39149e-05        0.686646        0.254115       -0.197379       -0.104517       0.0745388         0.99565         0.99565         0.99565         0.99565 
      0.0350563                1        0.702676     2.68232e-05        0.702676        0.278219       -0.206771       -0.112098       0.0799361         0.99565         0.99565         0.99565         0.99565 
      0.0358806                1        0.719082     2.29353e-05        0.719082        0.305076       -0.216612       -0.120231       0.0857255         0.99565         0.99565         0.99565         0.99565 
      0.0367243                1        0.735875     1.84024e-05        0.735875        0.333425       -0.226923       -0.128956       0.0919355         0.99565         0.99565         0.99565         0.99565 
      0.0375878                1        0.753062     2.16275e-05        0.753062        0.362178       -0.237726       -0.138316       0.0985964         0.99565         0.99565         0.99565         0.99565 
      0.0384716                1         0.77065     2.98764e-05         0.77065        0.391507       -0.249046       -0.148356        0.105741         0.99565         0.99565         0.99565         0.99565 
      0.0393762                1        0.788653     3.13164e-05        0.788653        0.423035       -0.260907       -0.159127        0.113404         0.99565         0.99565         0.99565         0.99565 
      0.0403021                1        0.807079     2.50993e-05        0.807079        0.458264       -0.273335        -0.17068        0.121624         0.99565         0.99565         0.99565         0.99565 
      0.0412497                1        0.825934     2.53398e-05        0.825934        0.498265       -0.286356       -0.183073         0.13044         0.99565         0.99565         0.99565         0.99565 
      0.0422196                1        0.845231      3.4647e-05        0.845231        0.542924            -0.3       -0.196366        0.139895         0.99565         0.99565         0.99565         0.99565 
      0.0432123                1        0.864984     3.64607e-05        0.864984        0.591807       -0.314295       -0.210625        0.150037         0.99565         0.99565         0.99565         0.99565 
      0.0442284                1        0.885198     2.97567e-05        0.885198        0.644528       -0.329273       -0.225919        0.160915         0.99565         0.99565         0.99565         0.99565 
      0.0452684                1        0.905885      3.3676e-05        0.905885        0.701203       -0.344967       -0.242323        0.172581         0.99565         0.99565         0.99565         0.99565 
      0.0463328                1         0.92706      4.2863e-05         0.92706        0.762393        -0.36141       -0.259918        0.185093         0.99565         0.99565         0.99565         0.99565 
      0.0474222                1        0.948732     3.84139e-05        0.948732        0.828582       -0.378638       -0.278789        0.198512         0.99565         0.99565         0.99565         0.99565 
      0.0485372                1        0.970908     3.65754e-05        0.970908        0.900165       -0.396689       -0.299029        0.212904         0.99565         0.99565         0.99565         0.99565 
      0.0496785                1        0.993606     4.74246e-05        0.993606        0.977485       -0.415601       -0.320737        0.228339         0.99565         0.99565         0.99565         0.99565 
      0.0508466                1         1.01684     4.60575e-05         1.01684         1.06081       -0.435417       -0.344018        0.244892         0.99565         0.99565         0.99565         0.99565 
      0.0520422                1         1.04061     4.24264e-05         1.04061         1.15036       -0.456178       -0.368987        0.262644         0.99565         0.99565         0.99565         0.99565 
      0.0532659                1         1.06494     5.36294e-05         1.06494         1.24697        -0.47793       -0.395764        0.281682         0.99565         0.99565         0.99565         0.99565 
      0.0545183                1         1.08985     5.22759e-05         1.08985          1.3518       -0.500719       -0.424482        0.302098         0.99565         0.99565         0.99565         0.99565 
      0.0558002                1         1.11534     5.02087e-05         1.11534         1.46587       -0.524596       -0.455278        0.323993         0.99565         0.99565         0.99565         0.99565 
      0.0571123                1         1.14142     6.17573e-05         1.14142         1.59007       -0.549612       -0.488304        0.347472         0.99565         0.99565         0.99565         0.99565 
      0.0584552                1         1.16811      5.7568e-05         1.16811         1.72548        -0.57582       -0.523721         0.37265         0.99565         0.99565         0.99565         0.99565 
      0.0598296                1         1.19544     6.09674e-05         1.19544         1.87298       -0.603279         -0.5617         0.39965         0.99565         0.99565         0.99565         0.99565 
      0.0612364                1          1.2234     6.96602e-05          1.2234         2.03331       -0.632046       -0.602427        0.428603         0.99565         0.99565         0.99565         0.99565 
      0.0626763                1         1.25201     6.41022e-05         1.25201         2.20725       -0.662185       -0.646099        0.459651         0.99565         0.99565         0.99565         0.99565 
        0.06415                1          1.2813     7.48292e-05          1.2813         2.39558        -0.69376       -0.692929        0.492943         0.99565         0.99565         0.99565         0.99565 
      0.0656584                1         1.31128     7.48796e-05         1.31128         2.59889        -0.72684       -0.743144        0.528643         0.99565         0.99565         0.99565         0.99565 
      0.0672022                1         1.34195     7.69031e-05         1.34195         2.81801       -0.761496       -0.796989        0.566923         0.99565         0.99565         0.99565         0.99565 
      0.0687824                1         1.37335     8.61531e-05         1.37335         3.05451       -0.797803       -0.854724         0.60797         0.99565         0.99565         0.99565         0.99565 
      0.0703997                1         1.40548     8.25264e-05         1.40548         3.30974       -0.835839        -0.91663        0.651983         0.99565         0.99565         0.99565         0.99565 
       0.072055                1         1.43836     9.42527e-05         1.43836         3.58486       -0.875687       -0.983007        0.699176         0.99565         0.99565         0.99565         0.99565 
      0.0737492                1         1.47201     9.23902e-05         1.47201         3.88151       -0.917431        -1.05418        0.749778         0.99565         0.99565         0.99565         0.99565 
      0.0754833                1         1.50645     0.000100786         1.50645         4.20136       -0.961163        -1.13049        0.804035         0.99565         0.99565         0.99565         0.99565 
      0.0772582                1          1.5417     0.000104121          1.5417         4.54571        -1.00698         -1.2123        0.862209         0.99565         0.99565         0.99565         0.99565 
      0.0790748                1         1.57777     0.000108186         1.57777         4.91668        -1.05497        -1.30002        0.924583         0.99565         0.99565         0.99565         0.99565 
      0.0809341                1         1.61468     0.000116068         1.61468         5.31772        -1.10524        -1.39407         0.99146         0.99565         0.99565         0.99565         0.99565 
      0.0828371                1         1.65246     0.000117506         1.65246         5.75179        -1.15791         -1.4949         1.06316         0.99565         0.99565         0.99565         0.99565 
      0.0847849                1         1.69112     0.000127995         1.69112         6.22131        -1.21308          -1.603         1.14004         0.99565         0.99565         0.99565         0.99565 
      0.0867784                1         1.73069      0.00012872         1.73069         6.72836        -1.27088         -1.7189         1.22246         0.99565         0.99565         0.99565         0.99565 
      0.0888189                1         1.77118     0.000140348         1.77118         7.27455        -1.33142        -1.84315         1.31083         0.99565         0.99565         0.99565         0.99565 
      0.0909073                1         1.81262     0.000141501         1.81262         7.86114        -1.39484        -1.97635         1.40557         0.99565         0.99565         0.99565         0.99565 
      0.0930448                1         1.85503     0.000153641         1.85503         8.49195        -1.46128        -2.11916         1.50714         0.99565         0.99565         0.99565         0.99565 
      0.0952326                1         1.89842      0.00015562         1.89842         9.17376        -1.53086        -2.27224         1.61603         0.99565         0.99565         0.99565         0.99565 
      0.0974718                1         1.94284     0.000168239         1.94284         9.91238        -1.60376        -2.43636         1.73277         0.99565         0.99565         0.99565         0.99565 
      0.0997637                1         1.98828     0.000171031         1.98828         10.7123        -1.68011        -2.61228         1.85791         0.99565         0.99565         0.99565         0.99565 
       0.102109                1         2.03479     0.000184352         2.03479         11.5763        -1.76009        -2.80087         1.99208         0.99565         0.99565         0.99565         0.99565 
        0.10451                1         2.08239     0.000187863         2.08239         12.5062        -1.84386        -3.00304          2.1359        0.995651         0.99565         0.99565         0.99565 
       0.106968                1          2.1311     0.000202039          2.1311         13.5031        -1.93161        -3.21974         2.29008        0.995651         0.99565         0.99565         0.99565 
       0.109483                1         2.18093     0.000206435         2.18093         14.5727        -2.02352        -3.45203         2.45536        0.995651         0.99565         0.99565         0.99565 
       0.112057                1         2.23194     0.000221169         2.23194          15.724        -2.11978        -3.70102         2.63252        0.995651         0.99565         0.99565         0.99565 
       0.114692                1         2.28413     0.000227288         2.28413         16.9646        -2.22061        -3.96791         2.82244        0.995651         0.99565         0.99565         0.99565 
       0.117389                1         2.33753     0.000241463         2.33753         18.3013        -2.32621        -4.25398         3.02601        0.995651         0.99565         0.99565         0.99565 
       0.120149                1         2.39218     0.000251021         2.39218         19.7425        -2.43681         -4.5606         3.24421        0.995651         0.99565         0.99565         0.99565 
       0.122974                1          2.4481     0.000262845          2.4481         21.2951        -2.55265        -4.88923          3.4781        0.995651         0.99565         0.99565         0.99565 
       0.125866                1         2.50532     0.000277707         2.50532          22.965        -2.67397        -5.24146         3.72879        0.995651         0.99565         0.99565         0.99565 
       0.128825                1         2.56386     0.000286219         2.56386         24.7607        -2.80103        -5.61896         3.99748        0.995651         0.99565         0.99565         0.99565 
       0.131854                1         2.62377     0.000306135         2.62377         26.6922        -2.93409        -6.02353         4.28546        0.995651         0.99565         0.99565         0.99565 
       0.134955                1         2.68507     0.000313845         2.68507         28.7675        -3.07344        -6.45712          4.5941        0.995651         0.99565         0.99565         0.99565 
       0.138128                1         2.74779     0.000334309         2.74779         30.9954        -3.21937        -6.92177         4.92488        0.995651         0.99565         0.99565         0.99565 
       0.141376                1         2.81196     0.000347562         2.81196         33.3896        -3.37218        -7.41972         5.27938        0.995651         0.99565         0.99565         0.99565 
         0.1447                1         2.87762     0.000362512         2.87762         35.9624        -3.53221        -7.95331         5.65927        0.995652         0.99565         0.99565         0.99565 
       0.148102                1         2.94479     0.000385179         2.94479         38.7238        -3.69977        -8.52509         6.06638        0.995652         0.99565         0.99565         0.99565 
       0.151585                1         3.01351     0.000395838         3.01351         41.6885        -3.87523        -9.13776         6.50262        0.995652         0.99565         0.99565         0.99565 
       0.155149                1         3.08382      0.00042118         3.08382         44.8723        -4.05895        -9.79423         6.97007        0.995652         0.99565         0.99565         0.99565 
       0.158797                1         3.15576     0.000438744         3.15576         48.2876         -4.2513        -10.4976         7.47094        0.995652         0.99565         0.99565         0.99565 
       0.162531                1         3.22934     0.000456239         3.22934         51.9487         -4.4527        -11.2512          8.0076        0.995652         0.99565         0.99565         0.99565 
       0.166352                1         3.30462     0.000485353         3.30462         55.8767        -4.66355        -12.0585         8.58256        0.995652         0.99565         0.99565         0.99565 
       0.170264                1         3.38163     0.000500817         3.38163         60.0891        -4.88429        -12.9234         9.19855        0.995652         0.99565         0.99565         0.99565 
       0.174267                1         3.46039     0.000527329         3.46039         64.6009        -5.11537        -13.8498         9.85844        0.995653         0.99565         0.99565         0.99565 
       0.178365                1         3.54096     0.000556305         3.54096         69.4347        -5.35727        -14.8422         10.5653        0.995653         0.99565         0.99565         0.99565 
       0.182559                1         3.62338     0.000574391         3.62338         74.6133        -5.61047        -15.9052         11.3225        0.995653         0.99565         0.99565         0.99565 
       0.186851                1         3.70766     0.000607971         3.70766         80.1543        -5.87551        -17.0436         12.1335        0.995653         0.99565         0.99565         0.99565 
       0.191245                1         3.79386     0.000637333         3.79386         86.0791         -6.1529        -18.2629         13.0021        0.995653         0.99565         0.99565         0.99565 
       0.195742                1         3.88202     0.000660159         3.88202         92.4166         -6.4432        -19.5685         13.9323        0.995653         0.99565         0.99565         0.99565 
       0.200344                1         3.97219     0.000699104         3.97219         99.1902        -6.74701        -20.9666         14.9284        0.995654         0.99565         0.99565         0.99565 
       0.205055                1         4.06437     0.000731142         4.06437          106.42        -7.06492        -22.4635          15.995        0.995654         0.99565         0.99565         0.99565 
       0.209876                1         4.15864     0.000758835         4.15864         114.138        -7.39756        -24.0661         17.1369        0.995654         0.99565         0.99565         0.99565 
       0.214811                1         4.25503     0.000802557         4.25503         122.375        -7.74559        -25.7817         18.3594        0.995654         0.99565         0.99565         0.99565 
       0.219862                1         4.35357     0.000839848         4.35357         131.154        -8.10969         -27.618          19.668        0.995654         0.99565         0.99565         0.99565 
       0.225032                1          4.4543     0.000872024          4.4543         140.504        -8.49056        -29.5834         21.0686        0.995655         0.99565         0.99565         0.99565 
       0.230323                1         4.55728     0.000920182         4.55728         150.461        -8.88894        -31.6866         22.5676        0.995655         0.99565         0.99565         0.99565 
       0.235739                1         4.66254      0.00096533         4.66254         161.055        -9.30558        -33.9371         24.1715        0.995655         0.99565         0.99565         0.99565 
       0.241282                1          4.7701      0.00100237          4.7701         172.311        -9.74129        -36.3448         25.8876        0.995655         0.99565         0.99565         0.99565 
       0.246955                1         4.88003      0.00105389         4.88003         184.264        -10.1969        -38.9204         27.7234        0.995656         0.99565         0.99565         0.99565 
       0.252762                1         4.99238      0.00110902         4.99238         196.946        -10.6732        -41.6751          29.687        0.995656         0.99565         0.99565         0.99565 
       0.258705                1         5.10715      0.00115335         5.10715          210.38         -11.171        -44.6209         31.7869        0.995656         0.99565         0.99565         0.99565 
       0.264788                1          5.2244      0.00120659          5.2244         224.594        -11.6914        -47.7705         34.0322        0.995656         0.99565         0.99565         0.99565 
       0.271014                1         5.34417      0.00127157         5.34417         239.622        -12.2352        -51.1375         36.4325        0.995657         0.99565         0.99565         0.99565 
       0.277386                1          5.4665      0.00132811         5.46651         255.488        -12.8034         -54.736         38.9981        0.995657         0.99565         0.99565         0.99565 
       0.283909                1         5.59142      0.00138349         5.59142         272.211         -13.397        -58.5811         41.7396        0.995657         0.99565         0.99565         0.99565 
       0.290584                1         5.71896      0.00145414         5.71896         289.813        -14.0169         -62.689         44.6685        0.995658         0.99565         0.99565         0.99565 
       0.297417                1         5.84917      0.00152695         5.84917         308.311        -14.6643        -67.0765         47.7969        0.995658         0.99565         0.99565         0.99565 
        0.30441                1         5.98207      0.00159107         5.98207         327.712        -15.3402        -71.7613         51.1374        0.995658         0.99565         0.99565         0.99565 
       0.311568                1         6.11769      0.00166256         6.11769         348.018        -16.0457        -76.7623         54.7036        0.995659         0.99565         0.99565         0.99565 
       0.318894                1         6.25607      0.00174787         6.25607         369.228        -16.7819        -82.0993         58.5096        0.995659         0.99565         0.99565         0.99565 
       0.326392                1         6.39723      0.00183074         6.39723         391.332        -17.5499        -87.7931         62.5701        0.995659         0.99565         0.99565         0.99565 
       0.334067                1         6.54118      0.00190806         6.54118         414.309        -18.3509        -93.8656         66.9008         0.99566         0.99565         0.99565         0.99565 
       0.341922                1         6.68796       0.0019959         6.68796         438.118        -19.1862         -100.34         71.5182         0.99566         0.99565         0.99565         0.99565 
       0.349961                1         6.83759       0.0020962         6.83759         462.715        -20.0567        -107.239         76.4392         0.99566         0.99565         0.99565         0.99565 
        0.35819                1         6.99006      0.00219413         6.99006         488.051        -20.9639         -114.59         81.6819        0.995661         0.99565         0.99565         0.99565 
       0.366612                1          7.1454      0.00228803          7.1454         514.038        -21.9088        -122.417         87.2649        0.995661         0.99565         0.99565         0.99565 
       0.375232                1         7.30362      0.00239202         7.30362          540.57        -22.8927        -130.748         93.2077        0.995661         0.99565         0.99565         0.99565 
       0.384055                1         7.46471      0.00250931         7.46471         567.551        -23.9167        -139.611         99.5305        0.995662         0.99565         0.99565         0.99565 
       0.393086                1         7.62866      0.00262752         7.62866          594.85        -24.9822        -149.037         106.254        0.995662         0.99565         0.99565         0.99565 
       0.402328                1         7.79548      0.00274173         7.79548         622.271        -26.0902        -159.054           113.4        0.995662         0.99565         0.99565         0.99565 
       0.411788                1         7.96516      0.00286263         7.96516         649.634        -27.2419        -169.694         120.992        0.995662         0.99565         0.99565         0.99565 
       0.421471                1         8.13766      0.00299793         8.13766         676.763        -28.4385         -180.99         129.051        0.995663         0.99565         0.99565         0.99565 
       0.431381                1         8.31295      0.00314049         8.31295         703.379        -29.6811        -192.975         137.601        0.995663         0.99565         0.99565         0.99565 
       0.441524                1         8.49103        0.003281         8.49103         729.188        -30.9706        -205.681         146.667        0.995663         0.99565         0.99565         0.99565 
       0.451906                1         8.67183      0.00342268         8.67183         753.933        -32.3082        -219.143         156.273        0.995663         0.99565         0.99565         0.99565 
       0.462532                1          8.8553      0.00357571          8.8553         777.287        -33.6948        -233.396         166.444        0.995663         0.99565         0.99565         0.99565 
       0.473407                1         9.04141      0.00374236         9.04141         798.822        -35.1312        -248.475         177.204        0.995664         0.99565         0.99565         0.99565 
       0.484539                1         9.23008      0.00391478         9.23008         818.161        -36.6183        -264.415         188.578        0.995664         0.99565         0.99565         0.99565 
       0.495932                1         9.42123      0.00408687         9.42123         834.946        -38.1568         -281.25         200.593        0.995664         0.99565         0.99565         0.99565 
       0.507593                1         9.61479      0.00426234         9.61479          848.68        -39.7472        -299.016         213.272        0.995663         0.99565         0.99565         0.99565 
       0.519528                1         9.81068      0.00444931         9.81068         858.878        -41.3901        -317.746          226.64        0.995663         0.99565         0.99565         0.99565 
       0.531744                1         10.0088      0.00465026         10.0088         865.133        -43.0859        -337.475         240.721        0.995663         0.99565         0.99565         0.99565 
       0.544247                1          10.209       0.0048599          10.209         866.988        -44.8347        -358.234         255.538        0.995663         0.99565         0.99565         0.99565 
       0.557044                1         10.4112      0.00507232         10.4112         863.929        -46.6367        -380.055         271.113        0.995663         0.99565         0.99565         0.99565 
       0.570142                1         10.6152      0.00528774         10.6152         855.526        -48.4919        -402.966         287.468        0.995662         0.99565         0.99565         0.99565 
       0.583547                1          10.821      0.00551185          10.821         841.423           -50.4        -426.996         304.621        0.995662         0.99565         0.99565         0.99565 
       0.597269                1         11.0284      0.00574955         11.0284         821.283        -52.3606         -452.17         322.592        0.995661         0.99565         0.99565         0.99565 
       0.611312                1         11.2372      0.00600052         11.2372         794.835        -54.3732        -478.509         341.396        0.995661         0.99565         0.99565         0.99565 
       0.625686                1         11.4473      0.00626032         11.4473         761.888         -56.437        -506.034         361.047         0.99566         0.99565         0.99565         0.99565 
       0.640398                1         11.6584      0.00652515         11.6584         722.478         -58.551        -534.761         381.557        0.995659         0.99565         0.99565         0.99565 
       0.655456                1         11.8705      0.00679515         11.8705         676.823        -60.7142        -564.703         402.935        0.995659         0.99565         0.99565         0.99565 
       0.670868                1         12.0833      0.00707395         12.0833         625.157        -62.9251        -595.869         425.189        0.995658         0.99565         0.99565         0.99565 
       0.686642                1         12.2967      0.00736545         12.2967         567.971        -65.1823        -628.264          448.32        0.995657         0.99565         0.99565         0.99565 
       0.702787                1         12.5104      0.00767101         12.5104         506.456         -67.484        -661.888         472.331        0.995656         0.99565         0.99565         0.99565 
       0.719312                1         12.7242      0.00798897         12.7242         441.806        -69.8283        -696.736         497.217        0.995655         0.99565         0.99565         0.99565 
       0.736226                1         12.9379      0.00831637         12.9379         375.189         -72.213          -732.8         522.973        0.995654         0.99565         0.99565         0.99565 
       0.753537                1         13.1514      0.00865114         13.1514         309.062        -74.6358        -770.067         549.588        0.995653         0.99565         0.99565         0.99565 
       0.771255                1         13.3644      0.00899338         13.3644         246.574        -77.0943        -808.515         577.049        0.995652         0.99565         0.99565         0.99565 
       0.789389                1         13.5768      0.00934502         13.5768         190.465        -79.5858        -848.123         605.339        0.995652         0.99565         0.99565         0.99565 
        0.80795                1         13.7882      0.00970849         13.7882         143.259        -82.1076         -888.86         634.438        0.995651         0.99565         0.99565         0.99565 
       0.826948                1         13.9986       0.0100855         13.9986         107.483        -84.6565        -930.692          664.32        0.995651         0.99565         0.99565         0.99565 
       0.846392                1         14.2075       0.0104762         14.2075         85.3312        -87.2297         -973.58         694.958        0.995651         0.99565         0.99565         0.99565 
       0.866294                1         14.4148       0.0108798         14.4147         76.9941         -89.824        -1017.48          726.32         0.99565         0.99565         0.99565         0.99565 
       0.886663                1         14.6203       0.0112947         14.6203         67.6064         -92.436        -1062.34         758.372         0.99565         0.99565         0.99565         0.99565 
       0.907511                1         14.8243       0.0117197         14.8242         36.3147        -95.0625        -1108.12         791.076         0.99565         0.99565         0.99565         0.99565 
        0.92885                1         15.0262       0.0121543         15.0264        -34.8296        -97.7001        -1154.74         824.392        0.995649         0.99565         0.99565         0.99565 
        0.95069                1         15.2273       0.0125986         15.2265        -149.803        -100.345        -1202.16         858.276        0.995648         0.99565         0.99565         0.99565 
       0.973044                1         15.4209       0.0130537         15.4238        -292.866        -102.995        -1250.31         892.682        0.995647         0.99565         0.99565         0.99565 
       0.995923                1         15.6278       0.0135205         15.6174        -448.358        -105.645        -1299.12         927.564        0.995645         0.99565         0.99565         0.99565 
        1.01934                1         15.6549           0.014          15.651        -475.917        -108.293        -1348.52         962.871        0.995645         0.99565         0.99565         0.99565 
        1.04331                1           15.65       0.0144927          15.651        -475.917        -110.935        -1398.44         998.552        0.995645         0.99565         0.99565         0.99565 
        1.06784                1         15.6513       0.0149988          15.651        -475.917        -113.568        -1448.81         1034.56        0.995645         0.99565         0.99565         0.99565 
        1.09295                1         15.6509       0.0155179          15.651        -475.917        -116.189        -1499.56         1070.83        0.995645         0.99565         0.99565         0.99565 
        1.11865                1          15.651       0.0160498          15.651        -475.917        -118.794         -1550.6         1107.32        0.995645         0.99565         0.99565         0.99565 
        1.14495                1          15.651       0.0165937          15.651        -475.917        -121.381        -1601.87         1143.97        0.995645         0.99565         0.99565         0.99565 
        1.17187                1          15.651       0.0171493          15.651        -475.917        -123.947        -1653.29         1180.73        0.995645         0.99565         0.99565         0.99565 
        1.19943                1          15.651       0.0177163          15.651        -475.917        -126.489        -1704.79         1217.55        0.995645         0.99565         0.99565         0.99565 
        1.22763                1          15.651       0.0182944          15.651        -475.917        -129.004        -1756.29         1254.38        0.995645         0.99565         0.99565         0.99565 
        1.25649                1          15.651       0.0188837          15.651        -475.917         -131.49        -1807.73         1291.16        0.995645         0.99565         0.99565         0.99565 
        1.28604                1          15.651       0.0194844          15.651        -475.917        -133.945        -1859.02         1327.84        0.995645         0.99565         0.99565         0.99565 
        1.31628                1          15.651       0.0200964          15.651        -475.917        -136.366        -1910.11         1364.38        0.995645         0.99565         0.99565         0.99565 
        1.34723                1          15.651       0.0207202          15.651        -475.917        -138.752        -1960.93         1400.73        0.995645         0.99565         0.99565         0.99565 
        1.37891                1          15.651       0.0213557          15.651        -475.917          -141.1        -2011.42         1436.84        0.995645         0.99565         0.99565         0.99565 
        1.41133                1          15.651       0.0220031          15.651        -475.917         -143.41        -2061.52         1472.67        0.995645         0.99565         0.99565         0.99565 
        1.44451                1          15.651       0.0226624          15.651        -475.917        -145.679        -2111.17         1508.19        0.995645         0.99565         0.99565         0.99565 
        1.47848                1          15.651       0.0233337          15.651        -475.917        -147.907        -2160.32         1543.34        0.995645         0.99565         0.99565         0.99565 
        1.51324                1          15.651       0.0240168          15.651        -475.917        -150.091        -2208.91         1578.11        0.995645         0.99565         0.99565         0.99565 
        1.54882                1          15.651       0.0247116          15.651        -475.917        -152.232        -2256.91         1612.45        0.995645         0.99565         0.99565         0.99565 
        1.58524                1          15.651       0.0254179          15.651        -475.917        -154.328        -2304.26         1646.33        0.995645         0.99565         0.99565         0.99565 
        1.62252                1          15.651       0.0261355          15.651        -475.917        -156.378        -2350.93         1679.73        0.995645         0.99565         0.99565         0.99565 
        1.66067                1          15.651        0.026864          15.651        -475.917        -158.382        -2396.88         1712.61        0.995645         0.99565         0.99565         0.99565 
        1.69971                1          15.651       0.0276033          15.651        -475.917         -160.34        -2442.08         1744.96        0.995645         0.99565         0.99565         0.99565 
        1.73968                1          15.651       0.0283529          15.651        -475.917         -162.25         -2486.5         1776.74        0.995645         0.99565         0.99565         0.99565 
        1.78058                1          15.651       0.0291126          15.651        -475.917        -164.114        -2530.11         1807.95        0.995645         0.99565         0.99565         0.99565 
        1.82245                1          15.651       0.0298821          15.651        -475.917         -165.93        -2572.88         1838.57        0.995645         0.99565         0.99565         0.99565 
         1.8653                1          15.651       0.0306609          15.651        -475.917        -167.699        -2614.81         1868.58        0.995645         0.99565         0.99565         0.99565 
        1.90916                1          15.651       0.0314488          15.651        -475.917        -169.422        -2655.86         1897.97        0.995645         0.99565         0.99565         0.99565 
        1.95405                1          15.651       0.0322454          15.651        -475.917        -171.097        -2696.03         1926.72        0.995645         0.99565         0.99565         0.99565 
              2                1          15.651       0.0322494          15.651        -475.917        -171.105        -2696.23         1926.87        0.995645         0.99565         0.99565         0.99565 
