#  a  GeffG(a,k)  D1(a,k)  D1mnu(a,k) ( D1_transfer(a,k) D1mnu_transfer(a,k) )  D2(a,k)  D3a(a,k)  D3b(a,k)  (source terms)  (Output for k = 0.01 h/Mpc)
      0.0196078                1        0.394705     -9.8167e-06        0.394705      -0.0405153      -0.0647193      -0.0195612       0.0139723        0.995649         0.99565         0.99565         0.99565 
      0.0200689                1        0.404113     0.000148751        0.404113      -0.0272097      -0.0677974      -0.0209729       0.0149806         0.99565         0.99565         0.99565         0.99565 
      0.0205408                1        0.413486     0.000620575        0.413486      -0.0130682      -0.0710199      -0.0224853       0.0160609         0.99565         0.99565         0.99565         0.99565 
      0.0210238                1        0.422988       0.0014072        0.422988      0.00291161      -0.0743937      -0.0241057       0.0172182         0.99565         0.99565         0.99565         0.99565 
      0.0215181                1        0.432754      0.00251003        0.432754       0.0215455      -0.0779264      -0.0258424       0.0184585         0.99565         0.99565         0.99565         0.99565 
       0.022024                1        0.442826      0.00392886        0.442826       0.0427285      -0.0816258      -0.0277039       0.0197877         0.99565         0.99565         0.99565         0.99565 
      0.0225419                1        0.453175      0.00566282        0.453175       0.0656732      -0.0854999      -0.0296995       0.0212126         0.99565         0.99565         0.99565         0.99565 
      0.0230719                1        0.463769      0.00771014        0.463769       0.0896604      -0.0895574      -0.0318392       0.0227402         0.99565         0.99565         0.99565         0.99565 
      0.0236144                1        0.474591       0.0100684        0.474591        0.113978      -0.0938072      -0.0341336        0.024378         0.99565         0.99565         0.99565         0.99565 
      0.0241697                1        0.485654       0.0127344        0.485654         0.13777      -0.0982587      -0.0365943       0.0261341         0.99565         0.99565         0.99565         0.99565 
       0.024738                1        0.496974       0.0157046        0.496974        0.160251       -0.102922      -0.0392334       0.0280173         0.99565         0.99565         0.99565         0.99565 
      0.0253197                1        0.508562        0.018975        0.508562        0.180722       -0.107806      -0.0420641       0.0300369         0.99565         0.99565         0.99565         0.99565 
       0.025915                1        0.520426       0.0225411        0.520426        0.198318       -0.112923      -0.0451004       0.0322028         0.99565         0.99565         0.99565         0.99565 
      0.0265244                1        0.532572       0.0263982        0.532572        0.212122       -0.118284      -0.0483576       0.0345259         0.99565         0.99565         0.99565         0.99565 
       0.027148                1        0.545003       0.0305416        0.545003        0.221353         -0.1239      -0.0518517       0.0370175         0.99565         0.99565         0.99565         0.99565 
      0.0277864                1        0.557723       0.0349661        0.557723        0.225423       -0.129784      -0.0556002         0.03969         0.99565         0.99565         0.99565         0.99565 
      0.0284397                1        0.570742       0.0396669        0.570742        0.223999       -0.135949      -0.0596217       0.0425565         0.99565         0.99565         0.99565         0.99565 
      0.0291084                1        0.584066       0.0446387        0.584066        0.216839       -0.142408       -0.063936       0.0456314         0.99565         0.99565         0.99565         0.99565 
      0.0297929                1        0.597702       0.0498768        0.597702         0.20385       -0.149175      -0.0685647       0.0489297         0.99565         0.99565         0.99565         0.99565 
      0.0304934                1        0.611657       0.0553764        0.611657        0.185727       -0.156266      -0.0735306       0.0524677         0.99565         0.99565         0.99565         0.99565 
      0.0312104                1        0.625942       0.0611327        0.625942        0.163484       -0.163695      -0.0788583       0.0562629         0.99565         0.99565         0.99565         0.99565 
      0.0319442                1        0.640562       0.0671414        0.640562        0.138042       -0.171479      -0.0845742       0.0603339         0.99565         0.99565         0.99565         0.99565 
      0.0326954                1        0.655524       0.0733984        0.655524        0.110871       -0.179636      -0.0907066       0.0647009         0.99565         0.99565         0.99565         0.99565 
      0.0334641                1        0.670838       0.0798998        0.670838        0.084376       -0.188182      -0.0972858       0.0693853         0.99565         0.99565         0.99565         0.99565 
       0.034251                1        0.686512       0.0866423        0.686512       0.0607573       -0.197136       -0.104344       0.0744102         0.99565         0.99565         0.99565         0.99565 
      0.0350563                1         0.70255       0.0936228         0.70255       0.0420514       -0.206519       -0.111917       0.0798003         0.99565         0.99565         0.99565         0.99565 
      0.0358806                1        0.718965        0.100839        0.718965       0.0308876        -0.21635       -0.120041       0.0855822         0.99565         0.99565         0.99565         0.99565 
      0.0367243                1        0.735766        0.108288        0.735766       0.0298624       -0.226652       -0.128756       0.0917842         0.99565         0.99565         0.99565         0.99565 
      0.0375878                1         0.75296        0.115968         0.75296       0.0411713       -0.237446       -0.138106       0.0984369         0.99565         0.99565         0.99565         0.99565 
      0.0384716                1        0.770557        0.123879        0.770557       0.0663016       -0.248756       -0.148136        0.105573         0.99565         0.99565         0.99565         0.99565 
      0.0393762                1        0.788568        0.132018        0.788568        0.106001       -0.260606       -0.158895        0.113227         0.99565         0.99565         0.99565         0.99565 
      0.0403021                1        0.807001        0.140388        0.807001        0.160803       -0.273023       -0.170438        0.121437         0.99565         0.99565         0.99565         0.99565 
      0.0412497                1        0.825864        0.148986        0.825864         0.23064       -0.286034       -0.182819        0.130244         0.99565         0.99565         0.99565         0.99565 
      0.0422196                1        0.845169        0.157815        0.845169        0.313228       -0.299667       -0.196101        0.139689         0.99565         0.99565         0.99565         0.99565 
      0.0432123                1         0.86493        0.166875         0.86493        0.405861       -0.313951       -0.210348         0.14982         0.99565         0.99565         0.99565         0.99565 
      0.0442284                1        0.885152        0.176169        0.885152        0.506064       -0.328917        -0.22563        0.160687         0.99565         0.99565         0.99565         0.99565 
      0.0452684                1        0.905848        0.185699        0.905848        0.610154       -0.344599       -0.242021        0.172342         0.99565         0.99565         0.99565         0.99565 
      0.0463328                1        0.927031        0.195469        0.927031        0.713367        -0.36103       -0.259603        0.184842         0.99565         0.99565         0.99565         0.99565 
      0.0474222                1        0.948711        0.205481        0.948711        0.811484       -0.378247       -0.278462        0.198249         0.99565         0.99565         0.99565         0.99565 
      0.0485372                1        0.970897         0.21574        0.970897        0.901098       -0.396285       -0.298689        0.212628        0.995651         0.99565         0.99565         0.99565 
      0.0496785                1        0.993603        0.226251        0.993603        0.980147       -0.415185       -0.320383         0.22805        0.995651         0.99565         0.99565         0.99565 
      0.0508466                1         1.01684        0.237019         1.01685         1.04709       -0.434988        -0.34365        0.244589        0.995651         0.99565         0.99565         0.99565 
      0.0520422                1         1.04063        0.248051         1.04063         1.10085       -0.455736       -0.368605        0.262328        0.995651         0.99565         0.99565         0.99565 
      0.0532659                1         1.06497        0.259352         1.06497         1.14405       -0.477475       -0.395369        0.281351        0.995651         0.99565         0.99565         0.99565 
      0.0545183                1         1.08989         0.27093         1.08989         1.18183       -0.500251       -0.424073        0.301753        0.995651         0.99565         0.99565         0.99565 
      0.0558002                1         1.11539        0.282792         1.11539         1.21876       -0.524114       -0.454856        0.323632        0.995651         0.99565         0.99565         0.99565 
      0.0571123                1         1.14148        0.294947         1.14148         1.26023       -0.549117       -0.487869        0.347096        0.995651         0.99565         0.99565         0.99565 
      0.0584552                1         1.16819        0.307403         1.16818         1.31469       -0.575312       -0.523272        0.372258        0.995651         0.99565         0.99565         0.99565 
      0.0598296                1         1.19552         0.32017         1.19552         1.39009       -0.602757       -0.561239        0.399242        0.995651         0.99565         0.99565         0.99565 
      0.0612364                1         1.22349        0.333257         1.22349         1.49309        -0.63151       -0.601953         0.42818        0.995651         0.99565         0.99565         0.99565 
      0.0626763                1         1.25212        0.346676         1.25212         1.62798       -0.661636       -0.645614        0.459211        0.995651         0.99565         0.99565         0.99565 
        0.06415                1         1.28142        0.360437         1.28142         1.79748       -0.693197       -0.692434        0.492487        0.995651         0.99565         0.99565         0.99565 
      0.0656584                1         1.31141        0.374552         1.31141         2.00373       -0.726263       -0.742639         0.52817        0.995651         0.99565         0.99565         0.99565 
      0.0672022                1          1.3421        0.389032          1.3421         2.24616       -0.760906       -0.796476        0.566434        0.995651         0.99565         0.99565         0.99565 
      0.0687824                1          1.3735        0.403891          1.3735          2.5195       -0.797199       -0.854205        0.607465        0.995652         0.99565         0.99565         0.99565 
      0.0703997                1         1.40565        0.419142         1.40565         2.81839       -0.835222       -0.916106        0.651463        0.995652         0.99565         0.99565         0.99565 
       0.072055                1         1.43855        0.434799         1.43855         3.13814       -0.875057        -0.98248        0.698641        0.995652         0.99565         0.99565         0.99565 
      0.0737492                1         1.47221        0.450876         1.47221         3.47577       -0.916789        -1.05365        0.749228        0.995652         0.99565         0.99565         0.99565 
      0.0754833                1         1.50667        0.467388         1.50667         3.82914       -0.960508        -1.12996        0.803471        0.995652         0.99565         0.99565         0.99565 
      0.0772582                1         1.54193         0.48435         1.54193         4.19635        -1.00631        -1.21178        0.861633        0.995652         0.99565         0.99565         0.99565 
      0.0790748                1         1.57802        0.501778         1.57802         4.58013        -1.05429        -1.29951        0.923997        0.995653         0.99565         0.99565         0.99565 
      0.0809341                1         1.61495         0.51969         1.61495         4.99003        -1.10456        -1.39358        0.990864        0.995653         0.99565         0.99565         0.99565 
      0.0828371                1         1.65275        0.538101         1.65275         5.43481        -1.15721        -1.49443         1.06256        0.995653         0.99565         0.99565         0.99565 
      0.0847849                1         1.69143         0.55703         1.69143         5.92244        -1.21238        -1.60256         1.13943        0.995653         0.99565         0.99565         0.99565 
      0.0867784                1         1.73101        0.576495         1.73101         6.46281        -1.27017        -1.71848         1.22185        0.995654         0.99565         0.99565         0.99565 
      0.0888189                1         1.77153        0.596515         1.77153         7.06541         -1.3307        -1.84277         1.31022        0.995654         0.99565         0.99565         0.99565 
      0.0909073                1         1.81299        0.617109         1.81299         7.73802        -1.39411        -1.97603         1.40496        0.995654         0.99565         0.99565         0.99565 
      0.0930448                1         1.85541        0.638297         1.85541         8.48366        -1.46054        -2.11889         1.50654        0.995654         0.99565         0.99565         0.99565 
      0.0952326                1         1.89883        0.660099         1.89883         9.30031        -1.53013        -2.27204         1.61545        0.995655         0.99565         0.99565         0.99565 
      0.0974718                1         1.94327        0.682537         1.94327         10.1855        -1.60302        -2.43624          1.7322        0.995655         0.99565         0.99565         0.99565 
      0.0997637                1         1.98874        0.705632         1.98874         11.1346        -1.67938        -2.61226         1.85738        0.995656         0.99565         0.99565         0.99565 
       0.102109                1         2.03527        0.729406         2.03527          12.133        -1.75936        -2.80096         1.99157        0.995656         0.99565         0.99565         0.99565 
        0.10451                1          2.0829        0.753883          2.0829         13.1653        -1.84314        -3.00324         2.13544        0.995656         0.99565         0.99565         0.99565 
       0.106968                1         2.13163        0.779085         2.13163         14.2189        -1.93089        -3.22009         2.28967        0.995657         0.99565         0.99565         0.99565 
       0.109483                1         2.18149        0.805036         2.18149          15.315        -2.02281        -3.45255         2.45501        0.995657         0.99565         0.99565         0.99565 
       0.112057                1         2.23252        0.831762         2.23252         16.5033        -2.11909        -3.70173         2.63225        0.995657         0.99565         0.99565         0.99565 
       0.114692                1         2.28475        0.859287         2.28475         17.8275        -2.21993        -3.96884         2.82225        0.995658         0.99565         0.99565         0.99565 
       0.117389                1         2.33818        0.887638         2.33818         19.3307        -2.32556        -4.25515         3.02592        0.995658         0.99565         0.99565         0.99565 
       0.120149                1         2.39285         0.91684         2.39285         21.0688        -2.43618        -4.56205         3.24425        0.995659         0.99565         0.99565         0.99565 
       0.122974                1         2.44881        0.946921         2.44881         23.0932        -2.55205          -4.891         3.47827         0.99566         0.99565         0.99565         0.99565 
       0.125866                1         2.50606        0.977908         2.50606         25.4438        -2.67341        -5.24357         3.72912         0.99566         0.99565         0.99565         0.99565 
       0.128825                1         2.56464         1.00983         2.56464         28.1076         -2.8005        -5.62147           3.998        0.995661         0.99565         0.99565         0.99565 
       0.131854                1         2.62459         1.04272         2.62459         31.0372        -2.93361        -6.02649         4.28619        0.995662         0.99565         0.99565         0.99565 
       0.134955                1         2.68593          1.0766         2.68593         34.1885        -3.07301        -6.46058         4.59508        0.995663         0.99565         0.99565         0.99565 
       0.138128                1         2.74868          1.1115         2.74868         37.5198          -3.219         -6.9258         4.92613        0.995664         0.99565         0.99565         0.99565 
       0.141376                1          2.8129         1.14746          2.8129         40.9883        -3.37188        -7.42437         5.28094        0.995665         0.99565         0.99565         0.99565 
         0.1447                1          2.8786          1.1845          2.8786         44.5551        -3.53198        -7.95866         5.66118        0.995666         0.99565         0.99565         0.99565 
       0.148102                1         2.94582         1.22267         2.94582         48.1974        -3.69963        -8.53122         6.06869        0.995667         0.99565         0.99565         0.99565 
       0.151585                1         3.01458         1.26198         3.01458         52.0179        -3.87518        -9.14476         6.50538        0.995668         0.99565         0.99565         0.99565 
       0.155149                1         3.08495         1.30248         3.08494         56.1775          -4.059         -9.8022         6.97333        0.995669         0.99565         0.99565         0.99565 
       0.158797                1         3.15693          1.3442         3.15693         60.8148        -4.25147        -10.5066         7.47476         0.99567         0.99565         0.99565         0.99565 
       0.162531                1         3.23056         1.38718         3.23056         66.0588        -4.45299        -11.2614         8.01205        0.995671         0.99565         0.99565         0.99565 
       0.166352                1         3.30589         1.43144         3.30589         72.0399        -4.66398          -12.07         8.58772        0.995673         0.99565         0.99565         0.99565 
       0.170264                1         3.38296         1.47703         3.38296         78.8696        -4.88487        -12.9364         9.20449        0.995675         0.99565         0.99565         0.99565 
       0.174267                1         3.46178         1.52399         3.46178         86.6178        -5.11612        -13.8645         9.86526        0.995676         0.99565         0.99565         0.99565 
       0.178365                1         3.54241         1.57235         3.54241         95.1703         -5.3582        -14.8587         10.5731        0.995678         0.99565         0.99565         0.99565 
       0.182559                1         3.62489         1.62214         3.62489         104.345        -5.61161        -15.9236         11.3314         0.99568         0.99565         0.99565         0.99565 
       0.186851                1         3.70924         1.67341         3.70924         113.981        -5.87686        -17.0643         12.1436        0.995682         0.99565         0.99565         0.99565 
       0.191245                1         3.79551         1.72621         3.79551         124.023        -6.15449         -18.286         13.0136        0.995685         0.99565         0.99565         0.99565 
       0.195742                1         3.88374         1.78055         3.88374         134.559        -6.44506        -19.5943         13.9453        0.995687         0.99565         0.99565         0.99565 
       0.200344                1         3.97397          1.8365         3.97398         145.671        -6.74915        -20.9953          14.943        0.995689         0.99565         0.99565         0.99565 
       0.205055                1         4.06624         1.89409         4.06624         157.487        -7.06737        -22.4955         16.0114        0.995691         0.99565         0.99565         0.99565 
       0.209876                1         4.16058         1.95336         4.16058         170.441        -7.40034        -24.1017         17.1554        0.995693         0.99565         0.99565         0.99565 
       0.214811                1         4.25705         2.01435         4.25705         185.023        -7.74874        -25.8212         18.3801        0.995696         0.99565         0.99565         0.99565 
       0.219862                1         4.35567          2.0771         4.35567         201.639        -8.11323        -27.6619         19.6912        0.995699         0.99565         0.99565         0.99565 
       0.225032                1         4.45649         2.14167         4.45649          220.39        -8.49452        -29.6321         21.0946        0.995703         0.99565         0.99565         0.99565 
       0.230323                1         4.55956         2.20808         4.55956         241.065        -8.89336        -31.7405         22.5965        0.995706         0.99565         0.99565         0.99565 
       0.235739                1         4.66492         2.27639         4.66492          263.45         -9.3105        -33.9968         24.2038         0.99571         0.99565         0.99565         0.99565 
       0.241282                1         4.77258         2.34664         4.77258         287.367        -9.74674        -36.4108         25.9236        0.995714         0.99565         0.99565         0.99565 
       0.246955                1         4.88261         2.41887         4.88261         312.721        -10.2029        -38.9933         27.7634        0.995718         0.99565         0.99565         0.99565 
       0.252762                1         4.99506         2.49313         4.99506         339.439        -10.6798        -41.7556         29.7314        0.995722         0.99565         0.99565         0.99565 
       0.258705                1         5.10994         2.56946         5.10994         367.479        -11.1784        -44.7098         31.8362        0.995727         0.99565         0.99565         0.99565 
       0.264788                1          5.2273          2.6479          5.2273         397.414        -11.6995        -47.8685         34.0869        0.995731         0.99565         0.99565         0.99565 
       0.271014                1          5.3472          2.7285          5.3472         430.309         -12.244        -51.2454          36.493        0.995736         0.99565         0.99565         0.99565 
       0.277386                1         5.46965          2.8113         5.46965         467.092        -12.8131        -54.8548          39.065        0.995741         0.99565         0.99565         0.99565 
       0.283909                1         5.59469         2.89634         5.59469         508.326        -13.4075         -58.712         41.8136        0.995747         0.99565         0.99565         0.99565 
       0.290584                1         5.72236         2.98366         5.72236         553.778        -14.0284        -62.8329         44.7502        0.995753         0.99565         0.99565         0.99565 
       0.297417                1         5.85271         3.07331         5.85271         603.084        -14.6769        -67.2345          47.887         0.99576         0.99565         0.99565         0.99565 
        0.30441                1         5.98575         3.16532         5.98575         655.926        -15.3538        -71.9349         51.2369        0.995767         0.99565         0.99565         0.99565 
       0.311568                1         6.12151         3.25974         6.12151         712.342        -16.0605        -76.9529         54.8132        0.995774         0.99565         0.99565         0.99565 
       0.318894                1         6.26004         3.35659         6.26004         772.586         -16.798        -82.3083         58.6301        0.995782         0.99565         0.99565         0.99565 
       0.326392                1         6.40135         3.45592         6.40136         836.859        -17.5673        -88.0222         62.7027         0.99579         0.99565         0.99565         0.99565 
       0.334067                1         6.54547         3.55776         6.54547         905.755        -18.3698        -94.1166         67.0466        0.995798         0.99565         0.99565         0.99565 
       0.341922                1         6.69241         3.66215         6.69241         980.846        -19.2066        -100.614         71.6783        0.995806         0.99565         0.99565         0.99565 
       0.349961                1         6.84221          3.7691         6.84221         1063.62        -20.0788         -107.54         76.6149        0.995816         0.99565         0.99565         0.99565 
        0.35819                1         6.99486         3.87865         6.99486         1155.19        -20.9877        -114.918         81.8746        0.995826         0.99565         0.99565         0.99565 
       0.366612                1         7.15038         3.99082         7.15038         1255.13        -21.9345        -122.776         87.4761        0.995838         0.99565         0.99565         0.99565 
       0.375232                1         7.30879         4.10563         7.30879         1362.25        -22.9204         -131.14         93.4389        0.995849         0.99565         0.99565         0.99565 
       0.384055                1         7.47008          4.2231         7.47008          1475.5        -23.9466         -140.04         99.7835        0.995861         0.99565         0.99565         0.99565 
       0.393086                1         7.63423         4.34324         7.63423         1595.17        -25.0142        -149.504         106.531        0.995873         0.99565         0.99565         0.99565 
       0.402328                1         7.80126         4.46606         7.80126         1723.91        -26.1246        -159.563         113.703        0.995886         0.99565         0.99565         0.99565 
       0.411788                1         7.97115         4.59157         7.97115         1864.19        -27.2789        -170.249         121.322          0.9959         0.99565         0.99565         0.99565 
       0.421471                1         8.14386         4.71975         8.14386         2017.95        -28.4782        -181.594         129.411        0.995915         0.99565         0.99565         0.99565 
       0.431381                1         8.31939         4.85062         8.31939         2185.52        -29.7235        -193.632         137.994        0.995931         0.99565         0.99565         0.99565 
       0.441524                1          8.4977         4.98414          8.4977         2366.56        -31.0161        -206.395         147.095        0.995948         0.99565         0.99565         0.99565 
       0.451906                1         8.67874         5.12031         8.67874         2560.71        -32.3569        -219.919         156.739        0.995965         0.99565         0.99565         0.99565 
       0.462532                1         8.86246          5.2591         8.86246         2768.45        -33.7468        -234.239          166.95        0.995984         0.99565         0.99565         0.99565 
       0.473407                1         9.04882         5.40048         9.04882         2991.38        -35.1868        -249.389         177.754        0.996004         0.99565         0.99565         0.99565 
       0.484539                1         9.23775         5.54441         9.23775         3230.88        -36.6777        -265.406         189.176        0.996024         0.99565         0.99565         0.99565 
       0.495932                1         9.42917         5.69084         9.42917         3488.22        -38.2201        -282.323         201.241        0.996046         0.99565         0.99565         0.99565 
       0.507593                1           9.623         5.83972           9.623         3765.36        -39.8146        -300.178         213.975        0.996069         0.99565         0.99565         0.99565 
       0.519528                1         9.81917         5.99099         9.81917         4064.14        -41.4619        -319.003         227.402        0.996093         0.99565         0.99565         0.99565 
       0.531744                1         10.0176         6.14458         10.0176         4386.05        -43.1622        -338.833         241.545        0.996118         0.99565         0.99565         0.99565 
       0.544247                1         10.2181          6.3004         10.2181         4732.32        -44.9159          -359.7         256.429        0.996145         0.99565         0.99565         0.99565 
       0.557044                1         10.4206         6.45837         10.4206            5104        -46.7229        -381.636         272.076        0.996174         0.99565         0.99565         0.99565 
       0.570142                1         10.6249         6.61839         10.6249         5501.81        -48.5834         -404.67         288.506        0.996204         0.99565         0.99565         0.99565 
       0.583547                1          10.831         6.78036          10.831          5926.9         -50.497         -428.83         305.741        0.996235         0.99565         0.99565         0.99565 
       0.597269                1         11.0387         6.94416         11.0387         6382.66        -52.4633        -454.142         323.798        0.996269         0.99565         0.99565         0.99565 
       0.611312                1         11.2478         7.10967         11.2478         6872.46        -54.4819        -480.629         342.693        0.996304         0.99565         0.99565         0.99565 
       0.625686                1         11.4582         7.27676         11.4582         7399.02        -56.5519         -508.31         362.441        0.996341         0.99565         0.99565         0.99565 
       0.640398                1         11.6697          7.4453         11.6697         7964.44        -58.6724        -537.202         383.054         0.99638         0.99565         0.99565         0.99565 
       0.655456                1         11.8822         7.61513         11.8822         8570.32        -60.8423        -567.318         404.542        0.996422         0.99565         0.99565         0.99565 
       0.670868                1         12.0953          7.7861         12.0953         9217.76        -63.0602        -598.667         426.909        0.996466         0.99565         0.99565         0.99565 
       0.686642                1          12.309         7.95805          12.309         9908.46        -65.3246        -631.255         450.162        0.996511         0.99565         0.99565         0.99565 
       0.702787                1         12.5231         8.13082         12.5231         10646.5        -67.6338        -665.082         474.299         0.99656         0.99565         0.99565         0.99565 
       0.719312                1         12.7372         8.30424         12.7372         11435.7        -69.9857        -700.143         499.318        0.996611         0.99565         0.99565         0.99565 
       0.736226                1         12.9514         8.47812         12.9514         12279.1        -72.3783         -736.43         525.214        0.996665         0.99565         0.99565         0.99565 
       0.753537                1         13.1652          8.6523         13.1652         13181.7        -74.8093        -773.929         551.975        0.996722         0.99565         0.99565         0.99565 
       0.771255                1         13.3786         8.82658         13.3786         14148.9        -77.2762        -812.621         579.588        0.996782         0.99565         0.99565         0.99565 
       0.789389                1         13.5913         9.00078         13.5913         15185.4        -79.7763        -852.481         608.037        0.996846         0.99565         0.99565         0.99565 
        0.80795                1         13.8031         9.17472         13.8031         16293.7        -82.3068        -893.481         637.301        0.996913         0.99565         0.99565         0.99565 
       0.826948                1         14.0138         9.34821         14.0138         17473.4        -84.8648        -935.586         667.354        0.996985         0.99565         0.99565         0.99565 
       0.846392                1         14.2231         9.52107         14.2231         18723.6        -87.4472        -978.756          698.17        0.997059         0.99565         0.99565         0.99565 
       0.866294                1         14.4308         9.69311         14.4308         20044.5        -90.0508        -1022.95         729.716        0.997137         0.99565         0.99565         0.99565 
       0.886663                1         14.6367         9.86416         14.6367         21451.3        -92.6724        -1068.11         761.958        0.997219         0.99565         0.99565         0.99565 
       0.907511                1          14.841          10.034          14.841         22964.7        -95.3086        -1114.19         794.858        0.997306         0.99565         0.99565         0.99565 
        0.92885                1         15.0433         10.2026         15.0435         24601.7         -97.956        -1161.14         828.375          0.9974         0.99565         0.99565         0.99565 
        0.95069                1         15.2448         10.3696         15.2441         26351.1        -100.611        -1208.89         862.465          0.9975         0.99565         0.99565         0.99565 
       0.973044                1         15.4388         10.5349         15.4417         28160.2        -103.271        -1257.37         897.083        0.997602         0.99565         0.99565         0.99565 
       0.995923                1         15.6461         10.6985         15.6357           29979        -105.931        -1306.52         932.181        0.997702         0.99565         0.99565         0.99565 
        1.01934                1         15.6733           10.86         15.6693         30296.2         -108.59        -1356.27         967.709         0.99772         0.99565         0.99565         0.99565 
        1.04331                1         15.6683         11.0195         15.6693         30296.2        -111.242        -1406.55         1003.62         0.99772         0.99565         0.99565         0.99565 
        1.06784                1         15.6696         11.1767         15.6693         30296.2        -113.885        -1457.29         1039.85         0.99772         0.99565         0.99565         0.99565 
        1.09295                1         15.6693         11.3316         15.6693         30296.2        -116.516         -1508.4         1076.35         0.99772         0.99565         0.99565         0.99565 
        1.11865                1         15.6694          11.484         15.6693         30296.2        -119.132        -1559.82         1113.08         0.99772         0.99565         0.99565         0.99565 
        1.14495                1         15.6693         11.6338         15.6693         30296.2         -121.73        -1611.46         1149.97         0.99772         0.99565         0.99565         0.99565 
        1.17187                1         15.6693          11.781         15.6693         30296.2        -124.306        -1663.26         1186.98         0.99772         0.99565         0.99565         0.99565 
        1.19943                1         15.6693         11.9255         15.6693         30296.2        -126.858        -1715.15         1224.04         0.99772         0.99565         0.99565         0.99565 
        1.22763                1         15.6693         12.0671         15.6693         30296.2        -129.383        -1767.03         1261.11         0.99772         0.99565         0.99565         0.99565 
        1.25649                1         15.6693         12.2058         15.6693         30296.2         -131.88        -1818.85         1298.13         0.99772         0.99565         0.99565         0.99565 
        1.28604                1         15.6693         12.3416         15.6693         30296.2        -134.345        -1870.54         1335.06         0.99772         0.99565         0.99565         0.99565 
        1.31628                1         15.6693         12.4744         15.6693         30296.2        -136.776        -1922.02         1371.85         0.99772         0.99565         0.99565         0.99565 
        1.34723                1         15.6693         12.6042         15.6693         30296.2        -139.172        -1973.23         1408.44         0.99772         0.99565         0.99565         0.99565 
        1.37891                1         15.6693          12.731         15.6693         30296.2        -141.531        -2024.11          1444.8         0.99772         0.99565         0.99565         0.99565 
        1.41133                1         15.6693         12.8547         15.6693         30296.2         -143.85         -2074.6         1480.88         0.99772         0.99565         0.99565         0.99565 
        1.44451                1         15.6693         12.9753         15.6693         30296.2        -146.129        -2124.63         1516.65         0.99772         0.99565         0.99565         0.99565 
        1.47848                1         15.6693         13.0928         15.6693         30296.2        -148.366        -2174.16         1552.05         0.99772         0.99565         0.99565         0.99565 
        1.51324                1         15.6693         13.2072         15.6693         30296.2         -150.56        -2223.14         1587.06         0.99772         0.99565         0.99565         0.99565 
        1.54882                1         15.6693         13.3186         15.6693         30296.2         -152.71        -2271.52         1621.64         0.99772         0.99565         0.99565         0.99565 
        1.58524                1         15.6693         13.4269         15.6693         30296.2        -154.815        -2319.25         1655.76         0.99772         0.99565         0.99565         0.99565 
        1.62252                1         15.6693         13.5321         15.6693         30296.2        -156.874        -2366.29         1689.39         0.99772         0.99565         0.99565         0.99565 
        1.66067                1         15.6693         13.6344         15.6693         30296.2        -158.887        -2412.61         1722.51         0.99772         0.99565         0.99565         0.99565 
        1.69971                1         15.6693         13.7336         15.6693         30296.2        -160.854        -2458.18         1755.09         0.99772         0.99565         0.99565         0.99565 
        1.73968                1         15.6693         13.8299         15.6693         30296.2        -162.773        -2502.95         1787.11         0.99772         0.99565         0.99565         0.99565 
        1.78058                1         15.6693         13.9232         15.6693         30296.2        -164.645        -2546.91         1818.54         0.99772         0.99565         0.99565         0.99565 
        1.82245                1         15.6693         14.0137         15.6693         30296.2         -166.47        -2590.04         1849.38         0.99772         0.99565         0.99565         0.99565 
         1.8653                1         15.6693         14.1014         15.6693         30296.2        -168.247         -2632.3         1879.61         0.99772         0.99565         0.99565         0.99565 
        1.90916                1         15.6693         14.1863         15.6693         30296.2        -169.977         -2673.7         1909.21         0.99772         0.99565         0.99565         0.99565 
        1.95405                1         15.6693         14.2684         15.6693         30296.2         -171.66        -2714.19         1938.18         0.99772         0.99565         0.99565         0.99565 
              2                1         15.6693         14.2688         15.6693         30296.2        -171.668        -2714.39         1938.32         0.99772         0.99565         0.99565         0.99565 
