#  a  GeffG(a,k)  D1(a,k)  D1mnu(a,k) ( D1_transfer(a,k) D1mnu_transfer(a,k) )  D2(a,k)  D3a(a,k)  D3b(a,k)  (source terms)  (Output for k = 10 h/Mpc)
      0.0196078                1        0.395021     1.08684e-06        0.395021       0.0304477      -0.0648084      -0.0196016       0.0140011         0.99565         0.99565         0.99565         0.99565 
      0.0200689                1        0.404423    -8.15674e-07        0.404422       0.0333775      -0.0678907      -0.0210162       0.0150116         0.99565         0.99565         0.99565         0.99565 
      0.0205408                1        0.413789      1.0775e-06        0.413789       0.0365089      -0.0711177      -0.0225317        0.016094         0.99565         0.99565         0.99565         0.99565 
      0.0210238                1        0.423284    -6.80998e-07        0.423284       0.0400781      -0.0744961      -0.0241555       0.0172538         0.99565         0.99565         0.99565         0.99565 
      0.0215181                1        0.433044    -5.47251e-07        0.433044       0.0442737      -0.0780336      -0.0258956       0.0184965         0.99565         0.99565         0.99565         0.99565 
       0.022024                1         0.44311     2.89318e-07         0.44311        0.049009      -0.0817379      -0.0277608       0.0198285         0.99565         0.99565         0.99565         0.99565 
      0.0225419                1        0.453452     5.13027e-07        0.453452       0.0539946      -0.0856172      -0.0297604       0.0212562         0.99565         0.99565         0.99565         0.99565 
      0.0230719                1         0.46404     1.05084e-07         0.46404       0.0589701      -0.0896801      -0.0319042       0.0227867         0.99565         0.99565         0.99565         0.99565 
      0.0236144                1        0.474856     -7.5179e-07        0.474856        0.063862      -0.0939355      -0.0342031       0.0244277         0.99565         0.99565         0.99565         0.99565 
      0.0241697                1        0.485913    -2.28304e-07        0.485913       0.0690536      -0.0983927      -0.0366683       0.0261872         0.99565         0.99565         0.99565         0.99565 
       0.024738                1        0.497226     1.04563e-06        0.497226       0.0749574       -0.103062      -0.0393123       0.0280739         0.99565         0.99565         0.99565         0.99565 
      0.0253197                1        0.508807    -8.48115e-07        0.508807       0.0819022       -0.107952       -0.042148       0.0300972         0.99565         0.99565         0.99565         0.99565 
       0.025915                1        0.520664     1.11188e-06        0.520664       0.0898506       -0.113076      -0.0451897       0.0322671         0.99565         0.99565         0.99565         0.99565 
      0.0265244                1        0.532803    -1.24831e-07        0.532803        0.098553       -0.118443      -0.0484524       0.0345943         0.99565         0.99565         0.99565         0.99565 
       0.027148                1        0.545227    -8.12177e-07        0.545227        0.107784       -0.124066      -0.0519524       0.0370902         0.99565         0.99565         0.99565         0.99565 
      0.0277864                1        0.557939    -2.01006e-07        0.557939        0.117417       -0.129957       -0.055707       0.0397673         0.99565         0.99565         0.99565         0.99565 
      0.0284397                1        0.570949     1.38465e-07        0.570949        0.127503       -0.136129      -0.0597348       0.0426387         0.99565         0.99565         0.99565         0.99565 
      0.0291084                1        0.584266    -8.53783e-08        0.584266        0.138103       -0.142595      -0.0640557       0.0457186         0.99565         0.99565         0.99565         0.99565 
      0.0297929                1        0.597892    -6.92517e-07        0.597892         0.14932        -0.14937      -0.0686913       0.0490221         0.99565         0.99565         0.99565         0.99565 
      0.0304934                1        0.611839    -3.76278e-07        0.611839        0.161702       -0.156469      -0.0736644       0.0525657         0.99565         0.99565         0.99565         0.99565 
      0.0312104                1        0.626115     1.05553e-06        0.626115        0.175952       -0.163906      -0.0789997       0.0563667         0.99565         0.99565         0.99565         0.99565 
      0.0319442                1        0.640726    -1.37941e-07        0.640726         0.19267       -0.171699      -0.0847234       0.0604438         0.99565         0.99565         0.99565         0.99565 
      0.0326954                1        0.655679     3.74859e-07        0.655679         0.21191       -0.179863      -0.0908639       0.0648171         0.99565         0.99565         0.99565         0.99565 
      0.0334641                1        0.670984    -1.85427e-07        0.670984        0.232928       -0.188418      -0.0974514       0.0695082         0.99565         0.99565         0.99565         0.99565 
       0.034251                1        0.686649     1.26292e-06        0.686649        0.254989       -0.197382       -0.104519       0.0745401         0.99565         0.99565         0.99565         0.99565 
      0.0350563                1        0.702679    -1.38373e-07        0.702679        0.277602       -0.206774         -0.1121       0.0799375         0.99565         0.99565         0.99565         0.99565 
      0.0358806                1        0.719085    -7.07899e-07        0.719085        0.301342       -0.216615       -0.120233        0.085727         0.99565         0.99565         0.99565         0.99565 
      0.0367243                1        0.735878    -5.43706e-07        0.735878        0.327096       -0.226926       -0.128958        0.091937         0.99565         0.99565         0.99565         0.99565 
      0.0375878                1        0.753064    -4.80226e-07        0.753064         0.35562       -0.237729       -0.138318        0.098598         0.99565         0.99565         0.99565         0.99565 
      0.0384716                1        0.770652    -6.42267e-07        0.770652        0.387251       -0.249049       -0.148359        0.105743         0.99565         0.99565         0.99565         0.99565 
      0.0393762                1        0.788655    -4.06354e-07        0.788655        0.421863        -0.26091       -0.159129        0.113406         0.99565         0.99565         0.99565         0.99565 
      0.0403021                1        0.807081     8.74276e-07        0.807081        0.459301       -0.273338       -0.170682        0.121626         0.99565         0.99565         0.99565         0.99565 
      0.0412497                1        0.825935     9.30169e-07        0.825935        0.499549        -0.28636       -0.183075        0.130442         0.99565         0.99565         0.99565         0.99565 
      0.0422196                1        0.845233     -3.9512e-07        0.845233        0.543232       -0.300003       -0.196369        0.139898         0.99565         0.99565         0.99565         0.99565 
      0.0432123                1        0.864985     1.08009e-06        0.864985        0.591066       -0.314299       -0.210628        0.150039         0.99565         0.99565         0.99565         0.99565 
      0.0442284                1        0.885199     -3.0047e-07        0.885199         0.64364       -0.329277       -0.225922        0.160917         0.99565         0.99565         0.99565         0.99565 
      0.0452684                1        0.905886      1.4508e-06        0.905886        0.701126       -0.344971       -0.242326        0.172583         0.99565         0.99565         0.99565         0.99565 
      0.0463328                1        0.927061    -2.40765e-07        0.927061        0.763327       -0.361414       -0.259921        0.185096         0.99565         0.99565         0.99565         0.99565 
      0.0474222                1        0.948733    -2.02371e-07        0.948733        0.830027       -0.378642       -0.278792        0.198515         0.99565         0.99565         0.99565         0.99565 
      0.0485372                1        0.970909     8.58535e-07        0.970909        0.901232       -0.396693       -0.299033        0.212907         0.99565         0.99565         0.99565         0.99565 
      0.0496785                1        0.993606     1.38085e-06        0.993606        0.977719       -0.415606        -0.32074        0.228342         0.99565         0.99565         0.99565         0.99565 
      0.0508466                1         1.01684     1.50036e-06         1.01684         1.06032       -0.435421       -0.344022        0.244895         0.99565         0.99565         0.99565         0.99565 
      0.0520422                1         1.04061     1.43387e-06         1.04061         1.14972       -0.456182       -0.368991        0.262647         0.99565         0.99565         0.99565         0.99565 
      0.0532659                1         1.06494     9.73347e-07         1.06494         1.24693       -0.477934       -0.395768        0.281685         0.99565         0.99565         0.99565         0.99565 
      0.0545183                1         1.08985    -3.57818e-09         1.08985         1.35308       -0.500724       -0.424485        0.302102         0.99565         0.99565         0.99565         0.99565 
      0.0558002                1         1.11534    -3.26789e-08         1.11534         1.46913       -0.524601       -0.455282        0.323996         0.99565         0.99565         0.99565         0.99565 
      0.0571123                1         1.14142     1.40952e-06         1.14142         1.59568       -0.549617       -0.488309        0.347475         0.99565         0.99565         0.99565         0.99565 
      0.0584552                1         1.16811     7.45787e-07         1.16811         1.73279       -0.575826       -0.523725        0.372654         0.99565         0.99565         0.99565         0.99565 
      0.0598296                1         1.19544     3.33434e-07         1.19544         1.88038       -0.603284       -0.561705        0.399654         0.99565         0.99565         0.99565         0.99565 
      0.0612364                1          1.2234     1.50347e-06          1.2234         2.03844       -0.632052       -0.602431        0.428607         0.99565         0.99565         0.99565         0.99565 
      0.0626763                1         1.25201     1.15092e-07         1.25201         2.20853       -0.662191       -0.646104        0.459655         0.99565         0.99565         0.99565         0.99565 
        0.06415                1          1.2813     1.29419e-06          1.2813         2.39297       -0.693766       -0.692934        0.492948         0.99565         0.99565         0.99565         0.99565 
      0.0656584                1         1.31127     1.55951e-06         1.31127          2.5937       -0.726846       -0.743149        0.528647         0.99565         0.99565         0.99565         0.99565 
      0.0672022                1         1.34195     1.56124e-07         1.34195         2.81195       -0.761502       -0.796994        0.566928         0.99565         0.99565         0.99565         0.99565 
      0.0687824                1         1.37334      2.4926e-07         1.37334         3.04795       -0.797809       -0.854729        0.607975         0.99565         0.99565         0.99565         0.99565 
      0.0703997                1         1.40547     9.86144e-07         1.40547         3.30169       -0.835846       -0.916635        0.651988         0.99565         0.99565         0.99565         0.99565 
       0.072055                1         1.43836     1.47639e-06         1.43836          3.5734       -0.875693       -0.983013        0.699182         0.99565         0.99565         0.99565         0.99565 
      0.0737492                1         1.47201     1.60571e-06         1.47201         3.86599       -0.917438        -1.05418        0.749784         0.99565         0.99565         0.99565         0.99565 
      0.0754833                1         1.50645     1.39722e-06         1.50645          4.1832        -0.96117        -1.13049         0.80404         0.99565         0.99565         0.99565         0.99565 
      0.0772582                1         1.54169     8.44555e-07         1.54169         4.52816        -1.00698        -1.21231        0.862215         0.99565         0.99565         0.99565         0.99565 
      0.0790748                1         1.57776     4.00573e-07         1.57776         4.90282        -1.05498        -1.30003        0.924589         0.99565         0.99565         0.99565         0.99565 
      0.0809341                1         1.61468     1.19292e-06         1.61468         5.30772        -1.10525        -1.39407        0.991466         0.99565         0.99565         0.99565         0.99565 
      0.0828371                1         1.65246     2.39874e-06         1.65246         5.74307        -1.15792        -1.49491         1.06317         0.99565         0.99565         0.99565         0.99565 
      0.0847849                1         1.69112     1.31068e-06         1.69112         6.20953        -1.21309        -1.60301         1.14005         0.99565         0.99565         0.99565         0.99565 
      0.0867784                1         1.73068     1.34487e-06         1.73068         6.71151        -1.27089         -1.7189         1.22247         0.99565         0.99565         0.99565         0.99565 
      0.0888189                1         1.77118     2.19256e-06         1.77118         7.25415        -1.33143        -1.84316         1.31084         0.99565         0.99565         0.99565         0.99565 
      0.0909073                1         1.81262     1.38177e-06         1.81262         7.84163        -1.39485        -1.97636         1.40558         0.99565         0.99565         0.99565         0.99565 
      0.0930448                1         1.85502     2.41002e-06         1.85502         8.47722        -1.46128        -2.11916         1.50715         0.99565         0.99565         0.99565         0.99565 
      0.0952326                1         1.89842     1.22311e-06         1.89842         9.16329        -1.53087        -2.27225         1.61604         0.99565         0.99565         0.99565         0.99565 
      0.0974718                1         1.94283     2.95941e-06         1.94283          9.9016        -1.60377        -2.43636         1.73277         0.99565         0.99565         0.99565         0.99565 
      0.0997637                1         1.98828     2.07183e-06         1.98828         10.6944        -1.68012        -2.61229         1.85792         0.99565         0.99565         0.99565         0.99565 
       0.102109                1         2.03478     1.33472e-06         2.03478          11.548         -1.7601        -2.80088         1.99209         0.99565         0.99565         0.99565         0.99565 
        0.10451                1         2.08238     2.40015e-06         2.08238          12.469        -1.84387        -3.00304         2.13591        0.995651         0.99565         0.99565         0.99565 
       0.106968                1         2.13109     3.34431e-06         2.13109         13.4628        -1.93162        -3.21975         2.29009        0.995651         0.99565         0.99565         0.99565 
       0.109483                1         2.18092     3.59084e-06         2.18092         14.5346        -2.02353        -3.45204         2.45537        0.995651         0.99565         0.99565         0.99565 
       0.112057                1         2.23193     3.57043e-06         2.23193         15.6899        -2.11979        -3.70103         2.63253        0.995651         0.99565         0.99565         0.99565 
       0.114692                1         2.28412     3.63699e-06         2.28412         16.9329        -2.22062        -3.96792         2.82245        0.995651         0.99565         0.99565         0.99565 
       0.117389                1         2.33752     3.87454e-06         2.33752         18.2683        -2.32622        -4.25399         3.02602        0.995651         0.99565         0.99565         0.99565 
       0.120149                1         2.39216     4.13812e-06         2.39216         19.7048        -2.43682         -4.5606         3.24422        0.995651         0.99565         0.99565         0.99565 
       0.122974                1         2.44809     4.03185e-06         2.44809         21.2506        -2.55266        -4.88924         3.47811        0.995651         0.99565         0.99565         0.99565 
       0.125866                1          2.5053     3.25576e-06          2.5053         22.9124        -2.67398        -5.24146          3.7288        0.995651         0.99565         0.99565         0.99565 
       0.128825                1         2.56385     2.68454e-06         2.56385         24.6995        -2.80104        -5.61896         3.99749        0.995651         0.99565         0.99565         0.99565 
       0.131854                1         2.62376     3.88016e-06         2.62376         26.6225         -2.9341        -6.02354         4.28547        0.995651         0.99565         0.99565         0.99565 
       0.134955                1         2.68506     4.77456e-06         2.68506         28.6898        -3.07345        -6.45712         4.59411        0.995651         0.99565         0.99565         0.99565 
       0.138128                1         2.74777     3.55085e-06         2.74777         30.9104        -3.21938        -6.92178          4.9249        0.995651         0.99565         0.99565         0.99565 
       0.141376                1         2.81194      4.5471e-06         2.81194         33.2978         -3.3722        -7.41972         5.27939        0.995651         0.99565         0.99565         0.99565 
         0.1447                1          2.8776     4.69509e-06          2.8776         35.8637        -3.53222        -7.95331         5.65929        0.995652         0.99565         0.99565         0.99565 
       0.148102                1         2.94477     4.63505e-06         2.94477         38.6177        -3.69978        -8.52509         6.06639        0.995652         0.99565         0.99565         0.99565 
       0.151585                1         3.01349     5.23742e-06         3.01349         41.5742        -3.87524        -9.13776         6.50264        0.995652         0.99565         0.99565         0.99565 
       0.155149                1          3.0838     4.91372e-06          3.0838         44.7488        -4.05896        -9.79422         6.97009        0.995652         0.99565         0.99565         0.99565 
       0.158797                1         3.15573     6.18132e-06         3.15573         48.1534        -4.25131        -10.4976         7.47096        0.995652         0.99565         0.99565         0.99565 
       0.162531                1         3.22931     5.00773e-06         3.22931         51.8022        -4.45271        -11.2511         8.00761        0.995652         0.99565         0.99565         0.99565 
       0.166352                1         3.30459     6.22379e-06         3.30459         55.7161        -4.66356        -12.0585         8.58258        0.995652         0.99565         0.99565         0.99565 
       0.170264                1          3.3816     7.18897e-06          3.3816         59.9124         -4.8843        -12.9233         9.19856        0.995652         0.99565         0.99565         0.99565 
       0.174267                1         3.46036     6.20412e-06         3.46036          64.406        -5.11538        -13.8498         9.85845        0.995653         0.99565         0.99565         0.99565 
       0.178365                1         3.54093     6.02784e-06         3.54093         69.2195        -5.35728        -14.8422         10.5653        0.995653         0.99565         0.99565         0.99565 
       0.182559                1         3.62334     7.05461e-06         3.62334         74.3755        -5.61049        -15.9052         11.3225        0.995653         0.99565         0.99565         0.99565 
       0.186851                1         3.70762     8.17369e-06         3.70762         79.8918        -5.87552        -17.0436         12.1335        0.995653         0.99565         0.99565         0.99565 
       0.191245                1         3.79382     8.89208e-06         3.79382         85.7898        -6.15291        -18.2629         13.0021        0.995653         0.99565         0.99565         0.99565 
       0.195742                1         3.88198      9.3372e-06         3.88198         92.0982        -6.44322        -19.5685         13.9323        0.995653         0.99565         0.99565         0.99565 
       0.200344                1         3.97214     9.72595e-06         3.97214         98.8402        -6.74702        -20.9666         14.9284        0.995654         0.99565         0.99565         0.99565 
       0.205055                1         4.06432     1.01469e-05         4.06432         106.036        -7.06493        -22.4635          15.995        0.995654         0.99565         0.99565         0.99565 
       0.209876                1         4.15858      1.0535e-05         4.15858         113.718        -7.39758        -24.0661         17.1369        0.995654         0.99565         0.99565         0.99565 
       0.214811                1         4.25496      1.0695e-05         4.25496         121.915        -7.74561        -25.7817         18.3594        0.995654         0.99565         0.99565         0.99565 
       0.219862                1          4.3535     1.04719e-05          4.3535         130.651         -8.1097         -27.618          19.668        0.995654         0.99565         0.99565         0.99565 
       0.225032                1         4.45423     1.01989e-05         4.45423         139.954        -8.49057        -29.5834         21.0686        0.995655         0.99565         0.99565         0.99565 
       0.230323                1          4.5572     1.08752e-05          4.5572         149.859        -8.88895        -31.6866         22.5676        0.995655         0.99565         0.99565         0.99565 
       0.235739                1         4.66245     1.26807e-05         4.66246         160.396         -9.3056        -33.9371         24.1715        0.995655         0.99565         0.99565         0.99565 
       0.241282                1         4.77002     1.33568e-05         4.77002         171.587         -9.7413        -36.3448         25.8876        0.995655         0.99565         0.99565         0.99565 
       0.246955                1         4.87994      1.2489e-05         4.87994         183.469        -10.1969        -38.9203         27.7234        0.995656         0.99565         0.99565         0.99565 
       0.252762                1         4.99228     1.40038e-05         4.99228         196.073        -10.6732         -41.675          29.687        0.995656         0.99565         0.99565         0.99565 
       0.258705                1         5.10705     1.49959e-05         5.10705         209.422        -11.1711        -44.6208         31.7869        0.995656         0.99565         0.99565         0.99565 
       0.264788                1         5.22429     1.47136e-05         5.22429         223.545        -11.6914        -47.7704         34.0322        0.995656         0.99565         0.99565         0.99565 
       0.271014                1         5.34406     1.63761e-05         5.34406         238.473        -12.2352        -51.1374         36.4325        0.995657         0.99565         0.99565         0.99565 
       0.277386                1         5.46638     1.64727e-05         5.46638          254.23        -12.8034        -54.7358          38.998        0.995657         0.99565         0.99565         0.99565 
       0.283909                1         5.59129     1.75541e-05         5.59129         270.834         -13.397         -58.581         41.7396        0.995657         0.99565         0.99565         0.99565 
       0.290584                1         5.71882     1.84979e-05         5.71882         288.305        -14.0169        -62.6889         44.6685        0.995658         0.99565         0.99565         0.99565 
       0.297417                1         5.84903     1.87094e-05         5.84903         306.658        -14.6643        -67.0763         47.7968        0.995658         0.99565         0.99565         0.99565 
        0.30441                1         5.98192     2.07105e-05         5.98192         325.901        -15.3402        -71.7611         51.1374        0.995658         0.99565         0.99565         0.99565 
       0.311568                1         6.11753     2.06341e-05         6.11753         346.034        -16.0457        -76.7621         54.7036        0.995659         0.99565         0.99565         0.99565 
       0.318894                1          6.2559      2.1589e-05          6.2559         367.053        -16.7819        -82.0991         58.5095        0.995659         0.99565         0.99565         0.99565 
       0.326392                1         6.39705     2.39056e-05         6.39705         388.948        -17.5499        -87.7929           62.57        0.995659         0.99565         0.99565         0.99565 
       0.334067                1         6.54099      2.4045e-05         6.54099         411.698        -18.3509        -93.8654         66.9008         0.99566         0.99565         0.99565         0.99565 
       0.341922                1         6.68777     2.42687e-05         6.68777         435.259        -19.1862        -100.339         71.5181         0.99566         0.99565         0.99565         0.99565 
       0.349961                1         6.83739     2.61533e-05         6.83739         459.584        -20.0567        -107.239         76.4391         0.99566         0.99565         0.99565         0.99565 
        0.35819                1         6.98985     2.83331e-05         6.98985         484.625        -20.9639        -114.589         81.6818        0.995661         0.99565         0.99565         0.99565 
       0.366612                1         7.14518     2.97987e-05         7.14518         510.289        -21.9088        -122.416         87.2648        0.995661         0.99565         0.99565         0.99565 
       0.375232                1         7.30339     3.07555e-05         7.30339         536.469        -22.8927        -130.748         93.2076        0.995661         0.99565         0.99565         0.99565 
       0.384055                1         7.46447     3.16899e-05         7.46447         563.065        -23.9167        -139.611         99.5303        0.995661         0.99565         0.99565         0.99565 
       0.393086                1         7.62841     3.28428e-05         7.62841         589.943        -24.9822        -149.036         106.254        0.995662         0.99565         0.99565         0.99565 
       0.402328                1         7.79522      3.4253e-05         7.79522         616.904        -26.0902        -159.054           113.4        0.995662         0.99565         0.99565         0.99565 
       0.411788                1         7.96488     3.59118e-05         7.96488         643.763        -27.2419        -169.694         120.992        0.995662         0.99565         0.99565         0.99565 
       0.421471                1         8.13737     3.78306e-05         8.13737         670.341        -28.4385         -180.99         129.051        0.995663         0.99565         0.99565         0.99565 
       0.431381                1         8.31265     3.99932e-05         8.31265         696.354         -29.681        -192.974         137.601        0.995663         0.99565         0.99565         0.99565 
       0.441524                1         8.49071     4.22085e-05         8.49071         721.505        -30.9706         -205.68         146.667        0.995663         0.99565         0.99565         0.99565 
       0.451906                1          8.6715     4.40204e-05          8.6715         745.534        -32.3082        -219.142         156.273        0.995663         0.99565         0.99565         0.99565 
       0.462532                1         8.85497     4.51087e-05         8.85497          768.11        -33.6948        -233.395         166.443        0.995663         0.99565         0.99565         0.99565 
       0.473407                1         9.04106     4.62604e-05         9.04106         788.795        -35.1312        -248.474         177.203        0.995663         0.99565         0.99565         0.99565 
       0.484539                1         9.22971     4.90252e-05         9.22971         807.205        -36.6183        -264.414         188.578        0.995663         0.99565         0.99565         0.99565 
       0.495932                1         9.42086     5.24273e-05         9.42086          822.98        -38.1568        -281.249         200.593        0.995663         0.99565         0.99565         0.99565 
       0.507593                1          9.6144     5.35928e-05          9.6144          835.61        -39.7472        -299.015         213.272        0.995663         0.99565         0.99565         0.99565 
       0.519528                1         9.81027     5.55714e-05         9.81027         844.604        -41.3901        -317.745          226.64        0.995663         0.99565         0.99565         0.99565 
       0.531744                1         10.0084     5.95079e-05         10.0084         849.549        -43.0858        -337.474          240.72        0.995663         0.99565         0.99565         0.99565 
       0.544247                1         10.2086     6.05425e-05         10.2086         849.978        -44.8347        -358.233         255.537        0.995663         0.99565         0.99565         0.99565 
       0.557044                1         10.4107     6.44606e-05         10.4107         845.361        -46.6367        -380.054         271.113        0.995662         0.99565         0.99565         0.99565 
       0.570142                1         10.6148     6.62346e-05         10.6148         835.261        -48.4919        -402.965         287.467        0.995662         0.99565         0.99565         0.99565 
       0.583547                1         10.8206     7.01377e-05         10.8206         819.309        -50.3999        -426.995         304.621        0.995662         0.99565         0.99565         0.99565 
       0.597269                1         11.0279     7.19953e-05         11.0279         797.154        -52.3606        -452.168         322.591        0.995661         0.99565         0.99565         0.99565 
       0.611312                1         11.2367     7.62892e-05         11.2367         768.512        -54.3731        -478.507         341.395         0.99566         0.99565         0.99565         0.99565 
       0.625686                1         11.4468      7.8729e-05         11.4468         733.182        -56.4369        -506.032         361.046         0.99566         0.99565         0.99565         0.99565 
       0.640398                1         11.6579     8.18734e-05         11.6579         691.181         -58.551        -534.759         381.556        0.995659         0.99565         0.99565         0.99565 
       0.655456                1           11.87     8.66237e-05           11.87         642.705        -60.7141        -564.701         402.934        0.995658         0.99565         0.99565         0.99565 
       0.670868                1         12.0828     8.90523e-05         12.0828         587.968        -62.9251        -595.867         425.188        0.995657         0.99565         0.99565         0.99565 
       0.686642                1         12.2961     9.22692e-05         12.2961         527.442        -65.1822        -628.262         448.319        0.995656         0.99565         0.99565         0.99565 
       0.702787                1         12.5098     9.73298e-05         12.5098         462.294        -67.4839        -661.885          472.33        0.995655         0.99565         0.99565         0.99565 
       0.719312                1         12.7236     0.000101801         12.7236           393.7        -69.8282        -696.734         497.216        0.995654         0.99565         0.99565         0.99565 
       0.736226                1         12.9373     0.000105212         12.9373         322.809        -72.2129        -732.798         522.971        0.995654         0.99565         0.99565         0.99565 
       0.753537                1         13.1508     0.000108644         13.1508         252.039        -74.6357        -770.064         549.586        0.995653         0.99565         0.99565         0.99565 
       0.771255                1         13.3637     0.000112691         13.3637         184.486        -77.0942        -808.512         577.048        0.995652         0.99565         0.99565         0.99565 
       0.789389                1         13.5761     0.000117252         13.5761         122.851        -79.5857         -848.12         605.338        0.995651         0.99565         0.99565         0.99565 
        0.80795                1         13.7875     0.000122056         13.7875           69.63        -82.1075        -888.857         634.436         0.99565         0.99565         0.99565         0.99565 
       0.826948                1         13.9978     0.000126936         13.9978           27.35        -84.6564        -930.688         664.318         0.99565         0.99565         0.99565         0.99565 
       0.846392                1         14.2067     0.000131839         14.2067         -1.7912        -87.2296        -973.576         694.956         0.99565         0.99565         0.99565         0.99565 
       0.866294                1          14.414       0.0001368          14.414        -17.6117        -89.8239        -1017.48         726.318        0.995649         0.99565         0.99565         0.99565 
       0.886663                1         14.6196     0.000141957         14.6196        -35.1242        -92.4359        -1062.34          758.37        0.995649         0.99565         0.99565         0.99565 
       0.907511                1         14.8235     0.000147549         14.8234        -75.3821        -95.0624        -1108.11         791.074        0.995649         0.99565         0.99565         0.99565 
        0.92885                1         15.0254     0.000153761         15.0256        -156.501           -97.7        -1154.74         824.389        0.995648         0.99565         0.99565         0.99565 
        0.95069                1         15.2265     0.000160297         15.2257        -282.389        -100.345        -1202.16         858.273        0.995647         0.99565         0.99565         0.99565 
       0.973044                1         15.4201     0.000166218          15.423        -436.896        -102.995         -1250.3          892.68        0.995645         0.99565         0.99565         0.99565 
       0.995923                1          15.627      0.00017113         15.6166        -603.968        -105.645        -1299.11         927.561        0.995643         0.99565         0.99565         0.99565 
        1.01934                1         15.6541     0.000176727         15.6502         -633.55        -108.293        -1348.51         962.868        0.995643         0.99565         0.99565         0.99565 
        1.04331                1         15.6492     0.000184368         15.6502         -633.55        -110.935        -1398.44         998.549        0.995643         0.99565         0.99565         0.99565 
        1.06784                1         15.6504     0.000191162         15.6502         -633.55        -113.568        -1448.81         1034.55        0.995643         0.99565         0.99565         0.99565 
        1.09295                1         15.6501     0.000196276         15.6502         -633.55        -116.189        -1499.55         1070.83        0.995643         0.99565         0.99565         0.99565 
        1.11865                1         15.6502     0.000204264         15.6502         -633.55        -118.794         -1550.6         1107.32        0.995643         0.99565         0.99565         0.99565 
        1.14495                1         15.6502      0.00021145         15.6502         -633.55        -121.381        -1601.87         1143.97        0.995643         0.99565         0.99565         0.99565 
        1.17187                1         15.6502     0.000217381         15.6502         -633.55        -123.947        -1653.29         1180.73        0.995643         0.99565         0.99565         0.99565 
        1.19943                1         15.6502     0.000226475         15.6502         -633.55        -126.489        -1704.78         1217.55        0.995643         0.99565         0.99565         0.99565 
        1.22763                1         15.6502     0.000232259         15.6502         -633.55        -129.004        -1756.28         1254.37        0.995643         0.99565         0.99565         0.99565 
        1.25649                1         15.6502     0.000241588         15.6502         -633.55         -131.49        -1807.72         1291.15        0.995643         0.99565         0.99565         0.99565 
        1.28604                1         15.6502     0.000247996         15.6502         -633.55        -133.944        -1859.01         1327.83        0.995643         0.99565         0.99565         0.99565 
        1.31628                1         15.6502     0.000257563         15.6502         -633.55        -136.366         -1910.1         1364.37        0.995643         0.99565         0.99565         0.99565 
        1.34723                1         15.6502     0.000264254         15.6502         -633.55        -138.752        -1960.92         1400.72        0.995643         0.99565         0.99565         0.99565 
        1.37891                1         15.6502     0.000274424         15.6502         -633.55          -141.1        -2011.41         1436.83        0.995643         0.99565         0.99565         0.99565 
        1.41133                1         15.6502     0.000281341         15.6502         -633.55         -143.41        -2061.51         1472.67        0.995643         0.99565         0.99565         0.99565 
        1.44451                1         15.6502     0.000291649         15.6502         -633.55        -145.679        -2111.16         1508.18        0.995643         0.99565         0.99565         0.99565 
        1.47848                1         15.6502     0.000299953         15.6502         -633.55        -147.906        -2160.31         1543.34        0.995643         0.99565         0.99565         0.99565 
        1.51324                1         15.6502     0.000308842         15.6502         -633.55        -150.091         -2208.9          1578.1        0.995643         0.99565         0.99565         0.99565 
        1.54882                1         15.6502     0.000319675         15.6502         -633.55        -152.231         -2256.9         1612.44        0.995643         0.99565         0.99565         0.99565 
        1.58524                1         15.6502     0.000327731         15.6502         -633.55        -154.327        -2304.25         1646.33        0.995643         0.99565         0.99565         0.99565 
        1.62252                1         15.6502     0.000338207         15.6502         -633.55        -156.377        -2350.92         1679.72        0.995643         0.99565         0.99565         0.99565 
        1.66067                1         15.6502     0.000349251         15.6502         -633.55        -158.382        -2396.87          1712.6        0.995643         0.99565         0.99565         0.99565 
        1.69971                1         15.6502     0.000358044         15.6502         -633.55        -160.339        -2442.07         1744.95        0.995643         0.99565         0.99565         0.99565 
        1.73968                1         15.6502     0.000368819         15.6502         -633.55         -162.25        -2486.49         1776.74        0.995643         0.99565         0.99565         0.99565 
        1.78058                1         15.6502     0.000380888         15.6502         -633.55        -164.113        -2530.09         1807.95        0.995643         0.99565         0.99565         0.99565 
        1.82245                1         15.6502     0.000391018         15.6502         -633.55         -165.93        -2572.87         1838.56        0.995643         0.99565         0.99565         0.99565 
         1.8653                1         15.6502     0.000401269         15.6502         -633.55        -167.699        -2614.79         1868.57        0.995643         0.99565         0.99565         0.99565 
        1.90916                1         15.6502     0.000413717         15.6502         -633.55        -169.421        -2655.85         1897.96        0.995643         0.99565         0.99565         0.99565 
        1.95405                1         15.6502      0.00042629         15.6502         -633.55        -171.097        -2696.01         1926.72        0.995643         0.99565         0.99565         0.99565 
              2                1         15.6502     0.000426352         15.6502         -633.55        -171.105        -2696.21         1926.86        0.995643         0.99565         0.99565         0.99565 
