#  k  (h/Mpc)          P(k)  (Mpc/h)^3     P_linear(k) (Mpc/h)^3
     0.00783031         3388.09         3404.57 
       0.013688         4178.67         4186.88 
       0.019231         4210.33         4217.89 
      0.0249154         3850.58         3877.48 
      0.0312784         3331.84         3336.97 
      0.0375637         2834.25         2829.33 
      0.0433917         2447.44         2459.61 
      0.0492413         2201.19         2195.79 
      0.0555754         1980.58         2003.02 
      0.0619321         1875.35         1861.25 
       0.067871         1723.34         1737.82 
      0.0738098         1589.41          1601.5 
      0.0800417         1425.97         1440.84 
      0.0862327          1273.2         1275.18 
      0.0921407         1132.68          1128.1 
      0.0982031          1002.4         1001.99 
       0.104506         920.624         903.714 
       0.110769          853.56         836.581 
       0.116806         801.173         792.232 
       0.122832         769.627         757.354 
       0.129052         725.172         721.256 
       0.135211         685.395         679.272 
       0.141259         643.808         631.081 
       0.147318         597.048          579.16 
       0.153489         543.067         527.864 
       0.159709         501.505         482.756 
       0.165845          473.68         447.423 
       0.171974         441.696         421.279 
       0.178125         424.109          402.17 
       0.184229         410.019         387.122 
        0.19034         387.689         372.789 
       0.196428         378.076         356.978 
       0.202534          363.54         338.747 
       0.208729         341.883          318.41 
       0.214876         320.012         297.907 
       0.220989         305.435         278.867 
       0.227147          286.39         262.291 
        0.23329         273.354         248.827 
       0.239377         265.269         238.218 
       0.245482         250.326         229.495 
       0.251667         246.902         221.582 
       0.257832         239.549         213.692 
       0.263955         230.157         205.321 
       0.270079         221.432         196.339 
        0.27624         215.628         186.983 
       0.282372         206.246         177.861 
        0.28843         197.705         169.494 
       0.294538         189.698         162.021 
       0.300721         185.542         155.507 
        0.30691         177.009         149.892 
       0.313033         172.813         144.943 
       0.319153         165.419          140.28 
       0.325316         162.449         135.616 
        0.33145         156.716         130.876 
       0.337538         153.585         126.079 
       0.343633         148.161         121.291 
       0.349808         143.675         116.603 
       0.355968         140.114         112.228 
       0.362074         135.625         108.259 
       0.368217         132.147         104.649 
       0.374374         128.407          101.35 
       0.380519          125.47         98.2839 
       0.386598         122.344         95.3832 
       0.392688         120.006         92.5291 
        0.39888         117.013         89.6527 
       0.405048         114.205         86.8167 
       0.411186         111.676         84.0502 
       0.417313         108.475         81.3928 
       0.423458         106.097         78.8666 
       0.429607         103.446         76.4914 
       0.435692           99.98          74.295 
       0.441815         99.0912         72.2178 
       0.447964         97.5012         70.2324 
       0.454126         93.3588          68.317 
       0.460267         92.2457          66.463 
       0.466387         90.2799         64.6549 
        0.47254         88.8367         62.8765 
       0.478662         87.5877         61.1582 
       0.484765          84.974          59.507 
       0.490885         83.3967         57.9189 
       0.497035         82.4458         56.3939 
       0.503198         80.1909         54.9387 
       0.509342         78.2895          53.554 
       0.515458         77.1457         52.2293 
       0.521598         76.0803         50.9427 
       0.527764         74.7362         49.6884 
       0.533884         73.5633         48.4793 
           0.54         72.0945         47.3057 
       0.546137         71.2738         46.1621 
       0.552299         70.2705         45.0497 
       0.558452         68.2811         43.9773 
       0.564573          67.133         42.9498 
       0.570708          66.414         41.9588 
       0.576825         65.0632         41.0061 
       0.582926          63.869         40.0871 
       0.589034         62.5114         39.1946 
       0.595184         61.7586         38.3217 
       0.601379         60.9154         37.4678 
       0.607522         59.5464         36.6459 
       0.613639         59.2841         35.8518 
       0.619772          57.802         35.0794 
       0.625918         57.5255         34.3286 
       0.632068         56.6459            33.6 
       0.638161         55.7626         32.8995 
         0.6443         54.8719         32.2146 
       0.650464         54.1065         31.5474 
       0.656582         53.5232         30.9045 
       0.662703         52.5383         30.2797 
       0.668861         51.8178         29.6689 
       0.675024         51.1042         29.0745 
       0.681124         50.2271         28.5024 
       0.687237         49.4728         27.9444 
       0.693381         49.1008         27.3986 
       0.699536           48.08         26.8665 
       0.705665         48.2015         26.3508 
       0.711789         47.0119         25.8492 
       0.717957         46.5404         25.3575 
        0.72409         45.8904         24.8814 
       0.730186         45.2222         24.4207 
       0.736317         44.9751         23.9694 
       0.742472         44.1806         23.5279 
       0.748622         43.8291         23.0982 
        0.75476         43.2671         22.6802 
       0.760888         42.6029         22.2733 
       0.767043         42.1885         21.8749 
       0.773185         41.5597          21.487 
       0.779291         41.4319         21.1109 
       0.785407         40.9064         20.7433 
       0.791564         40.2372         20.3822 
       0.797719         39.5161           20.03 
       0.803834         39.4504         19.6883 
       0.809972         38.9356         19.3535 
       0.816124         38.2446         19.0258 
       0.822261         38.0073         18.7067 
       0.828378         37.6582         18.3958 
       0.834502         37.2835         18.0919 
       0.840667         36.8843         17.7929 
       0.846816         36.3272         17.5015 
       0.852925         35.9973         17.2186 
       0.859047         35.5807         16.9413 
       0.865192         35.3151         16.6694 
       0.871341         35.1446         16.4032 
       0.877463          34.398         16.1441 
       0.883569         34.1193         15.8914 
       0.889708         33.8207         15.6427 
       0.895864         33.5214         15.3988 
       0.902008         33.2332         15.1607 
       0.908149         32.9187         14.9278 
       0.914301         32.8213         14.6994 
       0.920448         32.2173          14.476 
       0.926574         31.9697         14.2581 
       0.932687         31.6674         14.0452 
       0.938823         31.2786         13.8359 
       0.944975         31.0715         13.6304 
       0.951105         30.7763         13.4299 
       0.957225         30.4299         13.2338 
       0.963368         30.2965         13.0409 
       0.969511         29.9757         12.8519 
       0.975621         29.7727         12.6677 
       0.981748         29.3672         12.4866 
       0.987916         29.2608          12.308 
        0.99406         28.8895         12.1336 
        1.00019         28.5686         11.9629 
        1.00632         28.4296         11.7956 
        1.01246         28.2286         11.6314 
        1.01859         27.8512         11.4705 
        1.02471         27.7925          11.313 
        1.03085         27.5151         11.1578 
        1.03698         27.1231         11.0059 
        1.04314         26.9512         10.8562 
        1.04929         26.6993         10.7097 
        1.05541         26.4585         10.5665 
        1.06154         26.3209         10.4256 
        1.06769         26.1285          10.287 
        1.07382          25.853         10.1514 
        1.07993         25.7487         10.0186 
        1.08607         25.4434         9.88761 
        1.09222         25.3051         9.75886 
        1.09836         25.0407         9.63255 
        1.10449         24.8758         9.50864 
        1.11063          24.607         9.38679 
        1.11677         24.5079         9.26713 
         1.1229         24.3955         9.14977 
        1.12903         24.0406         9.03435 
        1.13518         23.8325         8.92084 
        1.14131         23.7926         8.80936 
        1.14745         23.5937         8.69985 
        1.15359         23.4919         8.59219 
        1.15973         23.1857         8.48633 
        1.16584         22.9372         8.38273 
        1.17197         22.9526         8.28072 
        1.17811         22.6816          8.1801 
        1.18424         22.5073         8.08146 
        1.19038         22.4214         7.98417 
        1.19652         22.2533         7.88852 
        1.20267          22.075         7.79445 
        1.20881         21.9921         7.70193 
        1.21495         21.8219         7.61107 
        1.22108          21.638          7.5217 
         1.2272         21.4263         7.43397 
        1.23334         21.3314         7.34746 
        1.23949         21.1005         7.26212 
        1.24562         21.0474         7.17838 
        1.25174         20.9135         7.09609 
        1.25789         20.7798         7.01485 
        1.26402         20.6741         6.93503 
        1.27014         20.4894         6.85666 
        1.27628         20.2709         6.77927 
        1.28244         20.2369         6.70293 
        1.28858         20.1432         6.62788 
        1.29471         19.9354         6.55415 
        1.30084         19.8112         6.48161 
        1.30697         19.7103         6.41007 
        1.31312         19.5163         6.33951 
        1.31925         19.3995         6.27024 
        1.32537         19.3869         6.20208 
        1.33151         19.2129         6.13469 
        1.33765         19.1121         6.06835 
        1.34378         19.0004         6.00312 
        1.34992         18.7935         5.93881 
        1.35606         18.7692          5.8753 
         1.3622         18.6485         5.81284 
        1.36833         18.5002         5.75143 
        1.37445         18.4541         5.69095 
        1.38059         18.3517         5.63116 
        1.38675          18.143         5.57208 
        1.39288         18.1244         5.51409 
        1.39901         17.9578         5.45696 
        1.40515         17.9148         5.40051 
         1.4113         17.7908         5.34488 
        1.41742         17.6651         5.29025 
        1.42355           17.61         5.23629 
         1.4297         17.5272         5.18292 
        1.43585         17.4562         5.13032 
        1.44198         17.3165         5.07865 
        1.44809         17.2393         5.02779 
        1.45423         17.1718         4.97745 
        1.46036         17.0785         4.92789 
        1.46649         16.9991         4.87898 
        1.47263         16.8751         4.83071 
        1.47877         16.7934         4.78311 
        1.48491         16.7072         4.73608 
        1.49104         16.6858         4.68978 
        1.49718         16.5364         4.64407 
        1.50333         16.5028          4.5989 
        1.50947         16.4081         4.55442 
         1.5156         16.3182          4.5106 
        1.52172         16.2492         4.46735 
        1.52787         16.1654         4.42459 
          1.534         16.0912         4.38244 
        1.54013         16.0242         4.34088 
        1.54627         15.9421         4.29979 
        1.55241         15.8889         4.25922 
        1.55855         15.7864         4.21924 
        1.56467         15.7502         4.17988 
         1.5708         15.6947         4.14092 
        1.57695         15.5806         4.10239 
        1.58308         15.5671         4.06445 
        1.58922         15.4834         4.02696 
        1.59535         15.4368         3.98995 
         1.6015         15.3384         3.95337 
        1.60764         15.2661         3.91726 
        1.61376         15.2463          3.8817 
        1.61989          15.162         3.84656 
        1.62604         15.1796         3.81178 
        1.63218         15.0873         3.77745 
        1.63831         15.0418         3.74362 
        1.64444         14.9543          3.7102 
        1.65059         14.9215          3.6771 
        1.65673         14.8812         3.64445 
        1.66285         14.8025         3.61229 
        1.66898         14.7607          3.5805 
        1.67512         14.7357         3.54903 
        1.68127         14.6742         3.51792 
         1.6874         14.6481         3.48725 
        1.69353         14.5947         3.45696 
        1.69967          14.532         3.42696 
        1.70581         14.5248         3.39733 
        1.71193         14.4367         3.36817 
        1.71806         14.4281         3.33928 
        1.72421         14.3505         3.31068 
        1.73035         14.3475         3.28244 
        1.73649         14.3215         3.25454 
        1.74262         14.3045         3.22699 
        1.74876           14.26         3.19974 
        1.75489         14.2263         3.17286 
        1.76101         14.1812          3.1463 
        1.76715         14.1808         3.12001 
        1.77329         14.1198         3.09399 
        1.77943         14.0412         3.06825 
        1.78557         14.0804         3.04284 
        1.79171         14.0492         3.01772 
        1.79785         14.0035         2.99288 
        1.80399         13.9753         2.96832 
        1.81012         13.9543         2.94408 
        1.81625         13.9343         2.92011 
        1.82239         13.8939         2.89638 
        1.82853         13.8724         2.87292 
        1.83466         13.8779         2.84975 
        1.84078         13.8112         2.82686 
        1.84692         13.8138         2.80418 
        1.85306         13.7941         2.78172 
         1.8592         13.7848         2.75955 
        1.86533         13.7795         2.73763 
        1.87147         13.7602         2.71592 
        1.87761         13.7446         2.69444 
        1.88375         13.7235         2.67322 
        1.88988         13.7113         2.65225 
        1.89601         13.7177         2.63149 
        1.90215         13.6777         2.61094 
        1.90829          13.665         2.59062 
        1.91442         13.6557         2.57051 
        1.92056         13.6546         2.55064 
         1.9267         13.6521         2.53095 
        1.93284         13.6529         2.51146 
        1.93897         13.6101         2.49221 
        1.94509         13.6238         2.47321 
        1.95123         13.6096         2.45436 
        1.95737          13.623         2.43569 
        1.96349         13.6033         2.41726 
        1.96964         13.5967         2.39897 
        1.97578         13.6056         2.38086 
        1.98192         13.5919         2.36298 
        1.98805         13.6124         2.34528 
        1.99419          13.574         2.32776 
        2.00033         13.6195         2.31041 
        2.00647         13.6058         2.29324 
         2.0126         13.5629         2.27627 
        2.01874         13.6051         2.25946 
        2.02488         13.6065         2.24279 
        2.03101          13.611         2.22633 
        2.03714         13.6028         2.21005 
        2.04328         13.6289         2.19391 
        2.04941         13.6041         2.17795 
        2.05554         13.6122         2.16216 
        2.06167         13.6054          2.1465 
        2.06781         13.6387           2.131 
        2.07396         13.6247         2.11563 
        2.08009         13.6464         2.10043 
        2.08622         13.6506         2.08541 
        2.09237         13.6785          2.0705 
        2.09851         13.6818         2.05573 
        2.10464         13.6679         2.04113 
        2.11077         13.6559          2.0267 
        2.11691         13.6652         2.01237 
        2.12305         13.6995         1.99818 
        2.12918         13.7305         1.98416 
        2.13531         13.7286         1.97027 
        2.14145         13.7416         1.95648 
         2.1476         13.7303         1.94281 
        2.15372         13.7694         1.92934 
        2.15985         13.7489         1.91598 
        2.16599         13.7591         1.90271 
        2.17213         13.7834         1.88959 
        2.17827         13.8113         1.87658 
         2.1844         13.8279         1.86372 
        2.19054         13.7934         1.85097 
        2.19666         13.8345         1.83835 
         2.2028         13.8408         1.82584 
        2.20893         13.8312         1.81345 
        2.21508         13.8796         1.80115 
        2.22122         13.8745         1.78897 
        2.22736         13.8774         1.77692 
        2.23349         13.9327         1.76499 
        2.23962         13.8994         1.75316 
        2.24577         13.9186         1.74143 
         2.2519         13.9651         1.72982 
        2.25802         13.9637         1.71834 
        2.26417         13.9459         1.70693 
        2.27031         13.9675         1.69561 
        2.27644         13.9777         1.68443 
        2.28257         14.0068         1.67335 
        2.28872         13.9886         1.66235 
        2.29486         14.0084         1.65145 
        2.30099         14.0378         1.64067 
        2.30712          14.079         1.62998 
        2.31326          14.046         1.61937 
         2.3194         14.0612         1.60886 
        2.32553         14.0863         1.59847 
        2.33166         14.1086         1.58816 
         2.3378         14.0865         1.57794 
        2.34394         14.1292          1.5678 
        2.35007         14.1083         1.55777 
        2.35619         14.1036         1.54783 
        2.36233         14.1407         1.53796 
        2.36848         14.1596         1.52816 
        2.37462         14.1555         1.51846 
        2.38075         14.1405         1.50885 
        2.38689         14.2093         1.49932 
        2.39303         14.1942         1.48987 
        2.39916         14.1916         1.48052 
        2.40529          14.205         1.47124 
        2.41143         14.2094         1.46204 
        2.41757         14.2075         1.45291 
         2.4237         14.2219         1.44388 
        2.42983         14.1857         1.43493 
        2.43598         14.2124         1.42602 
        2.44211          14.242         1.41721 
        2.44823         14.1887         1.40849 
        2.45437         14.2244         1.39982 
        2.46052         14.2389         1.39122 
        2.46665         14.2517         1.38271 
        2.47279         14.2234         1.37426 
        2.47892         14.2515         1.36589 
        2.48507         14.2158         1.35757 
         2.4912         14.2456         1.34935 
        2.49733         14.2167         1.34119 
        2.50347         14.2598         1.33309 
        2.50961         14.2594         1.32505 
        2.51575         14.2428         1.31708 
        2.52188         14.2396         1.30919 
        2.52802         14.2275         1.30136 
        2.53416         14.2313         1.29359 
        2.54029         14.2222         1.28589 
        2.54641         14.2278         1.27826 
        2.55255         14.1885         1.27069 
        2.55869         14.2402         1.26316 
        2.56483         14.2074          1.2557 
        2.57096         14.1885         1.24832 
        2.57709         14.2013         1.24099 
        2.58323         14.1703         1.23371 
        2.58937         14.1559         1.22649 
        2.59551          14.178         1.21933 
        2.60164         14.1596         1.21224 
        2.60778          14.153         1.20519 
        2.61392          14.138          1.1982 
        2.62006         14.1042         1.19127 
        2.62619         14.0966          1.1844 
        2.63232         14.1128         1.17758 
        2.63846         14.0899         1.17081 
        2.64459         14.0688         1.16411 
        2.65072          14.054         1.15745 
        2.65686         14.0652         1.15085 
          2.663         14.0465         1.14428 
        2.66915          14.004         1.13777 
        2.67527         13.9938         1.13133 
        2.68141         13.9897         1.12493 
        2.68755         13.9666         1.11857 
        2.69368         13.9467         1.11227 
        2.69981         13.9324         1.10602 
        2.70595         13.8863         1.09981 
        2.71209         13.8914         1.09364 
        2.71823         13.8742         1.08754 
        2.72436         13.8568         1.08148 
         2.7305         13.8432         1.07546 
        2.73663         13.8315         1.06949 
        2.74276         13.7888         1.06357 
         2.7489         13.7592         1.05769 
        2.75504           13.76         1.05185 
        2.76118         13.7382         1.04605 
        2.76732         13.7065          1.0403 
        2.77345         13.6656          1.0346 
        2.77959          13.698         1.02894 
        2.78572         13.6618         1.02332 
        2.79186         13.6153         1.01775 
        2.79798         13.5742         1.01223 
        2.80412         13.5788         1.00673 
        2.81027         13.5513         1.00127 
         2.8164         13.5122        0.995862 
        2.82253         13.4871        0.990495 
        2.82867         13.4818        0.985164 
        2.83481         13.4449        0.979871 
        2.84095         13.4029        0.974617 
        2.84708          13.401        0.969409 
        2.85322         13.3577        0.964232 
        2.85935         13.3524        0.959095 
        2.86549         13.3049        0.953997 
        2.87162         13.2724        0.948937 
        2.87776         13.2455        0.943915 
        2.88389         13.2405        0.938925 
        2.89003         13.1666        0.933975 
        2.89617         13.1546        0.929058 
        2.90231         13.1518        0.924177 
        2.90844         13.0901        0.919333 
        2.91458         13.0931        0.914523 
        2.92071         13.0387        0.909754 
        2.92684         13.0394        0.905013 
        2.93298         13.0124        0.900309 
         2.9391         12.9589        0.895644 
        2.94524         12.9459        0.891006 
        2.95138         12.9307        0.886398 
        2.95752         12.8861        0.881819 
        2.96367         12.8364        0.877272 
         2.9698         12.8365        0.872766 
        2.97594         12.7972        0.868287 
        2.98207         12.7519        0.863841 
        2.98821         12.7408        0.859429 
        2.99434         12.7078        0.855047 
        3.00048         12.6845        0.850694 
        3.00662          12.645         0.84637 
        3.01275         12.6358        0.842082 
        3.01888         12.5997        0.837823 
        3.02503         12.5559        0.833587 
        3.03117         12.5558        0.829382 
        3.03729         12.4893        0.825216 
        3.04342         12.4888        0.821074 
        3.04957         12.4752        0.816952 
         3.0557         12.4083        0.812864 
        3.06183         12.4073        0.808812 
        3.06796          12.365        0.804783 
        3.07411         12.3263        0.800772 
        3.08025         12.3291        0.796796 
        3.08637           12.29        0.792854 
         3.0925         12.2596        0.788933 
        3.09865         12.2467        0.785031 
         3.1048         12.2048        0.781157 
        3.11093         12.2048        0.777316 
        3.11706         12.1407        0.773502 
         3.1232         12.1495        0.769711 
        3.12933         12.1152        0.765944 
        3.13547         12.0616        0.762205 
        3.14159         12.0196        0.758498 
