#           k/h    CDM            baryon         photon         nu             mass_nu        total          no_nu          total_de       Weyl           v_CDM          v_b            v_b-v_c     
   1.0537954E-05   2.6521972E+06   2.6521972E+06   3.5360445E+06   1.2417523E+04   2.6295500E+04   2.6525029E+06   2.6521972E+06   0.0000000E+00   0.0000000E+00   0.0000000E+00   0.0000000E+00   0.0000000E+00
   1.1823779E-05   2.6521966E+06   2.6521966E+06   3.5359871E+06   1.2417398E+04   2.6295086E+04   2.6525022E+06   2.6521966E+06   0.0000000E+00   0.0000000E+00   0.0000000E+00   0.0000000E+00   0.0000000E+00
   1.3266498E-05   2.6521958E+06   2.6521958E+06   3.5359149E+06   1.2417242E+04   2.6294566E+04   2.6525013E+06   2.6521958E+06   0.0000000E+00   0.0000000E+00   0.0000000E+00   0.0000000E+00   0.0000000E+00
   1.4885255E-05   2.6521949E+06   2.6521949E+06   3.5358239E+06   1.2417045E+04   2.6293911E+04   2.6525002E+06   2.6521949E+06   0.0000000E+00   0.0000000E+00   0.0000000E+00   0.0000000E+00   0.0000000E+00
   1.6701531E-05   2.6521936E+06   2.6521936E+06   3.5357094E+06   1.2416796E+04   2.6293086E+04   2.6524989E+06   2.6521936E+06   0.0000000E+00   0.0000000E+00   0.0000000E+00   0.0000000E+00   0.0000000E+00
   1.8739426E-05   2.6521921E+06   2.6521921E+06   3.5355653E+06   1.2416484E+04   2.6292048E+04   2.6524972E+06   2.6521921E+06   0.0000000E+00   0.0000000E+00   0.0000000E+00   0.0000000E+00   0.0000000E+00
   2.1025982E-05   2.6521901E+06   2.6521901E+06   3.5353838E+06   1.2416090E+04   2.6290741E+04   2.6524950E+06   2.6521901E+06   0.0000000E+00   0.0000000E+00   0.0000000E+00   0.0000000E+00   0.0000000E+00
   2.3591540E-05   2.6521877E+06   2.6521877E+06   3.5351554E+06   1.2415595E+04   2.6289096E+04   2.6524923E+06   2.6521877E+06   0.0000000E+00   0.0000000E+00   0.0000000E+00   0.0000000E+00   0.0000000E+00
   2.6470143E-05   2.6521846E+06   2.6521846E+06   3.5348678E+06   1.2414971E+04   2.6287025E+04   2.6524888E+06   2.6521846E+06   0.0000000E+00   0.0000000E+00   0.0000000E+00   0.0000000E+00   0.0000000E+00
   2.9699989E-05   2.6521807E+06   2.6521807E+06   3.5345058E+06   1.2414186E+04   2.6284418E+04   2.6524845E+06   2.6521807E+06   0.0000000E+00   0.0000000E+00   0.0000000E+00   0.0000000E+00   0.0000000E+00
   3.3323936E-05   2.6521758E+06   2.6521758E+06   3.5340502E+06   1.2413198E+04   2.6281137E+04   2.6524791E+06   2.6521758E+06   0.0000000E+00   0.0000000E+00   0.0000000E+00   0.0000000E+00   0.0000000E+00
   3.7390071E-05   2.6521696E+06   2.6521696E+06   3.5334766E+06   1.2411953E+04   2.6277008E+04   2.6524722E+06   2.6521696E+06   0.0000000E+00   0.0000000E+00   0.0000000E+00   0.0000000E+00   0.0000000E+00
   4.1952349E-05   2.6521618E+06   2.6521618E+06   3.5327546E+06   1.2410387E+04   2.6271811E+04   2.6524636E+06   2.6521618E+06   0.0000000E+00   0.0000000E+00   0.0000000E+00   0.0000000E+00   0.0000000E+00
   4.7071310E-05   2.6521520E+06   2.6521520E+06   3.5318460E+06   1.2408416E+04   2.6265271E+04   2.6524527E+06   2.6521520E+06   0.0000000E+00   0.0000000E+00   0.0000000E+00   0.0000000E+00   0.0000000E+00
   5.2814879E-05   2.6521397E+06   2.6521397E+06   3.5307023E+06   1.2405935E+04   2.6257041E+04   2.6524390E+06   2.6521397E+06   0.0000000E+00   0.0000000E+00   0.0000000E+00   0.0000000E+00   0.0000000E+00
   5.9259269E-05   2.6521242E+06   2.6521242E+06   3.5292630E+06   1.2402812E+04   2.6246688E+04   2.6524218E+06   2.6521242E+06   0.0000000E+00   0.0000000E+00   0.0000000E+00   0.0000000E+00   0.0000000E+00
   6.6489993E-05   2.6521047E+06   2.6521047E+06   3.5274518E+06   1.2398882E+04   2.6233664E+04   2.6524002E+06   2.6521047E+06   0.0000000E+00   0.0000000E+00   0.0000000E+00   0.0000000E+00   0.0000000E+00
   7.4602999E-05   2.6520801E+06   2.6520801E+06   3.5251729E+06   1.2393936E+04   2.6217284E+04   2.6523729E+06   2.6520801E+06   0.0000000E+00   0.0000000E+00   0.0000000E+00   0.0000000E+00   0.0000000E+00
   8.3705942E-05   2.6520492E+06   2.6520492E+06   3.5223058E+06   1.2387713E+04   2.6196689E+04   2.6523386E+06   2.6520492E+06   0.0000000E+00   0.0000000E+00   0.0000000E+00   0.0000000E+00   0.0000000E+00
   9.3919611E-05   2.6520103E+06   2.6520103E+06   3.5186995E+06   1.2379883E+04   2.6170802E+04   2.6522954E+06   2.6520103E+06   0.0000000E+00   0.0000000E+00   0.0000000E+00   0.0000000E+00   0.0000000E+00
   1.0537954E-04   2.6519613E+06   2.6519613E+06   3.5141643E+06   1.2370034E+04   2.6138278E+04   2.6522410E+06   2.6519613E+06   0.0000000E+00   0.0000000E+00   0.0000000E+00   0.0000000E+00   0.0000000E+00
   1.1823779E-04   2.6518997E+06   2.6518997E+06   3.5084625E+06   1.2357646E+04   2.6097435E+04   2.6521726E+06   2.6518997E+06   0.0000000E+00   0.0000000E+00   0.0000000E+00   0.0000000E+00   0.0000000E+00
   1.3266498E-04   2.6518221E+06   2.6518221E+06   3.5012967E+06   1.2342070E+04   2.6046180E+04   2.6520865E+06   2.6518221E+06   0.0000000E+00   0.0000000E+00   0.0000000E+00   0.0000000E+00   0.0000000E+00
   1.4885255E-04   2.6517245E+06   2.6517245E+06   3.4922947E+06   1.2322491E+04   2.5981911E+04   2.6519782E+06   2.6517245E+06   0.0000000E+00   0.0000000E+00   0.0000000E+00   0.0000000E+00   0.0000000E+00
   1.6701531E-04   2.6516017E+06   2.6516017E+06   3.4809926E+06   1.2297892E+04   2.5901408E+04   2.6518420E+06   2.6516017E+06   0.0000000E+00   0.0000000E+00   0.0000000E+00   0.0000000E+00   0.0000000E+00
   1.8739426E-04   2.6514472E+06   2.6514472E+06   3.4668124E+06   1.2266998E+04   2.5800702E+04   2.6516706E+06   2.6514472E+06   0.0000000E+00   0.0000000E+00   0.0000000E+00   0.0000000E+00   0.0000000E+00
   2.1025982E-04   2.6512530E+06   2.6512530E+06   3.4490370E+06   1.2228227E+04   2.5674933E+04   2.6514552E+06   2.6512530E+06   0.0000000E+00   0.0000000E+00   0.0000000E+00   0.0000000E+00   0.0000000E+00
   2.3591540E-04   2.6510088E+06   2.6510088E+06   3.4267796E+06   1.2179606E+04   2.5518191E+04   2.6511843E+06   2.6510088E+06   0.0000000E+00   0.0000000E+00   0.0000000E+00   0.0000000E+00   0.0000000E+00
   2.6470143E-04   2.6507020E+06   2.6507020E+06   3.3989495E+06   1.2118697E+04   2.5323369E+04   2.6508440E+06   2.6507020E+06   0.0000000E+00   0.0000000E+00   0.0000000E+00   0.0000000E+00   0.0000000E+00
   2.9699989E-04   2.6503165E+06   2.6503165E+06   3.3642127E+06   1.2042490E+04   2.5082028E+04   2.6504167E+06   2.6503165E+06   0.0000000E+00   0.0000000E+00   0.0000000E+00   0.0000000E+00   0.0000000E+00
   3.3323936E-04   2.6498325E+06   2.6498325E+06   3.3209522E+06   1.1947297E+04   2.4784339E+04   2.6498803E+06   2.6498325E+06   0.0000000E+00   0.0000000E+00   0.0000000E+00   0.0000000E+00   0.0000000E+00
   3.7390071E-04   2.6492253E+06   2.6492253E+06   3.2672282E+06   1.1828627E+04   2.4419140E+04   2.6492077E+06   2.6492253E+06   0.0000000E+00   0.0000000E+00   0.0000000E+00   0.0000000E+00   0.0000000E+00
   4.1952349E-04   2.6484642E+06   2.6484642E+06   3.2007475E+06   1.1681068E+04   2.3974230E+04   2.6483649E+06   2.6484642E+06   0.0000000E+00   0.0000000E+00   0.0000000E+00   0.0000000E+00   0.0000000E+00
   4.7071310E-04   2.6475111E+06   2.6475111E+06   3.1188513E+06   1.1498177E+04   2.3437030E+04   2.6473104E+06   2.6475111E+06   0.0000000E+00   0.0000000E+00   0.0000000E+00   0.0000000E+00   0.0000000E+00
   5.2814879E-04   2.6463194E+06   2.6463194E+06   3.0185401E+06   1.1272411E+04   2.2795826E+04   2.6459929E+06   2.6463194E+06   0.0000000E+00   0.0000000E+00   0.0000000E+00   0.0000000E+00   0.0000000E+00
   5.9259269E-04   2.6448317E+06   2.6448317E+06   2.8965603E+06   1.0995144E+04   2.2041855E+04   2.6443499E+06   2.6448317E+06   0.0000000E+00   0.0000000E+00   0.0000000E+00   0.0000000E+00   0.0000000E+00
   6.6489993E-04   2.6429786E+06   2.6429786E+06   2.7495917E+06   1.0656823E+04   2.1172538E+04   2.6423058E+06   2.6429786E+06   0.0000000E+00   0.0000000E+00   0.0000000E+00   0.0000000E+00   0.0000000E+00
   7.4602999E-04   2.6406761E+06   2.6406761E+06   2.5745824E+06   1.0247362E+04   2.0196103E+04   2.6397703E+06   2.6406761E+06   0.0000000E+00   0.0000000E+00   0.0000000E+00   0.0000000E+00   0.0000000E+00
   8.3705942E-04   2.6378243E+06   2.6378243E+06   2.3692887E+06   9.7568976E+03   1.9137618E+04   2.6366363E+06   2.6378243E+06   0.0000000E+00   0.0000000E+00   0.0000000E+00   0.0000000E+00   0.0000000E+00
   9.3919611E-04   2.6343059E+06   2.6343059E+06   2.1330712E+06   9.1770413E+03   1.8045790E+04   2.6327795E+06   2.6343059E+06   0.0000000E+00   0.0000000E+00   0.0000000E+00   0.0000000E+00   0.0000000E+00
   1.0537954E-03   2.6299852E+06   2.6299852E+06   1.8679637E+06   8.5027717E+03   1.6998667E+04   2.6280582E+06   2.6299852E+06   0.0000000E+00   0.0000000E+00   0.0000000E+00   0.0000000E+00   0.0000000E+00
   1.1823779E-03   2.6247086E+06   2.6247086E+06   1.5799372E+06   7.7350374E+03   1.6104203E+04   2.6223150E+06   2.6247086E+06   0.0000000E+00   0.0000000E+00   0.0000000E+00   0.0000000E+00   0.0000000E+00
   1.3266498E-03   2.6183063E+06   2.6183063E+06   1.2801000E+06   6.8839303E+03   1.5488810E+04   2.6153802E+06   2.6183063E+06   0.0000000E+00   0.0000000E+00   0.0000000E+00   0.0000000E+00   0.0000000E+00
   1.4885255E-03   2.6105957E+06   2.6105957E+06   9.8527781E+05   5.9718951E+03   1.5264657E+04   2.6070773E+06   2.6105957E+06   0.0000000E+00   0.0000000E+00   0.0000000E+00   0.0000000E+00   0.0000000E+00
   1.6701531E-03   2.6013858E+06   2.6013858E+06   7.1706375E+05   5.0357920E+03   1.5468290E+04   2.5972297E+06   2.6013858E+06   0.0000000E+00   0.0000000E+00   0.0000000E+00   0.0000000E+00   0.0000000E+00
   1.8739426E-03   2.5904811E+06   2.5904811E+06   4.9822425E+05   4.1258537E+03   1.5976241E+04   2.5856660E+06   2.5904811E+06   0.0000000E+00   0.0000000E+00   0.0000000E+00   0.0000000E+00   0.0000000E+00
   2.1025982E-03   2.5776838E+06   2.5776838E+06   3.4580497E+05   3.2991390E+03   1.6436170E+04   2.5722212E+06   2.5776838E+06   0.0000000E+00   0.0000000E+00   0.0000000E+00   0.0000000E+00   0.0000000E+00
   2.3591540E-03   2.5627897E+06   2.5627897E+06   2.6213860E+05   2.6060232E+03   1.6302267E+04   2.5567288E+06   2.5627897E+06   0.0000000E+00   0.0000000E+00   0.0000000E+00   0.0000000E+00   0.0000000E+00
   2.6470143E-03   2.5455790E+06   2.5455790E+06   2.2852471E+05   2.0719412E+03   1.5088522E+04   2.5390023E+06   2.5455790E+06   0.0000000E+00   0.0000000E+00   0.0000000E+00   0.0000000E+00   0.0000000E+00
   2.9699989E-03   2.5258045E+06   2.5258045E+06   2.0974858E+05   1.6832625E+03   1.2842001E+04   2.5188113E+06   2.5258045E+06   0.0000000E+00   0.0000000E+00   0.0000000E+00   0.0000000E+00   0.0000000E+00
   3.3323936E-03   2.5031893E+06   2.5031893E+06   1.7479654E+05   1.3916159E+03   1.0481692E+04   2.4958697E+06   2.5031893E+06   0.0000000E+00   0.0000000E+00   0.0000000E+00   0.0000000E+00   0.0000000E+00
   3.7390071E-03   2.4774409E+06   2.4774409E+06   1.2304833E+05   1.1444534E+03   9.2742002E+03   2.4698524E+06   2.4774409E+06   0.0000000E+00   0.0000000E+00   0.0000000E+00   0.0000000E+00   0.0000000E+00
   4.1952349E-03   2.4482754E+06   2.4482754E+06   8.4099181E+04   9.2281151E+02   9.2832280E+03   2.4404406E+06   2.4482754E+06   0.0000000E+00   0.0000000E+00   0.0000000E+00   0.0000000E+00   0.0000000E+00
   4.7071310E-03   2.4154213E+06   2.4154213E+06   7.3973407E+04   7.4183690E+02   8.7814626E+03   2.4073527E+06   2.4154213E+06   0.0000000E+00   0.0000000E+00   0.0000000E+00   0.0000000E+00   0.0000000E+00
   5.2814879E-03   2.3785912E+06   2.3785912E+06   6.5460846E+04   6.0465392E+02   7.0294162E+03   2.3703227E+06   2.3785912E+06   0.0000000E+00   0.0000000E+00   0.0000000E+00   0.0000000E+00   0.0000000E+00
   5.9259269E-03   2.3374743E+06   2.3374743E+06   4.3347048E+04   4.8674468E+02   6.1578619E+03   2.3290635E+06   2.3374743E+06   0.0000000E+00   0.0000000E+00   0.0000000E+00   0.0000000E+00   0.0000000E+00
   6.6489993E-03   2.2917787E+06   2.2917787E+06   3.5565533E+04   3.8548199E+02   6.0067570E+03   2.2832833E+06   2.2917787E+06   0.0000000E+00   0.0000000E+00   0.0000000E+00   0.0000000E+00   0.0000000E+00
   7.4602999E-03   2.2412231E+06   2.2412231E+06   3.0340099E+04   3.1010867E+02   4.6463922E+03   2.2326875E+06   2.2412231E+06   0.0000000E+00   0.0000000E+00   0.0000000E+00   0.0000000E+00   0.0000000E+00
   8.3705942E-03   2.1855050E+06   2.1855050E+06   2.0413461E+04   2.4469651E+02   4.4305343E+03   2.1769707E+06   2.1855050E+06   0.0000000E+00   0.0000000E+00   0.0000000E+00   0.0000000E+00   0.0000000E+00
   9.3919611E-03   2.1243374E+06   2.1243374E+06   1.8608405E+04   1.9346236E+02   3.4780869E+03   2.1158639E+06   2.1243374E+06   0.0000000E+00   0.0000000E+00   0.0000000E+00   0.0000000E+00   0.0000000E+00
   1.0537954E-02   2.0574349E+06   2.0574349E+06   1.3006087E+04   1.5128136E+02   3.3128828E+03   2.0490775E+06   2.0574349E+06   0.0000000E+00   0.0000000E+00   0.0000000E+00   0.0000000E+00   0.0000000E+00
   1.1823779E-02   1.9845235E+06   1.9845235E+06   1.0048656E+04   1.1844676E+02   2.5178377E+03   1.9763247E+06   1.9845235E+06   0.0000000E+00   0.0000000E+00   0.0000000E+00   0.0000000E+00   0.0000000E+00
   1.3266498E-02   1.9053498E+06   1.9053498E+06   8.7546688E+03   9.1810581E+01   2.1601325E+03   1.8973685E+06   1.9053498E+06   0.0000000E+00   0.0000000E+00   0.0000000E+00   0.0000000E+00   0.0000000E+00
   1.4885255E-02   1.8197134E+06   1.8197134E+06   6.5876552E+03   7.0458462E+01   1.9502525E+03   1.8119960E+06   1.8197134E+06   0.0000000E+00   0.0000000E+00   0.0000000E+00   0.0000000E+00   0.0000000E+00
   1.6701531E-02   1.7275094E+06   1.7275094E+06   4.8507551E+03   5.3919049E+01   1.6455721E+03   1.7201043E+06   1.7275094E+06   0.0000000E+00   0.0000000E+00   0.0000000E+00   0.0000000E+00   0.0000000E+00
   1.8739426E-02   1.6288019E+06   1.6288019E+06   3.7163523E+03   4.0940489E+01   1.3548290E+03   1.6217575E+06   1.6288019E+06   0.0000000E+00   0.0000000E+00   0.0000000E+00   0.0000000E+00   0.0000000E+00
   2.1025981E-02   1.5239344E+06   1.5239344E+06   2.9001262E+03   3.0823461E+01   1.0716613E+03   1.5172926E+06   1.5239344E+06   0.0000000E+00   0.0000000E+00   0.0000000E+00   0.0000000E+00   0.0000000E+00
   2.3591515E-02   1.4136781E+06   1.4136781E+06   2.0199951E+03   2.3006161E+01   8.2710407E+02   1.4074764E+06   1.4136781E+06   0.0000000E+00   0.0000000E+00   0.0000000E+00   0.0000000E+00   0.0000000E+00
   2.6469777E-02   1.2994185E+06   1.2994185E+06   1.4621164E+03   1.6964234E+01   7.4537827E+02   1.2936868E+06   1.2994185E+06   0.0000000E+00   0.0000000E+00   0.0000000E+00   0.0000000E+00   0.0000000E+00
   2.9696307E-02   1.1833956E+06   1.1833956E+06   1.0397625E+03   1.2422855E+01   5.5799304E+02   1.1781513E+06   1.1833956E+06   0.0000000E+00   0.0000000E+00   0.0000000E+00   0.0000000E+00   0.0000000E+00
   3.3297505E-02   1.0690853E+06   1.0690853E+06   7.8709562E+02   9.0058670E+00   4.5421795E+02   1.0643292E+06   1.0690853E+06   0.0000000E+00   0.0000000E+00   0.0000000E+00   0.0000000E+00   0.0000000E+00
   3.7251094E-02   9.6175067E+05   9.6175067E+05   5.6352805E+02   6.5165231E+00   3.7398057E+02   9.5745857E+05   9.6175067E+05   0.0000000E+00   0.0000000E+00   0.0000000E+00   0.0000000E+00   0.0000000E+00
   4.1413906E-02   8.6815170E+05   8.6815170E+05   3.9609246E+02   4.7774812E+00   3.1138988E+02   8.6426753E+05   8.6815170E+05   0.0000000E+00   0.0000000E+00   0.0000000E+00   0.0000000E+00   0.0000000E+00
   4.5525600E-02   7.9321194E+05   7.9321194E+05   2.9228119E+02   3.6115197E+00   2.7067785E+02   7.8965640E+05   7.9321194E+05   0.0000000E+00   0.0000000E+00   0.0000000E+00   0.0000000E+00   0.0000000E+00
   4.9387658E-02   7.3621596E+05   7.3621596E+05   2.3415385E+02   2.8410808E+00   2.3789578E+02   7.3291123E+05   7.3621596E+05   0.0000000E+00   0.0000000E+00   0.0000000E+00   0.0000000E+00   0.0000000E+00
   5.2967249E-02   6.9265931E+05   6.9265931E+05   2.0263144E+02   2.3139473E+00   2.1705653E+02   6.8954677E+05   6.9265931E+05   0.0000000E+00   0.0000000E+00   0.0000000E+00   0.0000000E+00   0.0000000E+00
   5.6318195E-02   6.5803339E+05   6.5803339E+05   1.6976729E+02   1.9352577E+00   2.1032208E+02   6.5507401E+05   6.5803339E+05   0.0000000E+00   0.0000000E+00   0.0000000E+00   0.0000000E+00   0.0000000E+00
   5.9505773E-02   6.2907772E+05   6.2907772E+05   1.3543458E+02   1.6511246E+00   1.9036820E+02   6.2624663E+05   6.2907772E+05   0.0000000E+00   0.0000000E+00   0.0000000E+00   0.0000000E+00   0.0000000E+00
   6.2583763E-02   6.0361305E+05   6.0361305E+05   1.2782243E+02   1.4276360E+00   1.7705015E+02   6.0089503E+05   6.0361305E+05   0.0000000E+00   0.0000000E+00   0.0000000E+00   0.0000000E+00   0.0000000E+00
   6.5592900E-02   5.8019293E+05   5.8019293E+05   1.0328935E+02   1.2461883E+00   1.7129385E+02   5.7757909E+05   5.8019293E+05   0.0000000E+00   0.0000000E+00   0.0000000E+00   0.0000000E+00   0.0000000E+00
   6.8563812E-02   5.5785844E+05   5.5785844E+05   9.8386755E+01   1.0956114E+00   1.5557226E+02   5.5534415E+05   5.5785844E+05   0.0000000E+00   0.0000000E+00   0.0000000E+00   0.0000000E+00   0.0000000E+00
   7.1519949E-02   5.3599159E+05   5.3599159E+05   7.9771972E+01   9.6704866E-01   1.5376713E+02   5.3357495E+05   5.3599159E+05   0.0000000E+00   0.0000000E+00   0.0000000E+00   0.0000000E+00   0.0000000E+00
   7.4479741E-02   5.1422898E+05   5.1422898E+05   7.7439131E+01   8.5681194E-01   1.3938368E+02   5.1190970E+05   5.1422898E+05   0.0000000E+00   0.0000000E+00   0.0000000E+00   0.0000000E+00   0.0000000E+00
   7.7458096E-02   4.9240834E+05   4.9240834E+05   6.2168051E+01   7.6010718E-01   1.3682761E+02   4.9018681E+05   4.9240834E+05   0.0000000E+00   0.0000000E+00   0.0000000E+00   0.0000000E+00   0.0000000E+00
   8.0467419E-02   4.7053117E+05   4.7053117E+05   6.0536817E+01   6.7532138E-01   1.2438039E+02   4.6840776E+05   4.7053117E+05   0.0000000E+00   0.0000000E+00   0.0000000E+00   0.0000000E+00   0.0000000E+00
   8.3518315E-02   4.4873156E+05   4.4873156E+05   4.9499004E+01   6.0003082E-01   1.2265804E+02   4.4670604E+05   4.4873156E+05   0.0000000E+00   0.0000000E+00   0.0000000E+00   0.0000000E+00   0.0000000E+00
   8.6620078E-02   4.2724551E+05   4.2724551E+05   4.5920120E+01   5.3369112E-01   1.0934998E+02   4.2531653E+05   4.2724551E+05   0.0000000E+00   0.0000000E+00   0.0000000E+00   0.0000000E+00   0.0000000E+00
   8.9781043E-02   4.0637738E+05   4.0637738E+05   4.0967173E+01   4.7442517E-01   1.0867350E+02   4.0454223E+05   4.0637738E+05   0.0000000E+00   0.0000000E+00   0.0000000E+00   0.0000000E+00   0.0000000E+00
   9.3008836E-02   3.8646248E+05   3.8646248E+05   3.3979713E+01   4.2223884E-01   9.9116970E+01   3.8471692E+05   3.8646248E+05   0.0000000E+00   0.0000000E+00   0.0000000E+00   0.0000000E+00   0.0000000E+00
   9.6310557E-02   3.6782603E+05   3.6782603E+05   3.2498219E+01   3.7598884E-01   9.2681731E+01   3.6616435E+05   3.6782603E+05   0.0000000E+00   0.0000000E+00   0.0000000E+00   0.0000000E+00   0.0000000E+00
   9.9692920E-02   3.5074073E+05   3.5074073E+05   2.8968000E+01   3.3520353E-01   9.0621473E+01   3.4915598E+05   3.5074073E+05   0.0000000E+00   0.0000000E+00   0.0000000E+00   0.0000000E+00   0.0000000E+00
   1.0316235E-01   3.3538631E+05   3.3538631E+05   2.4282048E+01   2.9949685E-01   8.6067809E+01   3.3387070E+05   3.3538631E+05   0.0000000E+00   0.0000000E+00   0.0000000E+00   0.0000000E+00   0.0000000E+00
   1.0672508E-01   3.2181596E+05   3.2181596E+05   2.1517519E+01   2.6829438E-01   7.9750909E+01   3.2036145E+05   3.2181596E+05   0.0000000E+00   0.0000000E+00   0.0000000E+00   0.0000000E+00   0.0000000E+00
   1.1038719E-01   3.0993496E+05   3.0993496E+05   2.0045542E+01   2.4086967E-01   7.5683276E+01   3.0853396E+05   3.0993496E+05   0.0000000E+00   0.0000000E+00   0.0000000E+00   0.0000000E+00   0.0000000E+00
   1.1415464E-01   2.9949708E+05   2.9949708E+05   1.8618482E+01   2.1683644E-01   7.2609207E+01   2.9814310E+05   2.9949708E+05   0.0000000E+00   0.0000000E+00   0.0000000E+00   0.0000000E+00   0.0000000E+00
   1.1803337E-01   2.9012277E+05   2.9012277E+05   1.7000869E+01   1.9560157E-01   7.0077681E+01   2.8881101E+05   2.9012277E+05   0.0000000E+00   0.0000000E+00   0.0000000E+00   0.0000000E+00   0.0000000E+00
   1.2202924E-01   2.8134098E+05   2.8134098E+05   1.5303699E+01   1.7666423E-01   6.7766352E+01   2.8006879E+05   2.8134098E+05   0.0000000E+00   0.0000000E+00   0.0000000E+00   0.0000000E+00   0.0000000E+00
   1.2614813E-01   2.7265235E+05   2.7265235E+05   1.3551592E+01   1.5964243E-01   6.5320499E+01   2.7141931E+05   2.7265235E+05   0.0000000E+00   0.0000000E+00   0.0000000E+00   0.0000000E+00   0.0000000E+00
   1.3039588E-01   2.6360690E+05   2.6360690E+05   1.1906302E+01   1.4412203E-01   6.3496897E+01   2.6241466E+05   2.6360690E+05   0.0000000E+00   0.0000000E+00   0.0000000E+00   0.0000000E+00   0.0000000E+00
   1.3477839E-01   2.5388426E+05   2.5388426E+05   1.0923669E+01   1.2986482E-01   6.1935923E+01   2.5273588E+05   2.5388426E+05   0.0000000E+00   0.0000000E+00   0.0000000E+00   0.0000000E+00   0.0000000E+00
   1.3930154E-01   2.4336025E+05   2.4336025E+05   1.0372693E+01   1.1672764E-01   5.8490790E+01   2.4225939E+05   2.4336025E+05   0.0000000E+00   0.0000000E+00   0.0000000E+00   0.0000000E+00   0.0000000E+00
   1.4397127E-01   2.3214282E+05   2.3214282E+05   8.7555286E+00   1.0458687E-01   5.4786928E+01   2.3109261E+05   2.3214282E+05   0.0000000E+00   0.0000000E+00   0.0000000E+00   0.0000000E+00   0.0000000E+00
   1.4879354E-01   2.2056223E+05   2.2056223E+05   7.9785397E+00   9.3426769E-02   5.3192549E+01   2.1956434E+05   2.2056223E+05   0.0000000E+00   0.0000000E+00   0.0000000E+00   0.0000000E+00   0.0000000E+00
   1.5377436E-01   2.0910886E+05   2.0910886E+05   6.9672623E+00   8.3330987E-02   4.9008049E+01   2.0816271E+05   2.0910886E+05   0.0000000E+00   0.0000000E+00   0.0000000E+00   0.0000000E+00   0.0000000E+00
   1.5891980E-01   1.9832375E+05   1.9832375E+05   6.4385791E+00   7.4274890E-02   4.7001744E+01   1.9742635E+05   1.9832375E+05   0.0000000E+00   0.0000000E+00   0.0000000E+00   0.0000000E+00   0.0000000E+00
   1.6423597E-01   1.8866260E+05   1.8866260E+05   5.4346048E+00   6.6280090E-02   4.4654759E+01   1.8780886E+05   1.8866260E+05   0.0000000E+00   0.0000000E+00   0.0000000E+00   0.0000000E+00   0.0000000E+00
   1.6972907E-01   1.8036681E+05   1.8036681E+05   4.8525925E+00   5.9300428E-02   4.2078186E+01   1.7955056E+05   1.8036681E+05   0.0000000E+00   0.0000000E+00   0.0000000E+00   0.0000000E+00   0.0000000E+00
   1.7540537E-01   1.7338204E+05   1.7338204E+05   4.4542117E+00   5.3226745E-02   4.0115701E+01   1.7259736E+05   1.7338204E+05   0.0000000E+00   0.0000000E+00   0.0000000E+00   0.0000000E+00   0.0000000E+00
   1.8127124E-01   1.6735868E+05   1.6735868E+05   4.0455984E+00   4.7901179E-02   3.8706253E+01   1.6660122E+05   1.6735868E+05   0.0000000E+00   0.0000000E+00   0.0000000E+00   0.0000000E+00   0.0000000E+00
   1.8733317E-01   1.6174816E+05   1.6174816E+05   3.6159312E+00   4.3166079E-02   3.7416941E+01   1.6101605E+05   1.6174816E+05   0.0000000E+00   0.0000000E+00   0.0000000E+00   0.0000000E+00   0.0000000E+00
   1.9359780E-01   1.5597677E+05   1.5597677E+05   3.2295080E+00   3.8871391E-02   3.6189537E+01   1.5527075E+05   1.5597677E+05   0.0000000E+00   0.0000000E+00   0.0000000E+00   0.0000000E+00   0.0000000E+00
   2.0007191E-01   1.4964442E+05   1.4964442E+05   3.0069854E+00   3.4904988E-02   3.4793640E+01   1.4896704E+05   1.4964442E+05   0.0000000E+00   0.0000000E+00   0.0000000E+00   0.0000000E+00   0.0000000E+00
   2.0676253E-01   1.4267361E+05   1.4267361E+05   2.6727680E+00   3.1224589E-02   3.2730528E+01   1.4202776E+05   1.4267361E+05   0.0000000E+00   0.0000000E+00   0.0000000E+00   0.0000000E+00   0.0000000E+00
   2.1367691E-01   1.3534005E+05   1.3534005E+05   2.3526853E+00   2.7833053E-02   3.1326364E+01   1.3472737E+05   1.3534005E+05   0.0000000E+00   0.0000000E+00   0.0000000E+00   0.0000000E+00   0.0000000E+00
   2.2082260E-01   1.2815558E+05   1.2815558E+05   2.0655822E+00   2.4767514E-02   2.9321593E+01   1.2757540E+05   1.2815558E+05   0.0000000E+00   0.0000000E+00   0.0000000E+00   0.0000000E+00   0.0000000E+00
   2.2820753E-01   1.2163882E+05   1.2163882E+05   1.8899916E+00   2.2053442E-02   2.7867533E+01   1.2108812E+05   1.2163882E+05   0.0000000E+00   0.0000000E+00   0.0000000E+00   0.0000000E+00   0.0000000E+00
   2.3584002E-01   1.1607122E+05   1.1607122E+05   1.6936599E+00   1.9694436E-02   2.6614566E+01   1.1554571E+05   1.1607122E+05   0.0000000E+00   0.0000000E+00   0.0000000E+00   0.0000000E+00   0.0000000E+00
   2.4372892E-01   1.1136100E+05   1.1136100E+05   1.5194822E+00   1.7647076E-02   2.5453393E+01   1.1085681E+05   1.1136100E+05   0.0000000E+00   0.0000000E+00   0.0000000E+00   0.0000000E+00   0.0000000E+00
   2.5188366E-01   1.0709826E+05   1.0709826E+05   1.3585942E+00   1.5841389E-02   2.4392113E+01   1.0661335E+05   1.0709826E+05   0.0000000E+00   0.0000000E+00   0.0000000E+00   0.0000000E+00   0.0000000E+00
   2.6031438E-01   1.0278697E+05   1.0278697E+05   1.1922890E+00   1.4208483E-02   2.3428030E+01   1.0232157E+05   1.0278697E+05   0.0000000E+00   0.0000000E+00   0.0000000E+00   0.0000000E+00   0.0000000E+00
   2.6903201E-01   9.8130321E+04   9.8130321E+04   1.0888556E+00   1.2704648E-02   2.2414057E+01   9.7685994E+04   9.8130321E+04   0.0000000E+00   0.0000000E+00   0.0000000E+00   0.0000000E+00   0.0000000E+00
   2.7804846E-01   9.3194964E+04   9.3194964E+04   9.4882764E-01   1.1320802E-02   2.1187418E+01   9.2772974E+04   9.3194964E+04   0.0000000E+00   0.0000000E+00   0.0000000E+00   0.0000000E+00   0.0000000E+00
   2.8737676E-01   8.8338999E+04   8.8338999E+04   8.5636065E-01   1.0069481E-02   2.0034002E+01   8.7938988E+04   8.8338999E+04   0.0000000E+00   0.0000000E+00   0.0000000E+00   0.0000000E+00   0.0000000E+00
   2.9703121E-01   8.3941910E+04   8.3941910E+04   7.6475727E-01   8.9632654E-03   1.9053199E+01   8.3561802E+04   8.3941910E+04   0.0000000E+00   0.0000000E+00   0.0000000E+00   0.0000000E+00   0.0000000E+00
   3.0702767E-01   8.0125635E+04   8.0125635E+04   6.8016075E-01   7.9992968E-03   1.8128116E+01   7.9762801E+04   8.0125635E+04   0.0000000E+00   0.0000000E+00   0.0000000E+00   0.0000000E+00   0.0000000E+00
   3.1738376E-01   7.6681262E+04   7.6681262E+04   6.0150796E-01   7.1502832E-03   1.7368890E+01   7.6334019E+04   7.6681262E+04   0.0000000E+00   0.0000000E+00   0.0000000E+00   0.0000000E+00   0.0000000E+00
   3.2811919E-01   7.3265207E+04   7.3265207E+04   5.4524529E-01   6.3858759E-03   1.6586008E+01   7.2933428E+04   7.3265207E+04   0.0000000E+00   0.0000000E+00   0.0000000E+00   0.0000000E+00   0.0000000E+00
   3.3925612E-01   6.9699650E+04   6.9699650E+04   4.7922084E-01   5.6866356E-03   1.5751894E+01   6.9384012E+04   6.9699650E+04   0.0000000E+00   0.0000000E+00   0.0000000E+00   0.0000000E+00   0.0000000E+00
   3.5081960E-01   6.6104994E+04   6.6104994E+04   4.2538572E-01   5.0506709E-03   1.4928255E+01   6.5805630E+04   6.6104994E+04   0.0000000E+00   0.0000000E+00   0.0000000E+00   0.0000000E+00   0.0000000E+00
   3.6283813E-01   6.2738588E+04   6.2738588E+04   3.7760120E-01   4.4839818E-03   1.4179410E+01   6.2454465E+04   6.2738588E+04   0.0000000E+00   0.0000000E+00   0.0000000E+00   0.0000000E+00   0.0000000E+00
   3.7534429E-01   5.9708618E+04   5.9708618E+04   3.3888483E-01   3.9853598E-03   1.3463741E+01   5.9438214E+04   5.9708618E+04   0.0000000E+00   0.0000000E+00   0.0000000E+00   0.0000000E+00   0.0000000E+00
   3.8837561E-01   5.6874648E+04   5.6874648E+04   2.9915166E-01   3.5422049E-03   1.2819692E+01   5.6617075E+04   5.6874648E+04   0.0000000E+00   0.0000000E+00   0.0000000E+00   0.0000000E+00   0.0000000E+00
   4.0197555E-01   5.4041543E+04   5.4041543E+04   2.6549496E-01   3.1419326E-03   1.2167008E+01   5.3796797E+04   5.4041543E+04   0.0000000E+00   0.0000000E+00   0.0000000E+00   0.0000000E+00   0.0000000E+00
   4.1619488E-01   5.1197204E+04   5.1197204E+04   2.3514913E-01   2.7786081E-03   1.1519529E+01   5.0965337E+04   5.1197204E+04   0.0000000E+00   0.0000000E+00   0.0000000E+00   0.0000000E+00   0.0000000E+00
   4.3109333E-01   4.8484098E+04   4.8484098E+04   2.0771041E-01   2.4533202E-03   1.0913476E+01   4.8264516E+04   4.8484098E+04   0.0000000E+00   0.0000000E+00   0.0000000E+00   0.0000000E+00   0.0000000E+00
   4.4674183E-01   4.5962488E+04   4.5962488E+04   1.8344903E-01   2.1645603E-03   1.0337337E+01   4.5754324E+04   4.5962488E+04   0.0000000E+00   0.0000000E+00   0.0000000E+00   0.0000000E+00   0.0000000E+00
   4.6322541E-01   4.3531125E+04   4.3531125E+04   1.6138155E-01   1.9063014E-03   9.7939495E+00   4.3333970E+04   4.3531125E+04   0.0000000E+00   0.0000000E+00   0.0000000E+00   0.0000000E+00   0.0000000E+00
   4.8064713E-01   4.1114806E+04   4.1114806E+04   1.4155094E-01   1.6726113E-03   9.2419347E+00   4.0928594E+04   4.1114806E+04   0.0000000E+00   0.0000000E+00   0.0000000E+00   0.0000000E+00   0.0000000E+00
   4.9913337E-01   3.8772100E+04   3.8772100E+04   1.2404899E-01   1.4628918E-03   8.7181906E+00   3.8596497E+04   3.8772100E+04   0.0000000E+00   0.0000000E+00   0.0000000E+00   0.0000000E+00   0.0000000E+00
   5.1884122E-01   3.6539041E+04   3.6539041E+04   1.0818096E-01   1.2757761E-03   8.1940775E+00   3.6373550E+04   3.6539041E+04   0.0000000E+00   0.0000000E+00   0.0000000E+00   0.0000000E+00   0.0000000E+00
   5.3996884E-01   3.4353033E+04   3.4353033E+04   9.3812580E-02   1.1072776E-03   7.7198918E+00   3.4197442E+04   3.4353033E+04   0.0000000E+00   0.0000000E+00   0.0000000E+00   0.0000000E+00   0.0000000E+00
   5.6277036E-01   3.2199786E+04   3.2199786E+04   8.0959373E-02   9.5573524E-04   7.2209416E+00   3.2053947E+04   3.2199786E+04   0.0000000E+00   0.0000000E+00   0.0000000E+00   0.0000000E+00   0.0000000E+00
   5.8757766E-01   3.0106704E+04   3.0106704E+04   6.9469242E-02   8.1962414E-04   6.7544569E+00   2.9970344E+04   3.0106704E+04   0.0000000E+00   0.0000000E+00   0.0000000E+00   0.0000000E+00   0.0000000E+00
   6.1483300E-01   2.8040147E+04   2.8040147E+04   5.9078551E-02   6.9719533E-04   6.2844400E+00   2.7913145E+04   2.8040147E+04   0.0000000E+00   0.0000000E+00   0.0000000E+00   0.0000000E+00   0.0000000E+00
   6.4513854E-01   2.5991874E+04   2.5991874E+04   4.9734832E-02   5.8700122E-04   5.8225933E+00   2.5874148E+04   2.5991874E+04   0.0000000E+00   0.0000000E+00   0.0000000E+00   0.0000000E+00   0.0000000E+00
   6.7933255E-01   2.3954447E+04   2.3954447E+04   4.1335785E-02   4.8792652E-04   5.3661260E+00   2.3845949E+04   2.3954447E+04   0.0000000E+00   0.0000000E+00   0.0000000E+00   0.0000000E+00   0.0000000E+00
   7.1860640E-01   2.1907693E+04   2.1907693E+04   3.3785194E-02   3.9878753E-04   4.9012554E+00   2.1808464E+04   2.1907693E+04   0.0000000E+00   0.0000000E+00   0.0000000E+00   0.0000000E+00   0.0000000E+00
   7.6467725E-01   1.9839114E+04   1.9839114E+04   2.7020443E-02   3.1893539E-04   4.4354173E+00   1.9749255E+04   1.9839114E+04   0.0000000E+00   0.0000000E+00   0.0000000E+00   0.0000000E+00   0.0000000E+00
   8.2001011E-01   1.7735641E+04   1.7735641E+04   2.1005012E-02   2.4792409E-04   3.9698736E+00   1.7655309E+04   1.7735641E+04   0.0000000E+00   0.0000000E+00   0.0000000E+00   0.0000000E+00   0.0000000E+00
   8.8797992E-01   1.5597205E+04   1.5597205E+04   1.5752771E-02   1.8594338E-04   3.4867945E+00   1.5526558E+04   1.5597205E+04   0.0000000E+00   0.0000000E+00   0.0000000E+00   0.0000000E+00   0.0000000E+00
   9.7258139E-01   1.3455266E+04   1.3455266E+04   1.1327975E-02   1.3370519E-04   3.0087804E+00   1.3394320E+04   1.3455266E+04   0.0000000E+00   0.0000000E+00   0.0000000E+00   0.0000000E+00   0.0000000E+00
   1.0770764E+00   1.1388882E+04   1.1388882E+04   7.8180264E-03   9.2284110E-05   2.5434324E+00   1.1337296E+04   1.1388882E+04   0.0000000E+00   0.0000000E+00   0.0000000E+00   0.0000000E+00   0.0000000E+00
   1.2022367E+00   9.5047178E+03   9.5047178E+03   5.2367899E-03   6.1812045E-05   2.1234859E+00   9.4616659E+03   9.5047178E+03   0.0000000E+00   0.0000000E+00   0.0000000E+00   0.0000000E+00   0.0000000E+00
   1.3469739E+00   7.8736153E+03   7.8736153E+03   3.4558858E-03   4.0793766E-05   1.7568437E+00   7.8379514E+03   7.8736153E+03   0.0000000E+00   0.0000000E+00   0.0000000E+00   0.0000000E+00   0.0000000E+00
   1.5108961E+00   6.5017245E+03   6.5017245E+03   2.2680902E-03   2.6772261E-05   1.4514153E+00   6.4722745E+03   6.5017245E+03   0.0000000E+00   0.0000000E+00   0.0000000E+00   0.0000000E+00   0.0000000E+00
   1.6951854E+00   5.3602434E+03   5.3602434E+03   1.4854190E-03   1.7534083E-05   1.1963249E+00   5.3359638E+03   5.3602434E+03   0.0000000E+00   0.0000000E+00   0.0000000E+00   0.0000000E+00   0.0000000E+00
   1.9020220E+00   4.4138952E+03   4.4138952E+03   9.7160035E-04   1.1468502E-05   9.8536715E-01   4.3939021E+03   4.4138952E+03   0.0000000E+00   0.0000000E+00   0.0000000E+00   0.0000000E+00   0.0000000E+00
   2.1341032E+00   3.6306873E+03   3.6306873E+03   6.3482371E-04   7.4935585E-06   8.1010823E-01   3.6142418E+03   3.6306873E+03   0.0000000E+00   0.0000000E+00   0.0000000E+00   0.0000000E+00   0.0000000E+00
   2.3945031E+00   2.9833920E+03   2.9833920E+03   4.1449297E-04   4.8909918E-06   6.6613772E-01   2.9698785E+03   2.9833920E+03   0.0000000E+00   0.0000000E+00   0.0000000E+00   0.0000000E+00   0.0000000E+00
   2.6866767E+00   2.4491097E+03   2.4491097E+03   2.7021770E-04   3.1894458E-06   5.4649868E-01   2.4380163E+03   2.4491097E+03   0.0000000E+00   0.0000000E+00   0.0000000E+00   0.0000000E+00   0.0000000E+00
   3.0145009E+00   2.0086431E+03   2.0086431E+03   1.7602935E-04   2.0778089E-06   4.4833372E-01   1.9995447E+03   2.0086431E+03   0.0000000E+00   0.0000000E+00   0.0000000E+00   0.0000000E+00   0.0000000E+00
   3.3823256E+00   1.6459371E+03   1.6459371E+03   1.1457397E-04   1.3524961E-06   3.6721879E-01   1.6384817E+03   1.6459371E+03   0.0000000E+00   0.0000000E+00   0.0000000E+00   0.0000000E+00   0.0000000E+00
   3.7950317E+00   1.3475891E+03   1.3475891E+03   7.4511754E-05   8.7959734E-07   3.0082529E-01   1.3414851E+03   1.3475891E+03   0.0000000E+00   0.0000000E+00   0.0000000E+00   0.0000000E+00   0.0000000E+00
   4.2580956E+00   1.1024336E+03   1.1024336E+03   4.8419075E-05   5.7161914E-07   2.4590332E-01   1.0974400E+03   1.1024336E+03   0.0000000E+00   0.0000000E+00   0.0000000E+00   0.0000000E+00   0.0000000E+00
   4.7776619E+00   9.0118474E+02   9.0118474E+02   3.1444908E-05   3.7117848E-07   2.0110984E-01   8.9710272E+02   9.0118474E+02   0.0000000E+00   0.0000000E+00   0.0000000E+00   0.0000000E+00   0.0000000E+00
   5.3606248E+00   7.3613346E+02   7.3613346E+02   2.0400391E-05   2.4084688E-07   1.6434866E-01   7.3279907E+02   7.3613346E+02   0.0000000E+00   0.0000000E+00   0.0000000E+00   0.0000000E+00   0.0000000E+00
   6.0147200E+00   6.0088951E+02   6.0088951E+02   1.3227078E-05   1.5617745E-07   1.3409215E-01   5.9816772E+02   6.0088951E+02   0.0000000E+00   0.0000000E+00   0.0000000E+00   0.0000000E+00   0.0000000E+00
   6.7486268E+00   4.9016374E+02   4.9016374E+02   8.5704972E-06   1.0120577E-07   1.0938707E-01   4.8794348E+02   4.9016374E+02   0.0000000E+00   0.0000000E+00   0.0000000E+00   0.0000000E+00   0.0000000E+00
   7.5720838E+00   3.9958444E+02   3.9958444E+02   5.5500115E-06   6.5544189E-08   8.9136606E-02   3.9777448E+02   3.9958444E+02   0.0000000E+00   0.0000000E+00   0.0000000E+00   0.0000000E+00   0.0000000E+00
   8.4960178E+00   3.2554305E+02   3.2554305E+02   3.5915066E-06   4.2422566E-08   7.2626369E-02   3.2406846E+02   3.2554305E+02   0.0000000E+00   0.0000000E+00   0.0000000E+00   0.0000000E+00   0.0000000E+00
