#           k/h    CDM            baryon         photon         nu             mass_nu        total          no_nu          total_de       Weyl           v_CDM          v_b            v_b-v_c     
   1.0537954E-05   1.0964381E+06   1.0964381E+06   1.4618826E+06   1.3320073E+04   1.1291203E+03   1.0970212E+06   1.0964381E+06   0.0000000E+00   0.0000000E+00   0.0000000E+00   0.0000000E+00   0.0000000E+00
   1.1823779E-05   1.0964379E+06   1.0964379E+06   1.4618733E+06   1.3320017E+04   1.1290991E+03   1.0970210E+06   1.0964379E+06   0.0000000E+00   0.0000000E+00   0.0000000E+00   0.0000000E+00   0.0000000E+00
   1.3266498E-05   1.0964376E+06   1.0964376E+06   1.4618616E+06   1.3319946E+04   1.1290723E+03   1.0970207E+06   1.0964376E+06   0.0000000E+00   0.0000000E+00   0.0000000E+00   0.0000000E+00   0.0000000E+00
   1.4885255E-05   1.0964373E+06   1.0964373E+06   1.4618469E+06   1.3319858E+04   1.1290387E+03   1.0970203E+06   1.0964373E+06   0.0000000E+00   0.0000000E+00   0.0000000E+00   0.0000000E+00   0.0000000E+00
   1.6701531E-05   1.0964369E+06   1.0964369E+06   1.4618283E+06   1.3319746E+04   1.1289963E+03   1.0970199E+06   1.0964369E+06   0.0000000E+00   0.0000000E+00   0.0000000E+00   0.0000000E+00   0.0000000E+00
   1.8739426E-05   1.0964364E+06   1.0964364E+06   1.4618050E+06   1.3319606E+04   1.1289430E+03   1.0970193E+06   1.0964364E+06   0.0000000E+00   0.0000000E+00   0.0000000E+00   0.0000000E+00   0.0000000E+00
   2.1025982E-05   1.0964358E+06   1.0964358E+06   1.4617756E+06   1.3319429E+04   1.1288758E+03   1.0970186E+06   1.0964358E+06   0.0000000E+00   0.0000000E+00   0.0000000E+00   0.0000000E+00   0.0000000E+00
   2.3591540E-05   1.0964350E+06   1.0964350E+06   1.4617386E+06   1.3319206E+04   1.1287913E+03   1.0970177E+06   1.0964350E+06   0.0000000E+00   0.0000000E+00   0.0000000E+00   0.0000000E+00   0.0000000E+00
   2.6470143E-05   1.0964340E+06   1.0964340E+06   1.4616921E+06   1.3318926E+04   1.1286849E+03   1.0970165E+06   1.0964340E+06   0.0000000E+00   0.0000000E+00   0.0000000E+00   0.0000000E+00   0.0000000E+00
   2.9699989E-05   1.0964327E+06   1.0964327E+06   1.4616334E+06   1.3318573E+04   1.1285509E+03   1.0970151E+06   1.0964327E+06   0.0000000E+00   0.0000000E+00   0.0000000E+00   0.0000000E+00   0.0000000E+00
   3.3323936E-05   1.0964311E+06   1.0964311E+06   1.4615597E+06   1.3318129E+04   1.1283823E+03   1.0970133E+06   1.0964311E+06   0.0000000E+00   0.0000000E+00   0.0000000E+00   0.0000000E+00   0.0000000E+00
   3.7390071E-05   1.0964291E+06   1.0964291E+06   1.4614668E+06   1.3317570E+04   1.1281701E+03   1.0970110E+06   1.0964291E+06   0.0000000E+00   0.0000000E+00   0.0000000E+00   0.0000000E+00   0.0000000E+00
   4.1952349E-05   1.0964266E+06   1.0964266E+06   1.4613498E+06   1.3316867E+04   1.1279029E+03   1.0970082E+06   1.0964266E+06   0.0000000E+00   0.0000000E+00   0.0000000E+00   0.0000000E+00   0.0000000E+00
   4.7071310E-05   1.0964234E+06   1.0964234E+06   1.4612026E+06   1.3315981E+04   1.1275666E+03   1.0970046E+06   1.0964234E+06   0.0000000E+00   0.0000000E+00   0.0000000E+00   0.0000000E+00   0.0000000E+00
   5.2814879E-05   1.0964194E+06   1.0964194E+06   1.4610173E+06   1.3314865E+04   1.1271433E+03   1.0970000E+06   1.0964194E+06   0.0000000E+00   0.0000000E+00   0.0000000E+00   0.0000000E+00   0.0000000E+00
   5.9259269E-05   1.0964144E+06   1.0964144E+06   1.4607841E+06   1.3313462E+04   1.1266105E+03   1.0969943E+06   1.0964144E+06   0.0000000E+00   0.0000000E+00   0.0000000E+00   0.0000000E+00   0.0000000E+00
   6.6489993E-05   1.0964081E+06   1.0964081E+06   1.4604905E+06   1.3311695E+04   1.1259400E+03   1.0969871E+06   1.0964081E+06   0.0000000E+00   0.0000000E+00   0.0000000E+00   0.0000000E+00   0.0000000E+00
   7.4602999E-05   1.0964001E+06   1.0964001E+06   1.4601210E+06   1.3309470E+04   1.1250963E+03   1.0969781E+06   1.0964001E+06   0.0000000E+00   0.0000000E+00   0.0000000E+00   0.0000000E+00   0.0000000E+00
   8.3705942E-05   1.0963901E+06   1.0963901E+06   1.4596559E+06   1.3306671E+04   1.1240347E+03   1.0969667E+06   1.0963901E+06   0.0000000E+00   0.0000000E+00   0.0000000E+00   0.0000000E+00   0.0000000E+00
   9.3919611E-05   1.0963775E+06   1.0963775E+06   1.4590705E+06   1.3303147E+04   1.1226991E+03   1.0969524E+06   1.0963775E+06   0.0000000E+00   0.0000000E+00   0.0000000E+00   0.0000000E+00   0.0000000E+00
   1.0537954E-04   1.0963616E+06   1.0963616E+06   1.4583340E+06   1.3298712E+04   1.1210191E+03   1.0969344E+06   1.0963616E+06   0.0000000E+00   0.0000000E+00   0.0000000E+00   0.0000000E+00   0.0000000E+00
   1.1823779E-04   1.0963416E+06   1.0963416E+06   1.4574072E+06   1.3293132E+04   1.1189064E+03   1.0969117E+06   1.0963416E+06   0.0000000E+00   0.0000000E+00   0.0000000E+00   0.0000000E+00   0.0000000E+00
   1.3266498E-04   1.0963164E+06   1.0963164E+06   1.4562411E+06   1.3286109E+04   1.1162502E+03   1.0968831E+06   1.0963164E+06   0.0000000E+00   0.0000000E+00   0.0000000E+00   0.0000000E+00   0.0000000E+00
   1.4885255E-04   1.0962847E+06   1.0962847E+06   1.4547744E+06   1.3277274E+04   1.1129119E+03   1.0968472E+06   1.0962847E+06   0.0000000E+00   0.0000000E+00   0.0000000E+00   0.0000000E+00   0.0000000E+00
   1.6701531E-04   1.0962448E+06   1.0962448E+06   1.4529299E+06   1.3266160E+04   1.1087182E+03   1.0968020E+06   1.0962448E+06   0.0000000E+00   0.0000000E+00   0.0000000E+00   0.0000000E+00   0.0000000E+00
   1.8739426E-04   1.0961947E+06   1.0961947E+06   1.4506107E+06   1.3252181E+04   1.1034528E+03   1.0967450E+06   1.0961947E+06   0.0000000E+00   0.0000000E+00   0.0000000E+00   0.0000000E+00   0.0000000E+00
   2.1025982E-04   1.0961315E+06   1.0961315E+06   1.4476959E+06   1.3234605E+04   1.0968464E+03   1.0966734E+06   1.0961315E+06   0.0000000E+00   0.0000000E+00   0.0000000E+00   0.0000000E+00   0.0000000E+00
   2.3591540E-04   1.0960521E+06   1.0960521E+06   1.4440340E+06   1.3212511E+04   1.0885649E+03   1.0965834E+06   1.0960521E+06   0.0000000E+00   0.0000000E+00   0.0000000E+00   0.0000000E+00   0.0000000E+00
   2.6470143E-04   1.0959522E+06   1.0959522E+06   1.4394359E+06   1.3184751E+04   1.0781951E+03   1.0964701E+06   1.0959522E+06   0.0000000E+00   0.0000000E+00   0.0000000E+00   0.0000000E+00   0.0000000E+00
   2.9699989E-04   1.0958266E+06   1.0958266E+06   1.4336663E+06   1.3149887E+04   1.0652286E+03   1.0963276E+06   1.0958266E+06   0.0000000E+00   0.0000000E+00   0.0000000E+00   0.0000000E+00   0.0000000E+00
   3.3323936E-04   1.0956686E+06   1.0956686E+06   1.4264328E+06   1.3106132E+04   1.0490441E+03   1.0961486E+06   1.0956686E+06   0.0000000E+00   0.0000000E+00   0.0000000E+00   0.0000000E+00   0.0000000E+00
   3.7390071E-04   1.0954701E+06   1.0954701E+06   1.4173738E+06   1.3051259E+04   1.0288883E+03   1.0959237E+06   1.0954701E+06   0.0000000E+00   0.0000000E+00   0.0000000E+00   0.0000000E+00   0.0000000E+00
   4.1952349E-04   1.0952207E+06   1.0952207E+06   1.4060440E+06   1.2982513E+04   1.0038586E+03   1.0956412E+06   1.0952207E+06   0.0000000E+00   0.0000000E+00   0.0000000E+00   0.0000000E+00   0.0000000E+00
   4.7071310E-04   1.0949075E+06   1.0949075E+06   1.3918984E+06   1.2896496E+04   9.7288918E+02   1.0952867E+06   1.0949075E+06   0.0000000E+00   0.0000000E+00   0.0000000E+00   0.0000000E+00   0.0000000E+00
   5.2814879E-04   1.0945146E+06   1.0945146E+06   1.3742753E+06   1.2789039E+04   9.3474764E+02   1.0948423E+06   1.0945146E+06   0.0000000E+00   0.0000000E+00   0.0000000E+00   0.0000000E+00   0.0000000E+00
   5.9259269E-04   1.0940221E+06   1.0940221E+06   1.3523796E+06   1.2655068E+04   8.8805065E+02   1.0942855E+06   1.0940221E+06   0.0000000E+00   0.0000000E+00   0.0000000E+00   0.0000000E+00   0.0000000E+00
   6.6489993E-04   1.0934053E+06   1.0934053E+06   1.3252690E+06   1.2488462E+04   8.3131290E+02   1.0935890E+06   1.0934053E+06   0.0000000E+00   0.0000000E+00   0.0000000E+00   0.0000000E+00   0.0000000E+00
   7.4602999E-04   1.0926339E+06   1.0926339E+06   1.2918477E+06   1.2281931E+04   7.6305073E+02   1.0927190E+06   1.0926339E+06   0.0000000E+00   0.0000000E+00   0.0000000E+00   0.0000000E+00   0.0000000E+00
   8.3705942E-04   1.0916708E+06   1.0916708E+06   1.2508736E+06   1.2026937E+04   6.8197008E+02   1.0916345E+06   1.0916708E+06   0.0000000E+00   0.0000000E+00   0.0000000E+00   0.0000000E+00   0.0000000E+00
   9.3919611E-04   1.0904708E+06   1.0904708E+06   1.2009906E+06   1.1713704E+04   5.8727785E+02   1.0902859E+06   1.0904708E+06   0.0000000E+00   0.0000000E+00   0.0000000E+00   0.0000000E+00   0.0000000E+00
   1.0537954E-03   1.0889797E+06   1.0889797E+06   1.1408003E+06   1.1331396E+04   4.7916177E+02   1.0886143E+06   1.0889797E+06   0.0000000E+00   0.0000000E+00   0.0000000E+00   0.0000000E+00   0.0000000E+00
   1.1823779E-03   1.0871327E+06   1.0871327E+06   1.0689931E+06   1.0868562E+04   3.5947948E+02   1.0865499E+06   1.0871327E+06   0.0000000E+00   0.0000000E+00   0.0000000E+00   0.0000000E+00   0.0000000E+00
   1.3266498E-03   1.0848539E+06   1.0848539E+06   9.8456254E+05   1.0313984E+04   2.3266678E+02   1.0840127E+06   1.0848539E+06   0.0000000E+00   0.0000000E+00   0.0000000E+00   0.0000000E+00   0.0000000E+00
   1.4885255E-03   1.0820559E+06   1.0820559E+06   8.8712616E+05   9.6581138E+03   1.0679125E+02   1.0809119E+06   1.0820559E+06   0.0000000E+00   0.0000000E+00   0.0000000E+00   0.0000000E+00   0.0000000E+00
   1.6701531E-03   1.0786406E+06   1.0786406E+06   7.7736312E+05   8.8952443E+03   -5.4974802E+00   1.0771489E+06   1.0786406E+06   0.0000000E+00   0.0000000E+00   0.0000000E+00   0.0000000E+00   0.0000000E+00
   1.8739426E-03   1.0745010E+06   1.0745010E+06   6.5754575E+05   8.0265368E+03   -8.6675336E+01   1.0726198E+06   1.0745010E+06   0.0000000E+00   0.0000000E+00   0.0000000E+00   0.0000000E+00   0.0000000E+00
   2.1025982E-03   1.0695250E+06   1.0695250E+06   5.3206982E+05   7.0637626E+03   -1.1570180E+02   1.0672215E+06   1.0695250E+06   0.0000000E+00   0.0000000E+00   0.0000000E+00   0.0000000E+00   0.0000000E+00
   2.3591540E-03   1.0636006E+06   1.0636006E+06   4.0776996E+05   6.0331935E+03   -7.2449641E+01   1.0608585E+06   1.0636006E+06   0.0000000E+00   0.0000000E+00   0.0000000E+00   0.0000000E+00   0.0000000E+00
   2.6470143E-03   1.0566224E+06   1.0566224E+06   2.9365281E+05   4.9783066E+03   5.3418203E+01   1.0534496E+06   1.0566224E+06   0.0000000E+00   0.0000000E+00   0.0000000E+00   0.0000000E+00   0.0000000E+00
   2.9699989E-03   1.0484968E+06   1.0484968E+06   1.9956695E+05   3.9590054E+03   2.4927131E+02   1.0449318E+06   1.0484968E+06   0.0000000E+00   0.0000000E+00   0.0000000E+00   0.0000000E+00   0.0000000E+00
   3.3323936E-03   1.0391432E+06   1.0391432E+06   1.3345042E+05   3.0443692E+03   4.6658110E+02   1.0352562E+06   1.0391432E+06   0.0000000E+00   0.0000000E+00   0.0000000E+00   0.0000000E+00   0.0000000E+00
   3.7390071E-03   1.0284885E+06   1.0284885E+06   9.7467896E+04   2.2967043E+03   6.2045314E+02   1.0243723E+06   1.0284885E+06   0.0000000E+00   0.0000000E+00   0.0000000E+00   0.0000000E+00   0.0000000E+00
   4.1952349E-03   1.0164516E+06   1.0164516E+06   8.4795032E+04   1.7486543E+03   6.2016079E+02   1.0122017E+06   1.0164516E+06   0.0000000E+00   0.0000000E+00   0.0000000E+00   0.0000000E+00   0.0000000E+00
   4.7071310E-03   1.0029244E+06   1.0029244E+06   8.0476442E+04   1.3832253E+03   4.3918625E+02   9.9861213E+05   1.0029244E+06   0.0000000E+00   0.0000000E+00   0.0000000E+00   0.0000000E+00   0.0000000E+00
   5.2814879E-03   9.8776284E+05   9.8776284E+05   6.9391394E+04   1.1349485E+03   1.8617645E+02   9.8341751E+05   9.8776284E+05   0.0000000E+00   0.0000000E+00   0.0000000E+00   0.0000000E+00   0.0000000E+00
   5.9259269E-03   9.7080375E+05   9.7080375E+05   4.8462662E+04   9.2642517E+02   6.8647247E+01   9.6642230E+05   9.7080375E+05   0.0000000E+00   0.0000000E+00   0.0000000E+00   0.0000000E+00   0.0000000E+00
   6.6489993E-03   9.5190462E+05   9.5190462E+05   3.0149464E+04   7.2367498E+02   1.7255578E+02   9.4748920E+05   9.5190462E+05   0.0000000E+00   0.0000000E+00   0.0000000E+00   0.0000000E+00   0.0000000E+00
   7.4602999E-03   9.3096343E+05   9.3096343E+05   2.5455116E+04   5.5200463E+02   2.7421003E+02   9.2654904E+05   9.3096343E+05   0.0000000E+00   0.0000000E+00   0.0000000E+00   0.0000000E+00   0.0000000E+00
   8.3705942E-03   9.0788354E+05   9.0788354E+05   2.4793501E+04   4.3592229E+02   1.4677283E+02   9.0351504E+05   9.0788354E+05   0.0000000E+00   0.0000000E+00   0.0000000E+00   0.0000000E+00   0.0000000E+00
   9.3919611E-03   8.8253234E+05   8.8253234E+05   1.6141299E+04   3.4745005E+02   5.0169736E+01   8.7822688E+05   8.8253234E+05   0.0000000E+00   0.0000000E+00   0.0000000E+00   0.0000000E+00   0.0000000E+00
   1.0537954E-02   8.5477829E+05   8.5477829E+05   1.1229938E+04   2.6464427E+02   1.5551348E+02   8.5054884E+05   8.5477829E+05   0.0000000E+00   0.0000000E+00   0.0000000E+00   0.0000000E+00   0.0000000E+00
   1.1823779E-02   8.2452358E+05   8.2452358E+05   1.1346370E+04   2.0583681E+02   7.2910766E+01   8.2040433E+05   8.2452358E+05   0.0000000E+00   0.0000000E+00   0.0000000E+00   0.0000000E+00   0.0000000E+00
   1.3266498E-02   7.9165948E+05   7.9165948E+05   7.0132295E+03   1.5888532E+02   7.2779671E+01   7.8766941E+05   7.9165948E+05   0.0000000E+00   0.0000000E+00   0.0000000E+00   0.0000000E+00   0.0000000E+00
   1.4885255E-02   7.5610292E+05   7.5610292E+05   8.1177349E+03   1.2116733E+02   7.1806672E+01   7.5226160E+05   7.5610292E+05   0.0000000E+00   0.0000000E+00   0.0000000E+00   0.0000000E+00   0.0000000E+00
   1.6701531E-02   7.1781360E+05   7.1781360E+05   4.3858427E+03   9.3168970E+01   5.2525077E+01   7.1414525E+05   7.1781360E+05   0.0000000E+00   0.0000000E+00   0.0000000E+00   0.0000000E+00   0.0000000E+00
   1.8739426E-02   6.7681665E+05   6.7681665E+05   2.9252887E+03   7.0332913E+01   2.9767938E+01   6.7333810E+05   6.7681665E+05   0.0000000E+00   0.0000000E+00   0.0000000E+00   0.0000000E+00   0.0000000E+00
   2.1025981E-02   6.3325605E+05   6.3325605E+05   2.9116224E+03   5.2741455E+01   4.3418952E+01   6.2998689E+05   6.3325605E+05   0.0000000E+00   0.0000000E+00   0.0000000E+00   0.0000000E+00   0.0000000E+00
   2.3591515E-02   5.8745277E+05   5.8745277E+05   1.5644393E+03   3.9142479E+01   5.1121127E+01   5.8440932E+05   5.8745277E+05   0.0000000E+00   0.0000000E+00   0.0000000E+00   0.0000000E+00   0.0000000E+00
   2.6469777E-02   5.3998313E+05   5.3998313E+05   1.2759548E+03   2.9090644E+01   3.0020260E+01   5.3717767E+05   5.3998313E+05   0.0000000E+00   0.0000000E+00   0.0000000E+00   0.0000000E+00   0.0000000E+00
   2.9696307E-02   4.9177769E+05   4.9177769E+05   1.0575485E+03   2.1419491E+01   2.0944911E+01   4.8921628E+05   4.9177769E+05   0.0000000E+00   0.0000000E+00   0.0000000E+00   0.0000000E+00   0.0000000E+00
   3.3297505E-02   4.4428034E+05   4.4428034E+05   5.7228702E+02   1.5485390E+01   2.5239469E+01   4.4196172E+05   4.4428034E+05   0.0000000E+00   0.0000000E+00   0.0000000E+00   0.0000000E+00   0.0000000E+00
   3.7251094E-02   3.9967775E+05   3.9967775E+05   4.4949285E+02   1.1235661E+01   2.0197012E+01   3.9758873E+05   3.9967775E+05   0.0000000E+00   0.0000000E+00   0.0000000E+00   0.0000000E+00   0.0000000E+00
   4.1413906E-02   3.6077903E+05   3.6077903E+05   3.7594382E+02   8.2555923E+00   1.1397478E+01   3.5889102E+05   3.6077903E+05   0.0000000E+00   0.0000000E+00   0.0000000E+00   0.0000000E+00   0.0000000E+00
   4.5525600E-02   3.2963143E+05   3.2963143E+05   2.1160145E+02   6.2092249E+00   1.1799970E+01   3.2790457E+05   3.2963143E+05   0.0000000E+00   0.0000000E+00   0.0000000E+00   0.0000000E+00   0.0000000E+00
   4.9387658E-02   3.0593967E+05   3.0593967E+05   1.6418480E+02   4.8570627E+00   1.1345984E+01   3.0433569E+05   3.0593967E+05   0.0000000E+00   0.0000000E+00   0.0000000E+00   0.0000000E+00   0.0000000E+00
   5.2967249E-02   2.8783342E+05   2.8783342E+05   1.7023559E+02   3.9298470E+00   1.0061616E+01   2.8632361E+05   2.8783342E+05   0.0000000E+00   0.0000000E+00   0.0000000E+00   0.0000000E+00   0.0000000E+00
   5.6318195E-02   2.7343987E+05   2.7343987E+05   9.1182632E+01   3.2585840E+00   9.9167381E+00   2.7200495E+05   2.7343987E+05   0.0000000E+00   0.0000000E+00   0.0000000E+00   0.0000000E+00   0.0000000E+00
   5.9505773E-02   2.6140444E+05   2.6140444E+05   1.3389975E+02   2.7646565E+00   7.9814115E+00   2.6003218E+05   2.6140444E+05   0.0000000E+00   0.0000000E+00   0.0000000E+00   0.0000000E+00   0.0000000E+00
   6.2583763E-02   2.5082161E+05   2.5082161E+05   1.0184892E+02   2.3831600E+00   6.1518935E+00   2.4950456E+05   2.5082161E+05   0.0000000E+00   0.0000000E+00   0.0000000E+00   0.0000000E+00   0.0000000E+00
   6.5592900E-02   2.4109020E+05   2.4109020E+05   1.1723893E+02   2.0636902E+00   8.9845971E+00   2.3982396E+05   2.4109020E+05   0.0000000E+00   0.0000000E+00   0.0000000E+00   0.0000000E+00   0.0000000E+00
   6.8563812E-02   2.3181154E+05   2.3181154E+05   4.6001632E+01   1.8076606E+00   9.8762505E+00   2.3059384E+05   2.3181154E+05   0.0000000E+00   0.0000000E+00   0.0000000E+00   0.0000000E+00   0.0000000E+00
   7.1519949E-02   2.2272854E+05   2.2272854E+05   8.1022412E+01   1.5979960E+00   7.6246989E+00   2.2155828E+05   2.2272854E+05   0.0000000E+00   0.0000000E+00   0.0000000E+00   0.0000000E+00   0.0000000E+00
   7.4479741E-02   2.1368978E+05   2.1368978E+05   4.7627614E+01   1.4183808E+00   5.8306510E+00   2.1256688E+05   2.1368978E+05   0.0000000E+00   0.0000000E+00   0.0000000E+00   0.0000000E+00   0.0000000E+00
   7.7458096E-02   2.0462740E+05   2.0462740E+05   4.7598466E+01   1.2621419E+00   4.2616091E+00   2.0355195E+05   2.0462740E+05   0.0000000E+00   0.0000000E+00   0.0000000E+00   0.0000000E+00   0.0000000E+00
   8.0467419E-02   1.9554150E+05   1.9554150E+05   6.5494044E+01   1.1260599E+00   3.7628755E+00   1.9451368E+05   1.9554150E+05   0.0000000E+00   0.0000000E+00   0.0000000E+00   0.0000000E+00   0.0000000E+00
   8.3518315E-02   1.8648730E+05   1.8648730E+05   6.2869395E+01   1.0018965E+00   5.2022613E+00   1.8550698E+05   1.8648730E+05   0.0000000E+00   0.0000000E+00   0.0000000E+00   0.0000000E+00   0.0000000E+00
   8.6620078E-02   1.7756238E+05   1.7756238E+05   2.4216159E+01   9.0000158E-01   2.3524501E+00   1.7662885E+05   1.7756238E+05   0.0000000E+00   0.0000000E+00   0.0000000E+00   0.0000000E+00   0.0000000E+00
   8.9781043E-02   1.6889278E+05   1.6889278E+05   4.2595612E+01   8.0192055E-01   2.4878067E+00   1.6800473E+05   1.6889278E+05   0.0000000E+00   0.0000000E+00   0.0000000E+00   0.0000000E+00   0.0000000E+00
   9.3008836E-02   1.6061753E+05   1.6061753E+05   5.3478940E+01   7.1673619E-01   3.0302174E+00   1.5977291E+05   1.6061753E+05   0.0000000E+00   0.0000000E+00   0.0000000E+00   0.0000000E+00   0.0000000E+00
   9.6310557E-02   1.5287162E+05   1.5287162E+05   4.3497923E+01   6.4003873E-01   3.2418916E+00   1.5206765E+05   1.5287162E+05   0.0000000E+00   0.0000000E+00   0.0000000E+00   0.0000000E+00   0.0000000E+00
   9.9692920E-02   1.4576839E+05   1.4576839E+05   2.8604490E+01   5.7336394E-01   2.5063086E+00   1.4500172E+05   1.4576839E+05   0.0000000E+00   0.0000000E+00   0.0000000E+00   0.0000000E+00   0.0000000E+00
   1.0316235E-01   1.3938277E+05   1.3938277E+05   3.5503067E+01   5.1038409E-01   3.6337343E+00   1.3864962E+05   1.3938277E+05   0.0000000E+00   0.0000000E+00   0.0000000E+00   0.0000000E+00   0.0000000E+00
   1.0672508E-01   1.3373733E+05   1.3373733E+05   2.1928868E+01   4.5632973E-01   4.0276329E+00   1.3303385E+05   1.3373733E+05   0.0000000E+00   0.0000000E+00   0.0000000E+00   0.0000000E+00   0.0000000E+00
   1.1038719E-01   1.2879333E+05   1.2879333E+05   1.4050053E+01   4.0824212E-01   4.1490647E+00   1.2811582E+05   1.2879333E+05   0.0000000E+00   0.0000000E+00   0.0000000E+00   0.0000000E+00   0.0000000E+00
   1.1415464E-01   1.2444922E+05   1.2444922E+05   8.2951048E+00   3.6549705E-01   4.0803700E+00   1.2379451E+05   1.2444922E+05   0.0000000E+00   0.0000000E+00   0.0000000E+00   0.0000000E+00   0.0000000E+00
   1.1803337E-01   1.2054804E+05   1.2054804E+05   1.7692991E+01   3.2848701E-01   3.5769610E+00   1.1991383E+05   1.2054804E+05   0.0000000E+00   0.0000000E+00   0.0000000E+00   0.0000000E+00   0.0000000E+00
   1.2202924E-01   1.1689476E+05   1.1689476E+05   1.3993837E+01   2.9450900E-01   3.5497586E+00   1.1627975E+05   1.1689476E+05   0.0000000E+00   0.0000000E+00   0.0000000E+00   0.0000000E+00   0.0000000E+00
   1.2614813E-01   1.1328238E+05   1.1328238E+05   1.5067718E+01   2.6507894E-01   3.0877495E+00   1.1268632E+05   1.1328238E+05   0.0000000E+00   0.0000000E+00   0.0000000E+00   0.0000000E+00   0.0000000E+00
   1.3039588E-01   1.0952409E+05   1.0952409E+05   1.9205141E+01   2.3903055E-01   2.3706846E+00   1.0894778E+05   1.0952409E+05   0.0000000E+00   0.0000000E+00   0.0000000E+00   0.0000000E+00   0.0000000E+00
   1.3477839E-01   1.0548659E+05   1.0548659E+05   7.9914407E+00   2.1481579E-01   2.5585536E+00   1.0493150E+05   1.0548659E+05   0.0000000E+00   0.0000000E+00   0.0000000E+00   0.0000000E+00   0.0000000E+00
   1.3930154E-01   1.0111768E+05   1.0111768E+05   8.3281064E+00   1.9318364E-01   3.3780200E+00   1.0058556E+05   1.0111768E+05   0.0000000E+00   0.0000000E+00   0.0000000E+00   0.0000000E+00   0.0000000E+00
   1.4397127E-01   9.6461316E+04   9.6461316E+04   8.5117630E+00   1.7406162E-01   2.6307628E+00   9.5953684E+04   9.6461316E+04   0.0000000E+00   0.0000000E+00   0.0000000E+00   0.0000000E+00   0.0000000E+00
   1.4879354E-01   9.1653666E+04   9.1653666E+04   1.5887990E+01   1.5618057E-01   2.9461208E+00   9.1171322E+04   9.1653666E+04   0.0000000E+00   0.0000000E+00   0.0000000E+00   0.0000000E+00   0.0000000E+00
   1.5377436E-01   8.6897456E+04   8.6897456E+04   9.3996544E+00   1.4040386E-01   1.5495279E+00   8.6440124E+04   8.6897456E+04   0.0000000E+00   0.0000000E+00   0.0000000E+00   0.0000000E+00   0.0000000E+00
   1.5891980E-01   8.2416767E+04   8.2416767E+04   5.0974390E+00   1.2535536E-01   2.7823201E+00   8.1983007E+04   8.2416767E+04   0.0000000E+00   0.0000000E+00   0.0000000E+00   0.0000000E+00   0.0000000E+00
   1.6423597E-01   7.8400692E+04   7.8400692E+04   4.6261437E+00   1.1257272E-01   1.2317073E+00   7.7988056E+04   7.8400692E+04   0.0000000E+00   0.0000000E+00   0.0000000E+00   0.0000000E+00   0.0000000E+00
   1.6972907E-01   7.4949890E+04   7.4949890E+04   1.7019071E+00   1.0032237E-01   2.1359240E+00   7.4555400E+04   7.4949890E+04   0.0000000E+00   0.0000000E+00   0.0000000E+00   0.0000000E+00   0.0000000E+00
   1.7540537E-01   7.2042691E+04   7.2042691E+04   5.7170313E+00   8.9751578E-02   2.0838408E+00   7.1663495E+04   7.2042691E+04   0.0000000E+00   0.0000000E+00   0.0000000E+00   0.0000000E+00   0.0000000E+00
   1.8127124E-01   6.9535071E+04   6.9535071E+04   4.4033862E+00   8.0339106E-02   1.8634247E+00   6.9169064E+04   6.9535071E+04   0.0000000E+00   0.0000000E+00   0.0000000E+00   0.0000000E+00   0.0000000E+00
   1.8733317E-01   6.7200321E+04   6.7200321E+04   2.7108700E+00   7.2160892E-02   1.2483270E+00   6.6846597E+04   6.7200321E+04   0.0000000E+00   0.0000000E+00   0.0000000E+00   0.0000000E+00   0.0000000E+00
   1.9359780E-01   6.4800904E+04   6.4800904E+04   4.6741889E+00   6.4551053E-02   1.9070867E+00   6.4459801E+04   6.4800904E+04   0.0000000E+00   0.0000000E+00   0.0000000E+00   0.0000000E+00   0.0000000E+00
   2.0007191E-01   6.2170706E+04   6.2170706E+04   2.8090950E+00   5.8040778E-02   1.6084217E+00   6.1843443E+04   6.2170706E+04   0.0000000E+00   0.0000000E+00   0.0000000E+00   0.0000000E+00   0.0000000E+00
   2.0676253E-01   5.9276884E+04   5.9276884E+04   2.5967877E+00   5.2012693E-02   1.6010573E+00   5.8964848E+04   5.9276884E+04   0.0000000E+00   0.0000000E+00   0.0000000E+00   0.0000000E+00   0.0000000E+00
   2.1367691E-01   5.6232783E+04   5.6232783E+04   2.4641126E+00   4.6634980E-02   1.2304706E+00   5.5936767E+04   5.6232783E+04   0.0000000E+00   0.0000000E+00   0.0000000E+00   0.0000000E+00   0.0000000E+00
   2.2082260E-01   5.3249758E+04   5.3249758E+04   2.2255311E+00   4.1632191E-02   1.3400772E+00   5.2969439E+04   5.3249758E+04   0.0000000E+00   0.0000000E+00   0.0000000E+00   0.0000000E+00   0.0000000E+00
   2.2820753E-01   5.0542400E+04   5.0542400E+04   1.6821695E+00   3.7177107E-02   1.0389225E+00   5.0276330E+04   5.0542400E+04   0.0000000E+00   0.0000000E+00   0.0000000E+00   0.0000000E+00   0.0000000E+00
   2.3584002E-01   4.8227574E+04   4.8227574E+04   1.8909462E+00   3.3135074E-02   1.2897524E+00   4.7973685E+04   4.8227574E+04   0.0000000E+00   0.0000000E+00   0.0000000E+00   0.0000000E+00   0.0000000E+00
   2.4372892E-01   4.6267906E+04   4.6267906E+04   2.0434155E+00   2.9607448E-02   1.1790321E+00   4.6024331E+04   4.6267906E+04   0.0000000E+00   0.0000000E+00   0.0000000E+00   0.0000000E+00   0.0000000E+00
   2.5188366E-01   4.4494289E+04   4.4494289E+04   5.4936376E-01   2.6491281E-02   9.9348758E-01   4.4260048E+04   4.4494289E+04   0.0000000E+00   0.0000000E+00   0.0000000E+00   0.0000000E+00   0.0000000E+00
   2.6031438E-01   4.2701664E+04   4.2701664E+04   4.5174085E-01   2.3673988E-02   1.1554851E+00   4.2476857E+04   4.2701664E+04   0.0000000E+00   0.0000000E+00   0.0000000E+00   0.0000000E+00   0.0000000E+00
   2.6903201E-01   4.0767025E+04   4.0767025E+04   1.2269619E+00   2.1196707E-02   1.0287435E+00   4.0552401E+04   4.0767025E+04   0.0000000E+00   0.0000000E+00   0.0000000E+00   0.0000000E+00   0.0000000E+00
   2.7804846E-01   3.8717513E+04   3.8717513E+04   7.3868885E-01   1.8951163E-02   8.5120531E-01   3.8513677E+04   3.8717513E+04   0.0000000E+00   0.0000000E+00   0.0000000E+00   0.0000000E+00   0.0000000E+00
   2.8737676E-01   3.6700891E+04   3.6700891E+04   1.5133247E+00   1.6886918E-02   9.8243126E-01   3.6507669E+04   3.6700891E+04   0.0000000E+00   0.0000000E+00   0.0000000E+00   0.0000000E+00   0.0000000E+00
   2.9703121E-01   3.4874015E+04   3.4874015E+04   5.4820713E-01   1.5052367E-02   8.7251813E-01   3.4690410E+04   3.4874015E+04   0.0000000E+00   0.0000000E+00   0.0000000E+00   0.0000000E+00   0.0000000E+00
   3.0702767E-01   3.3287473E+04   3.3287473E+04   7.4996498E-01   1.3408346E-02   8.6965375E-01   3.3112220E+04   3.3287473E+04   0.0000000E+00   0.0000000E+00   0.0000000E+00   0.0000000E+00   0.0000000E+00
   3.1738376E-01   3.1855117E+04   3.1855117E+04   5.4716710E-01   1.1941993E-02   9.4335241E-01   3.1687404E+04   3.1855117E+04   0.0000000E+00   0.0000000E+00   0.0000000E+00   0.0000000E+00   0.0000000E+00
   3.2811919E-01   3.0435014E+04   3.0435014E+04   3.8784216E-01   1.0665967E-02   7.7503660E-01   3.0274776E+04   3.0435014E+04   0.0000000E+00   0.0000000E+00   0.0000000E+00   0.0000000E+00   0.0000000E+00
   3.3925612E-01   2.8953606E+04   2.8953606E+04   2.8313398E-01   9.5029855E-03   7.5875759E-01   2.8801166E+04   2.8953606E+04   0.0000000E+00   0.0000000E+00   0.0000000E+00   0.0000000E+00   0.0000000E+00
   3.5081960E-01   2.7460532E+04   2.7460532E+04   5.0768351E-01   8.4541202E-03   7.3582839E-01   2.7315952E+04   2.7460532E+04   0.0000000E+00   0.0000000E+00   0.0000000E+00   0.0000000E+00   0.0000000E+00
   3.6283813E-01   2.6062042E+04   2.6062042E+04   4.1188923E-01   7.5093389E-03   7.0736985E-01   2.5924824E+04   2.6062042E+04   0.0000000E+00   0.0000000E+00   0.0000000E+00   0.0000000E+00   0.0000000E+00
   3.7534429E-01   2.4802783E+04   2.4802783E+04   3.3508075E-01   6.6718008E-03   6.1701406E-01   2.4672195E+04   2.4802783E+04   0.0000000E+00   0.0000000E+00   0.0000000E+00   0.0000000E+00   0.0000000E+00
   3.8837561E-01   2.3624715E+04   2.3624715E+04   3.2015281E-01   5.9215341E-03   6.2020137E-01   2.3500329E+04   2.3624715E+04   0.0000000E+00   0.0000000E+00   0.0000000E+00   0.0000000E+00   0.0000000E+00
   4.0197555E-01   2.2447275E+04   2.2447275E+04   2.6884767E-01   5.2540190E-03   5.5399407E-01   2.2329087E+04   2.2447275E+04   0.0000000E+00   0.0000000E+00   0.0000000E+00   0.0000000E+00   0.0000000E+00
   4.1619488E-01   2.1265573E+04   2.1265573E+04   1.7654365E-01   4.6508805E-03   5.2237227E-01   2.1153607E+04   2.1265573E+04   0.0000000E+00   0.0000000E+00   0.0000000E+00   0.0000000E+00   0.0000000E+00
   4.3109333E-01   2.0138469E+04   2.0138469E+04   1.7454169E-01   4.1055587E-03   5.2616770E-01   2.0032437E+04   2.0138469E+04   0.0000000E+00   0.0000000E+00   0.0000000E+00   0.0000000E+00   0.0000000E+00
   4.4674183E-01   1.9090680E+04   1.9090680E+04   1.9684914E-01   3.6220756E-03   4.7686795E-01   1.8990164E+04   1.9090680E+04   0.0000000E+00   0.0000000E+00   0.0000000E+00   0.0000000E+00   0.0000000E+00
   4.6322541E-01   1.8080250E+04   1.8080250E+04   1.2100527E-01   3.1869682E-03   4.7093671E-01   1.7985054E+04   1.8080250E+04   0.0000000E+00   0.0000000E+00   0.0000000E+00   0.0000000E+00   0.0000000E+00
   4.8064713E-01   1.7076257E+04   1.7076257E+04   1.0296657E-01   2.7986468E-03   4.3207839E-01   1.6986346E+04   1.7076257E+04   0.0000000E+00   0.0000000E+00   0.0000000E+00   0.0000000E+00   0.0000000E+00
   4.9913337E-01   1.6103032E+04   1.6103032E+04   1.0446697E-01   2.4480901E-03   4.0570690E-01   1.6018246E+04   1.6103032E+04   0.0000000E+00   0.0000000E+00   0.0000000E+00   0.0000000E+00   0.0000000E+00
   5.1884122E-01   1.5175250E+04   1.5175250E+04   8.8196450E-02   2.1335480E-03   3.9067405E-01   1.5095348E+04   1.5175250E+04   0.0000000E+00   0.0000000E+00   0.0000000E+00   0.0000000E+00   0.0000000E+00
   5.3996884E-01   1.4266920E+04   1.4266920E+04   8.1989438E-02   1.8517638E-03   3.6986803E-01   1.4191800E+04   1.4266920E+04   0.0000000E+00   0.0000000E+00   0.0000000E+00   0.0000000E+00   0.0000000E+00
   5.6277036E-01   1.3372366E+04   1.3372366E+04   6.6153423E-02   1.5988016E-03   3.4038962E-01   1.3301956E+04   1.3372366E+04   0.0000000E+00   0.0000000E+00   0.0000000E+00   0.0000000E+00   0.0000000E+00
   5.8757766E-01   1.2502832E+04   1.2502832E+04   6.1773189E-02   1.3707693E-03   3.2301782E-01   1.2437000E+04   1.2502832E+04   0.0000000E+00   0.0000000E+00   0.0000000E+00   0.0000000E+00   0.0000000E+00
   6.1483300E-01   1.1644239E+04   1.1644239E+04   5.4551508E-02   1.1659747E-03   2.9780645E-01   1.1582928E+04   1.1644239E+04   0.0000000E+00   0.0000000E+00   0.0000000E+00   0.0000000E+00   0.0000000E+00
   6.4513854E-01   1.0793351E+04   1.0793351E+04   4.3592397E-02   9.8164695E-04   2.7738394E-01   1.0736520E+04   1.0793351E+04   0.0000000E+00   0.0000000E+00   0.0000000E+00   0.0000000E+00   0.0000000E+00
   6.7933255E-01   9.9469294E+03   9.9469294E+03   3.8513005E-02   8.1592070E-04   2.5364719E-01   9.8945549E+03   9.9469294E+03   0.0000000E+00   0.0000000E+00   0.0000000E+00   0.0000000E+00   0.0000000E+00
   7.1860640E-01   9.0966945E+03   9.0966945E+03   3.0362599E-02   6.6678590E-04   2.3346499E-01   9.0487967E+03   9.0966945E+03   0.0000000E+00   0.0000000E+00   0.0000000E+00   0.0000000E+00   0.0000000E+00
   7.6467725E-01   8.2373977E+03   8.2373977E+03   2.4122826E-02   5.3318494E-04   2.1351759E-01   8.1940243E+03   8.2373977E+03   0.0000000E+00   0.0000000E+00   0.0000000E+00   0.0000000E+00   0.0000000E+00
   8.2001011E-01   7.3636521E+03   7.3636521E+03   1.8983912E-02   4.1447618E-04   1.9027594E-01   7.3248793E+03   7.3636521E+03   0.0000000E+00   0.0000000E+00   0.0000000E+00   0.0000000E+00   0.0000000E+00
   8.8797992E-01   6.4754298E+03   6.4754298E+03   1.4241763E-02   3.1083635E-04   1.6713806E-01   6.4413338E+03   6.4754298E+03   0.0000000E+00   0.0000000E+00   0.0000000E+00   0.0000000E+00   0.0000000E+00
   9.7258139E-01   5.5858033E+03   5.5858033E+03   1.0209637E-02   2.2350051E-04   1.4304580E-01   5.5563915E+03   5.5858033E+03   0.0000000E+00   0.0000000E+00   0.0000000E+00   0.0000000E+00   0.0000000E+00
   1.0770764E+00   4.7276121E+03   4.7276121E+03   7.0511274E-03   1.5422782E-04   1.2182951E-01   4.7027190E+03   4.7276121E+03   0.0000000E+00   0.0000000E+00   0.0000000E+00   0.0000000E+00   0.0000000E+00
   1.2022367E+00   3.9451552E+03   3.9451552E+03   4.7213371E-03   1.0331094E-04   1.0055825E-01   3.9243820E+03   3.9451552E+03   0.0000000E+00   0.0000000E+00   0.0000000E+00   0.0000000E+00   0.0000000E+00
   1.3469739E+00   3.2678474E+03   3.2678474E+03   3.1150766E-03   6.8175122E-05   8.3000376E-02   3.2506406E+03   3.2678474E+03   0.0000000E+00   0.0000000E+00   0.0000000E+00   0.0000000E+00   0.0000000E+00
   1.5108961E+00   2.6982243E+03   2.6982243E+03   2.0443864E-03   4.4740520E-05   6.8634718E-02   2.6840168E+03   2.6982243E+03   0.0000000E+00   0.0000000E+00   0.0000000E+00   0.0000000E+00   0.0000000E+00
   1.6951854E+00   2.2243118E+03   2.2243118E+03   1.3387662E-03   2.9299838E-05   5.6583001E-02   2.2125997E+03   2.2243118E+03   0.0000000E+00   0.0000000E+00   0.0000000E+00   0.0000000E+00   0.0000000E+00
   1.9020220E+00   1.8314488E+03   1.8314488E+03   8.7559210E-04   1.9159050E-05   4.7112400E-02   1.8218053E+03   1.8314488E+03   0.0000000E+00   0.0000000E+00   0.0000000E+00   0.0000000E+00   0.0000000E+00
   2.1341032E+00   1.5063411E+03   1.5063411E+03   5.7204059E-04   1.2518820E-05   3.8652851E-02   1.4984094E+03   1.5063411E+03   0.0000000E+00   0.0000000E+00   0.0000000E+00   0.0000000E+00   0.0000000E+00
   2.3945031E+00   1.2376751E+03   1.2376751E+03   3.7335098E-04   8.1704348E-06   3.1600950E-02   1.2311581E+03   1.2376751E+03   0.0000000E+00   0.0000000E+00   0.0000000E+00   0.0000000E+00   0.0000000E+00
   2.6866767E+00   1.0159368E+03   1.0159368E+03   2.4343132E-04   5.3274092E-06   2.5858179E-02   1.0105874E+03   1.0159368E+03   0.0000000E+00   0.0000000E+00   0.0000000E+00   0.0000000E+00   0.0000000E+00
   3.0145009E+00   8.3315097E+02   8.3315097E+02   1.5857383E-04   3.4702588E-06   2.1442799E-02   8.2876400E+02   8.3315097E+02   0.0000000E+00   0.0000000E+00   0.0000000E+00   0.0000000E+00   0.0000000E+00
   3.3823256E+00   6.8264842E+02   6.8264842E+02   1.0320695E-04   2.2587746E-06   1.7391698E-02   6.7905392E+02   6.8264842E+02   0.0000000E+00   0.0000000E+00   0.0000000E+00   0.0000000E+00   0.0000000E+00
   3.7950317E+00   5.5886225E+02   5.5886225E+02   6.7115551E-05   1.4688310E-06   1.4325996E-02   5.5591955E+02   5.5886225E+02   0.0000000E+00   0.0000000E+00   0.0000000E+00   0.0000000E+00   0.0000000E+00
   4.2580956E+00   4.5715522E+02   4.5715522E+02   4.3610181E-05   9.5450773E-07   1.1705670E-02   4.5474806E+02   4.5715522E+02   0.0000000E+00   0.0000000E+00   0.0000000E+00   0.0000000E+00   0.0000000E+00
   4.7776619E+00   3.7367126E+02   3.7367126E+02   2.8314993E-05   6.1981478E-07   9.5066626E-03   3.7170369E+02   3.7367126E+02   0.0000000E+00   0.0000000E+00   0.0000000E+00   0.0000000E+00   0.0000000E+00
   5.3606248E+00   3.0520927E+02   3.0520927E+02   1.8370854E-05   4.0216955E-07   7.7953798E-03   3.0360218E+02   3.0520927E+02   0.0000000E+00   0.0000000E+00   0.0000000E+00   0.0000000E+00   0.0000000E+00
   6.0147200E+00   2.4911609E+02   2.4911609E+02   1.1910762E-05   2.6079820E-07   6.3423091E-03   2.4780437E+02   2.4911609E+02   0.0000000E+00   0.0000000E+00   0.0000000E+00   0.0000000E+00   0.0000000E+00
   6.7486268E+00   2.0319597E+02   2.0319597E+02   7.7171621E-06   1.6899505E-07   5.2200735E-03   2.0212604E+02   2.0319597E+02   0.0000000E+00   0.0000000E+00   0.0000000E+00   0.0000000E+00   0.0000000E+00
   7.5720838E+00   1.6563420E+02   1.6563420E+02   4.9968677E-06   1.0945244E-07   4.2454142E-03   1.6476205E+02   1.6563420E+02   0.0000000E+00   0.0000000E+00   0.0000000E+00   0.0000000E+00   0.0000000E+00
   8.4960178E+00   1.3493303E+02   1.3493303E+02   3.2334924E-06   7.0850776E-08   3.4537241E-03   1.3422253E+02   1.3493303E+02   0.0000000E+00   0.0000000E+00   0.0000000E+00   0.0000000E+00   0.0000000E+00
