#           k/h    CDM            baryon         photon         nu             mass_nu        total          no_nu          total_de       Weyl           v_CDM          v_b            v_b-v_c     
   1.0537954E-05   2.2591940E+06   2.2591940E+06   3.0121014E+06   1.2640808E+04   1.5162511E+04   2.2595443E+06   2.2591940E+06   0.0000000E+00   0.0000000E+00   0.0000000E+00   0.0000000E+00   0.0000000E+00
   1.1823779E-05   2.2591934E+06   2.2591934E+06   3.0120601E+06   1.2640700E+04   1.5162260E+04   2.2595437E+06   2.2591934E+06   0.0000000E+00   0.0000000E+00   0.0000000E+00   0.0000000E+00   0.0000000E+00
   1.3266498E-05   2.2591928E+06   2.2591928E+06   3.0120080E+06   1.2640564E+04   1.5161944E+04   2.2595430E+06   2.2591928E+06   0.0000000E+00   0.0000000E+00   0.0000000E+00   0.0000000E+00   0.0000000E+00
   1.4885255E-05   2.2591920E+06   2.2591920E+06   3.0119424E+06   1.2640392E+04   1.5161546E+04   2.2595421E+06   2.2591920E+06   0.0000000E+00   0.0000000E+00   0.0000000E+00   0.0000000E+00   0.0000000E+00
   1.6701531E-05   2.2591910E+06   2.2591910E+06   3.0118599E+06   1.2640177E+04   1.5161045E+04   2.2595410E+06   2.2591910E+06   0.0000000E+00   0.0000000E+00   0.0000000E+00   0.0000000E+00   0.0000000E+00
   1.8739426E-05   2.2591897E+06   2.2591897E+06   3.0117560E+06   1.2639905E+04   1.5160414E+04   2.2595395E+06   2.2591897E+06   0.0000000E+00   0.0000000E+00   0.0000000E+00   0.0000000E+00   0.0000000E+00
   2.1025982E-05   2.2591881E+06   2.2591881E+06   3.0116252E+06   1.2639563E+04   1.5159620E+04   2.2595378E+06   2.2591881E+06   0.0000000E+00   0.0000000E+00   0.0000000E+00   0.0000000E+00   0.0000000E+00
   2.3591540E-05   2.2591861E+06   2.2591861E+06   3.0114605E+06   1.2639133E+04   1.5158621E+04   2.2595355E+06   2.2591861E+06   0.0000000E+00   0.0000000E+00   0.0000000E+00   0.0000000E+00   0.0000000E+00
   2.6470143E-05   2.2591836E+06   2.2591836E+06   3.0112532E+06   1.2638591E+04   1.5157363E+04   2.2595327E+06   2.2591836E+06   0.0000000E+00   0.0000000E+00   0.0000000E+00   0.0000000E+00   0.0000000E+00
   2.9699989E-05   2.2591804E+06   2.2591804E+06   3.0109923E+06   1.2637909E+04   1.5155779E+04   2.2595291E+06   2.2591804E+06   0.0000000E+00   0.0000000E+00   0.0000000E+00   0.0000000E+00   0.0000000E+00
   3.3323936E-05   2.2591764E+06   2.2591764E+06   3.0106638E+06   1.2637051E+04   1.5153786E+04   2.2595247E+06   2.2591764E+06   0.0000000E+00   0.0000000E+00   0.0000000E+00   0.0000000E+00   0.0000000E+00
   3.7390071E-05   2.2591713E+06   2.2591713E+06   3.0102503E+06   1.2635970E+04   1.5151277E+04   2.2595190E+06   2.2591713E+06   0.0000000E+00   0.0000000E+00   0.0000000E+00   0.0000000E+00   0.0000000E+00
   4.1952349E-05   2.2591650E+06   2.2591650E+06   3.0097299E+06   1.2634610E+04   1.5148119E+04   2.2595119E+06   2.2591650E+06   0.0000000E+00   0.0000000E+00   0.0000000E+00   0.0000000E+00   0.0000000E+00
   4.7071310E-05   2.2591570E+06   2.2591570E+06   3.0090748E+06   1.2632897E+04   1.5144145E+04   2.2595030E+06   2.2591570E+06   0.0000000E+00   0.0000000E+00   0.0000000E+00   0.0000000E+00   0.0000000E+00
   5.2814879E-05   2.2591469E+06   2.2591469E+06   3.0082502E+06   1.2630742E+04   1.5139144E+04   2.2594918E+06   2.2591469E+06   0.0000000E+00   0.0000000E+00   0.0000000E+00   0.0000000E+00   0.0000000E+00
   5.9259269E-05   2.2591342E+06   2.2591342E+06   3.0072125E+06   1.2628029E+04   1.5132852E+04   2.2594776E+06   2.2591342E+06   0.0000000E+00   0.0000000E+00   0.0000000E+00   0.0000000E+00   0.0000000E+00
   6.6489993E-05   2.2591182E+06   2.2591182E+06   3.0059065E+06   1.2624614E+04   1.5124936E+04   2.2594598E+06   2.2591182E+06   0.0000000E+00   0.0000000E+00   0.0000000E+00   0.0000000E+00   0.0000000E+00
   7.4602999E-05   2.2590981E+06   2.2590981E+06   3.0042632E+06   1.2620317E+04   1.5114979E+04   2.2594374E+06   2.2590981E+06   0.0000000E+00   0.0000000E+00   0.0000000E+00   0.0000000E+00   0.0000000E+00
   8.3705942E-05   2.2590728E+06   2.2590728E+06   3.0021955E+06   1.2614910E+04   1.5102457E+04   2.2594091E+06   2.2590728E+06   0.0000000E+00   0.0000000E+00   0.0000000E+00   0.0000000E+00   0.0000000E+00
   9.3919611E-05   2.2590409E+06   2.2590409E+06   2.9995943E+06   1.2608106E+04   1.5086714E+04   2.2593736E+06   2.2590409E+06   0.0000000E+00   0.0000000E+00   0.0000000E+00   0.0000000E+00   0.0000000E+00
   1.0537954E-04   2.2590008E+06   2.2590008E+06   2.9963225E+06   1.2599545E+04   1.5066929E+04   2.2593289E+06   2.2590008E+06   0.0000000E+00   0.0000000E+00   0.0000000E+00   0.0000000E+00   0.0000000E+00
   1.1823779E-04   2.2589503E+06   2.2589503E+06   2.9922084E+06   1.2588777E+04   1.5042074E+04   2.2592726E+06   2.2589503E+06   0.0000000E+00   0.0000000E+00   0.0000000E+00   0.0000000E+00   0.0000000E+00
   1.3266498E-04   2.2588868E+06   2.2588868E+06   2.9870364E+06   1.2575235E+04   1.5010867E+04   2.2592018E+06   2.2588868E+06   0.0000000E+00   0.0000000E+00   0.0000000E+00   0.0000000E+00   0.0000000E+00
   1.4885255E-04   2.2588068E+06   2.2588068E+06   2.9805370E+06   1.2558209E+04   1.4971714E+04   2.2591127E+06   2.2588068E+06   0.0000000E+00   0.0000000E+00   0.0000000E+00   0.0000000E+00   0.0000000E+00
   1.6701531E-04   2.2587063E+06   2.2587063E+06   2.9723735E+06   1.2536810E+04   1.4922634E+04   2.2590006E+06   2.2587063E+06   0.0000000E+00   0.0000000E+00   0.0000000E+00   0.0000000E+00   0.0000000E+00
   1.8739426E-04   2.2585797E+06   2.2585797E+06   2.9621256E+06   1.2509926E+04   1.4861179E+04   2.2588596E+06   2.2585797E+06   0.0000000E+00   0.0000000E+00   0.0000000E+00   0.0000000E+00   0.0000000E+00
   2.1025982E-04   2.2584206E+06   2.2584206E+06   2.9492709E+06   1.2476169E+04   1.4784337E+04   2.2586823E+06   2.2584206E+06   0.0000000E+00   0.0000000E+00   0.0000000E+00   0.0000000E+00   0.0000000E+00
   2.3591540E-04   2.2582205E+06   2.2582205E+06   2.9331614E+06   1.2433812E+04   1.4688427E+04   2.2584594E+06   2.2582205E+06   0.0000000E+00   0.0000000E+00   0.0000000E+00   0.0000000E+00   0.0000000E+00
   2.6470143E-04   2.2579690E+06   2.2579690E+06   2.9129967E+06   1.2380708E+04   1.4568986E+04   2.2581792E+06   2.2579690E+06   0.0000000E+00   0.0000000E+00   0.0000000E+00   0.0000000E+00   0.0000000E+00
   2.9699989E-04   2.2576530E+06   2.2576530E+06   2.8877939E+06   1.2314201E+04   1.4420667E+04   2.2578273E+06   2.2576530E+06   0.0000000E+00   0.0000000E+00   0.0000000E+00   0.0000000E+00   0.0000000E+00
   3.3323936E-04   2.2572561E+06   2.2572561E+06   2.8563534E+06   1.2231023E+04   1.4237153E+04   2.2573855E+06   2.2572561E+06   0.0000000E+00   0.0000000E+00   0.0000000E+00   0.0000000E+00   0.0000000E+00
   3.7390071E-04   2.2567580E+06   2.2567580E+06   2.8172244E+06   1.2127171E+04   1.4011138E+04   2.2568312E+06   2.2567580E+06   0.0000000E+00   0.0000000E+00   0.0000000E+00   0.0000000E+00   0.0000000E+00
   4.1952349E-04   2.2561333E+06   2.2561333E+06   2.7686727E+06   1.1997786E+04   1.3734413E+04   2.2561363E+06   2.2561333E+06   0.0000000E+00   0.0000000E+00   0.0000000E+00   0.0000000E+00   0.0000000E+00
   4.7071310E-04   2.2553505E+06   2.2553505E+06   2.7086574E+06   1.1837026E+04   1.3398139E+04   2.2552663E+06   2.2553505E+06   0.0000000E+00   0.0000000E+00   0.0000000E+00   0.0000000E+00   0.0000000E+00
   5.2814879E-04   2.2543710E+06   2.2543710E+06   2.6348268E+06   1.1637964E+04   1.2993442E+04   2.2541784E+06   2.2543710E+06   0.0000000E+00   0.0000000E+00   0.0000000E+00   0.0000000E+00   0.0000000E+00
   5.9259269E-04   2.2531470E+06   2.2531470E+06   2.5445515E+06   1.1392536E+04   1.2512467E+04   2.2528205E+06   2.2531470E+06   0.0000000E+00   0.0000000E+00   0.0000000E+00   0.0000000E+00   0.0000000E+00
   6.6489993E-04   2.2516205E+06   2.2516205E+06   2.4350173E+06   1.1091585E+04   1.1950119E+04   2.2511290E+06   2.2516205E+06   0.0000000E+00   0.0000000E+00   0.0000000E+00   0.0000000E+00   0.0000000E+00
   7.4602999E-04   2.2497210E+06   2.2497210E+06   2.3034142E+06   1.0725077E+04   1.1306700E+04   2.2490277E+06   2.2497210E+06   0.0000000E+00   0.0000000E+00   0.0000000E+00   0.0000000E+00   0.0000000E+00
   8.3705942E-04   2.2473642E+06   2.2473642E+06   2.1472638E+06   1.0282595E+04   1.0591613E+04   2.2464257E+06   2.2473642E+06   0.0000000E+00   0.0000000E+00   0.0000000E+00   0.0000000E+00   0.0000000E+00
   9.3919611E-04   2.2444501E+06   2.2444501E+06   1.9649350E+06   9.7542339E+03   9.8280586E+03   2.2432166E+06   2.2444501E+06   0.0000000E+00   0.0000000E+00   0.0000000E+00   0.0000000E+00   0.0000000E+00
   1.0537954E-03   2.2408624E+06   2.2408624E+06   1.7563871E+06   9.1320553E+03   9.0581118E+03   2.2392780E+06   2.2408624E+06   0.0000000E+00   0.0000000E+00   0.0000000E+00   0.0000000E+00   0.0000000E+00
   1.1823779E-03   2.2364678E+06   2.2364678E+06   1.5241395E+06   8.4122356E+03   8.3464833E+03   2.2344722E+06   2.2364678E+06   0.0000000E+00   0.0000000E+00   0.0000000E+00   0.0000000E+00   0.0000000E+00
   1.3266498E-03   2.2311176E+06   2.2311176E+06   1.2743701E+06   7.5979408E+03   7.7795566E+03   2.2286493E+06   2.2311176E+06   0.0000000E+00   0.0000000E+00   0.0000000E+00   0.0000000E+00   0.0000000E+00
   1.4885255E-03   2.2246499E+06   2.2246499E+06   1.0178636E+06   6.7027062E+03   7.4541182E+03   2.2216511E+06   2.2246499E+06   0.0000000E+00   0.0000000E+00   0.0000000E+00   0.0000000E+00   0.0000000E+00
   1.6701531E-03   2.2168941E+06   2.2168941E+06   7.7025604E+05   5.7536219E+03   7.4488181E+03   2.2133179E+06   2.2168941E+06   0.0000000E+00   0.0000000E+00   0.0000000E+00   0.0000000E+00   0.0000000E+00
   1.8739426E-03   2.2076758E+06   2.2076758E+06   5.5072306E+05   4.7928962E+03   7.7740129E+03   2.2034952E+06   2.2076758E+06   0.0000000E+00   0.0000000E+00   0.0000000E+00   0.0000000E+00   0.0000000E+00
   2.1025982E-03   2.1968212E+06   2.1968212E+06   3.7817876E+05   3.8755772E+03   8.3080358E+03   2.1920381E+06   2.1968212E+06   0.0000000E+00   0.0000000E+00   0.0000000E+00   0.0000000E+00   0.0000000E+00
   2.3591540E-03   2.1841574E+06   2.1841574E+06   2.6468951E+05   3.0609780E+03   8.7557158E+03   2.1788093E+06   2.1841574E+06   0.0000000E+00   0.0000000E+00   0.0000000E+00   0.0000000E+00   0.0000000E+00
   2.6470143E-03   2.1695065E+06   2.1695065E+06   2.0779514E+05   2.3968813E+03   8.7020290E+03   2.1636665E+06   2.1695065E+06   0.0000000E+00   0.0000000E+00   0.0000000E+00   0.0000000E+00   0.0000000E+00
   2.9699989E-03   2.1526741E+06   2.1526741E+06   1.8674238E+05   1.9002756E+03   7.8384796E+03   2.1464390E+06   2.1526741E+06   0.0000000E+00   0.0000000E+00   0.0000000E+00   0.0000000E+00   0.0000000E+00
   3.3323936E-03   2.1334371E+06   2.1334371E+06   1.6984985E+05   1.5457130E+03   6.3217562E+03   2.1269044E+06   2.1334371E+06   0.0000000E+00   0.0000000E+00   0.0000000E+00   0.0000000E+00   0.0000000E+00
   3.7390071E-03   2.1115438E+06   2.1115438E+06   1.3530745E+05   1.2763839E+03   4.9301393E+03   2.1047848E+06   2.1115438E+06   0.0000000E+00   0.0000000E+00   0.0000000E+00   0.0000000E+00   0.0000000E+00
   4.1952349E-03   2.0867329E+06   2.0867329E+06   9.1044604E+04   1.0414190E+03   4.4870623E+03   2.0797803E+06   2.0867329E+06   0.0000000E+00   0.0000000E+00   0.0000000E+00   0.0000000E+00   0.0000000E+00
   4.7071310E-03   2.0587594E+06   2.0587594E+06   6.4502763E+04   8.3123322E+02   4.7080032E+03   2.0516218E+06   2.0587594E+06   0.0000000E+00   0.0000000E+00   0.0000000E+00   0.0000000E+00   0.0000000E+00
   5.2814879E-03   2.0273910E+06   2.0273910E+06   5.9995290E+04   6.6473232E+02   4.2658739E+03   2.0200888E+06   2.0273910E+06   0.0000000E+00   0.0000000E+00   0.0000000E+00   0.0000000E+00   0.0000000E+00
   5.9259269E-03   1.9923772E+06   1.9923772E+06   4.9376121E+04   5.3843507E+02   3.1654505E+03   1.9849593E+06   1.9923772E+06   0.0000000E+00   0.0000000E+00   0.0000000E+00   0.0000000E+00   0.0000000E+00
   6.6489993E-03   1.9534538E+06   1.9534538E+06   3.1271390E+04   4.2790704E+02   2.9902542E+03   1.9459763E+06   1.9534538E+06   0.0000000E+00   0.0000000E+00   0.0000000E+00   0.0000000E+00   0.0000000E+00
   7.4602999E-03   1.9103783E+06   1.9103783E+06   2.8499363E+04   3.3771440E+02   2.8343947E+03   1.9028816E+06   1.9103783E+06   0.0000000E+00   0.0000000E+00   0.0000000E+00   0.0000000E+00   0.0000000E+00
   8.3705942E-03   1.8629067E+06   1.8629067E+06   2.1653570E+04   2.6980561E+02   2.0503092E+03   1.8554252E+06   1.8629067E+06   0.0000000E+00   0.0000000E+00   0.0000000E+00   0.0000000E+00   0.0000000E+00
   9.3919611E-03   1.8107821E+06   1.8107821E+06   1.7405505E+04   2.0996262E+02   2.1434602E+03   1.8033629E+06   1.8107821E+06   0.0000000E+00   0.0000000E+00   0.0000000E+00   0.0000000E+00   0.0000000E+00
   1.0537954E-02   1.7537698E+06   1.7537698E+06   1.4702366E+04   1.6590468E+02   1.5109818E+03   1.7464651E+06   1.7537698E+06   0.0000000E+00   0.0000000E+00   0.0000000E+00   0.0000000E+00   0.0000000E+00
   1.1823779E-02   1.6916316E+06   1.6916316E+06   9.7087364E+03   1.2860461E+02   1.4827418E+03   1.6844749E+06   1.6916316E+06   0.0000000E+00   0.0000000E+00   0.0000000E+00   0.0000000E+00   0.0000000E+00
   1.3266498E-02   1.6241540E+06   1.6241540E+06   6.8609795E+03   9.9328634E+01   1.2377974E+03   1.6171959E+06   1.6241540E+06   0.0000000E+00   0.0000000E+00   0.0000000E+00   0.0000000E+00   0.0000000E+00
   1.4885255E-02   1.5511664E+06   1.5511664E+06   5.3266515E+03   7.6777755E+01   8.8577299E+02   1.5444439E+06   1.5511664E+06   0.0000000E+00   0.0000000E+00   0.0000000E+00   0.0000000E+00   0.0000000E+00
   1.6701531E-02   1.4725785E+06   1.4725785E+06   4.9552644E+03   5.8569028E+01   7.6301548E+02   1.4661362E+06   1.4725785E+06   0.0000000E+00   0.0000000E+00   0.0000000E+00   0.0000000E+00   0.0000000E+00
   1.8739426E-02   1.3884460E+06   1.3884460E+06   4.2314603E+03   4.4265968E+01   7.0125885E+02   1.3823231E+06   1.3884460E+06   0.0000000E+00   0.0000000E+00   0.0000000E+00   0.0000000E+00   0.0000000E+00
   2.1025981E-02   1.2990621E+06   1.2990621E+06   2.3955106E+03   3.3337565E+01   5.5953413E+02   1.2932931E+06   1.2990621E+06   0.0000000E+00   0.0000000E+00   0.0000000E+00   0.0000000E+00   0.0000000E+00
   2.3591515E-02   1.2050839E+06   1.2050839E+06   1.9798706E+03   2.4865383E+01   4.3622178E+02   1.1997011E+06   1.2050839E+06   0.0000000E+00   0.0000000E+00   0.0000000E+00   0.0000000E+00   0.0000000E+00
   2.6469777E-02   1.1076921E+06   1.1076921E+06   1.5139653E+03   1.8321564E+01   3.9765012E+02   1.1027201E+06   1.1076921E+06   0.0000000E+00   0.0000000E+00   0.0000000E+00   0.0000000E+00   0.0000000E+00
   2.9696307E-02   1.0087952E+06   1.0087952E+06   9.3846014E+02   1.3419421E+01   3.0047000E+02   1.0042486E+06   1.0087952E+06   0.0000000E+00   0.0000000E+00   0.0000000E+00   0.0000000E+00   0.0000000E+00
   3.3297505E-02   9.1135471E+05   9.1135471E+05   6.8428328E+02   9.7207021E+00   2.7162447E+02   9.0723343E+05   9.1135471E+05   0.0000000E+00   0.0000000E+00   0.0000000E+00   0.0000000E+00   0.0000000E+00
   3.7251094E-02   8.1985519E+05   8.1985519E+05   5.0213760E+02   7.0385724E+00   2.2127598E+02   8.1613713E+05   8.1985519E+05   0.0000000E+00   0.0000000E+00   0.0000000E+00   0.0000000E+00   0.0000000E+00
   4.1413906E-02   7.4005855E+05   7.4005855E+05   4.1035199E+02   5.1532071E+00   1.8893325E+02   7.3669495E+05   7.4005855E+05   0.0000000E+00   0.0000000E+00   0.0000000E+00   0.0000000E+00   0.0000000E+00
   4.5525600E-02   6.7616364E+05   6.7616364E+05   2.5182429E+02   3.8946343E+00   1.6536117E+02   6.7308531E+05   6.7616364E+05   0.0000000E+00   0.0000000E+00   0.0000000E+00   0.0000000E+00   0.0000000E+00
   4.9387658E-02   6.2756402E+05   6.2756402E+05   2.0568848E+02   3.0596233E+00   1.4085526E+02   6.2470339E+05   6.2756402E+05   0.0000000E+00   0.0000000E+00   0.0000000E+00   0.0000000E+00   0.0000000E+00
   5.2967249E-02   5.9042253E+05   5.9042253E+05   1.6666696E+02   2.4899954E+00   1.2426793E+02   5.8772870E+05   5.9042253E+05   0.0000000E+00   0.0000000E+00   0.0000000E+00   0.0000000E+00   0.0000000E+00
   5.6318195E-02   5.6089716E+05   5.6089716E+05   1.5110935E+02   2.0792536E+00   1.2595337E+02   5.5833624E+05   5.6089716E+05   0.0000000E+00   0.0000000E+00   0.0000000E+00   0.0000000E+00   0.0000000E+00
   5.9505773E-02   5.3620911E+05   5.3620911E+05   1.1486632E+02   1.7753156E+00   9.7667500E+01   5.3375940E+05   5.3620911E+05   0.0000000E+00   0.0000000E+00   0.0000000E+00   0.0000000E+00   0.0000000E+00
   6.2583763E-02   5.1450077E+05   5.1450077E+05   8.8728002E+01   1.5312768E+00   1.0852623E+02   5.1214906E+05   5.1450077E+05   0.0000000E+00   0.0000000E+00   0.0000000E+00   0.0000000E+00   0.0000000E+00
   6.5592900E-02   4.9453892E+05   4.9453892E+05   1.2226906E+02   1.3356348E+00   9.9198405E+01   4.9227753E+05   4.9453892E+05   0.0000000E+00   0.0000000E+00   0.0000000E+00   0.0000000E+00   0.0000000E+00
   6.8563812E-02   4.7550577E+05   4.7550577E+05   7.9005022E+01   1.1745644E+00   8.8376770E+01   4.7333059E+05   4.7550577E+05   0.0000000E+00   0.0000000E+00   0.0000000E+00   0.0000000E+00   0.0000000E+00
   7.1519949E-02   4.5687388E+05   4.5687388E+05   8.0444209E+01   1.0366601E+00   8.7520538E+01   4.5478322E+05   4.5687388E+05   0.0000000E+00   0.0000000E+00   0.0000000E+00   0.0000000E+00   0.0000000E+00
   7.4479741E-02   4.3833272E+05   4.3833272E+05   8.5692578E+01   9.1861604E-01   7.7418892E+01   4.3632635E+05   4.3833272E+05   0.0000000E+00   0.0000000E+00   0.0000000E+00   0.0000000E+00   0.0000000E+00
   7.7458096E-02   4.1974304E+05   4.1974304E+05   4.7719574E+01   8.1479001E-01   7.7959859E+01   4.1782125E+05   4.1974304E+05   0.0000000E+00   0.0000000E+00   0.0000000E+00   0.0000000E+00   0.0000000E+00
   8.0467419E-02   4.0110512E+05   4.0110512E+05   5.6817464E+01   7.2386078E-01   7.8484229E+01   3.9926823E+05   4.0110512E+05   0.0000000E+00   0.0000000E+00   0.0000000E+00   0.0000000E+00   0.0000000E+00
   8.3518315E-02   3.8253223E+05   3.8253223E+05   5.9996157E+01   6.4390881E-01   7.3447767E+01   3.8078001E+05   3.8253223E+05   0.0000000E+00   0.0000000E+00   0.0000000E+00   0.0000000E+00   0.0000000E+00
   8.6620078E-02   3.6422453E+05   3.6422453E+05   5.3734830E+01   5.7284994E-01   6.5616495E+01   3.6255585E+05   3.6422453E+05   0.0000000E+00   0.0000000E+00   0.0000000E+00   0.0000000E+00   0.0000000E+00
   8.9781043E-02   3.4644062E+05   3.4644062E+05   4.3922224E+01   5.1003800E-01   6.0587227E+01   3.4485313E+05   3.4644062E+05   0.0000000E+00   0.0000000E+00   0.0000000E+00   0.0000000E+00   0.0000000E+00
   9.3008836E-02   3.2946569E+05   3.2946569E+05   2.9587072E+01   4.5406757E-01   6.0429757E+01   3.2795573E+05   3.2946569E+05   0.0000000E+00   0.0000000E+00   0.0000000E+00   0.0000000E+00   0.0000000E+00
   9.6310557E-02   3.1357665E+05   3.1357665E+05   4.2206661E+01   4.0458713E-01   5.5050519E+01   3.1213928E+05   3.1357665E+05   0.0000000E+00   0.0000000E+00   0.0000000E+00   0.0000000E+00   0.0000000E+00
   9.9692920E-02   2.9900602E+05   2.9900602E+05   3.9599442E+01   3.6118227E-01   4.8488886E+01   2.9763524E+05   2.9900602E+05   0.0000000E+00   0.0000000E+00   0.0000000E+00   0.0000000E+00   0.0000000E+00
   1.0316235E-01   2.8590751E+05   2.8590751E+05   1.7704751E+01   3.2231507E-01   5.1615041E+01   2.8459659E+05   2.8590751E+05   0.0000000E+00   0.0000000E+00   0.0000000E+00   0.0000000E+00   0.0000000E+00
   1.0672508E-01   2.7432736E+05   2.7432736E+05   2.0773411E+01   2.8890495E-01   4.2085990E+01   2.7306939E+05   2.7432736E+05   0.0000000E+00   0.0000000E+00   0.0000000E+00   0.0000000E+00   0.0000000E+00
   1.1038719E-01   2.6418613E+05   2.6418613E+05   8.8758686E+00   2.5898968E-01   4.7051063E+01   2.6297451E+05   2.6418613E+05   0.0000000E+00   0.0000000E+00   0.0000000E+00   0.0000000E+00   0.0000000E+00
   1.1415464E-01   2.5527544E+05   2.5527544E+05   1.5616726E+01   2.3297766E-01   4.5043911E+01   2.5410456E+05   2.5527544E+05   0.0000000E+00   0.0000000E+00   0.0000000E+00   0.0000000E+00   0.0000000E+00
   1.1803337E-01   2.4727336E+05   2.4727336E+05   1.2120808E+01   2.1005220E-01   4.0067010E+01   2.4613907E+05   2.4727336E+05   0.0000000E+00   0.0000000E+00   0.0000000E+00   0.0000000E+00   0.0000000E+00
   1.2202924E-01   2.3977975E+05   2.3977975E+05   1.4991662E+01   1.8973469E-01   3.6648677E+01   2.3867972E+05   2.3977975E+05   0.0000000E+00   0.0000000E+00   0.0000000E+00   0.0000000E+00   0.0000000E+00
   1.2614813E-01   2.3236997E+05   2.3236997E+05   1.0002612E+01   1.7100725E-01   4.1081921E+01   2.3130385E+05   2.3236997E+05   0.0000000E+00   0.0000000E+00   0.0000000E+00   0.0000000E+00   0.0000000E+00
   1.3039588E-01   2.2466086E+05   2.2466086E+05   1.3246395E+01   1.5449955E-01   3.6633916E+01   2.2363001E+05   2.2466086E+05   0.0000000E+00   0.0000000E+00   0.0000000E+00   0.0000000E+00   0.0000000E+00
   1.3477839E-01   2.1637889E+05   2.1637889E+05   8.9454174E+00   1.3920888E-01   3.4560686E+01   2.1538597E+05   2.1637889E+05   0.0000000E+00   0.0000000E+00   0.0000000E+00   0.0000000E+00   0.0000000E+00
   1.3930154E-01   2.0741708E+05   2.0741708E+05   1.1763327E+01   1.2509593E-01   3.4919923E+01   2.0646521E+05   2.0741708E+05   0.0000000E+00   0.0000000E+00   0.0000000E+00   0.0000000E+00   0.0000000E+00
   1.4397127E-01   1.9786557E+05   1.9786557E+05   8.9071191E+00   1.1218486E-01   3.2634977E+01   1.9695746E+05   1.9786557E+05   0.0000000E+00   0.0000000E+00   0.0000000E+00   0.0000000E+00   0.0000000E+00
   1.4879354E-01   1.8800371E+05   1.8800371E+05   8.6325289E+00   1.0030032E-01   3.0237782E+01   1.8714081E+05   1.8800371E+05   0.0000000E+00   0.0000000E+00   0.0000000E+00   0.0000000E+00   0.0000000E+00
   1.5377436E-01   1.7824740E+05   1.7824740E+05   4.3544931E+00   8.9501759E-02   2.8886771E+01   1.7742923E+05   1.7824740E+05   0.0000000E+00   0.0000000E+00   0.0000000E+00   0.0000000E+00   0.0000000E+00
   1.5891980E-01   1.6905630E+05   1.6905630E+05   7.3727778E+00   7.9812087E-02   2.8162122E+01   1.6828027E+05   1.6905630E+05   0.0000000E+00   0.0000000E+00   0.0000000E+00   0.0000000E+00   0.0000000E+00
   1.6423597E-01   1.6081832E+05   1.6081832E+05   8.4427408E+00   7.1279758E-02   2.5135276E+01   1.6008007E+05   1.6081832E+05   0.0000000E+00   0.0000000E+00   0.0000000E+00   0.0000000E+00   0.0000000E+00
   1.6972907E-01   1.5373993E+05   1.5373993E+05   4.7907531E+00   6.3778778E-02   2.3846807E+01   1.5303413E+05   1.5373993E+05   0.0000000E+00   0.0000000E+00   0.0000000E+00   0.0000000E+00   0.0000000E+00
   1.7540537E-01   1.4777666E+05   1.4777666E+05   2.9147595E+00   5.7167370E-02   2.4345096E+01   1.4709821E+05   1.4777666E+05   0.0000000E+00   0.0000000E+00   0.0000000E+00   0.0000000E+00   0.0000000E+00
   1.8127124E-01   1.4263305E+05   1.4263305E+05   4.3835743E+00   5.1396111E-02   2.3835487E+01   1.4197818E+05   1.4263305E+05   0.0000000E+00   0.0000000E+00   0.0000000E+00   0.0000000E+00   0.0000000E+00
   1.8733317E-01   1.3784402E+05   1.3784402E+05   2.1015948E+00   4.6315292E-02   2.0954161E+01   1.3721111E+05   1.3784402E+05   0.0000000E+00   0.0000000E+00   0.0000000E+00   0.0000000E+00   0.0000000E+00
   1.9359780E-01   1.3292229E+05   1.3292229E+05   2.5271829E+00   4.1642722E-02   2.2292124E+01   1.3231196E+05   1.3292229E+05   0.0000000E+00   0.0000000E+00   0.0000000E+00   0.0000000E+00   0.0000000E+00
   2.0007191E-01   1.2752710E+05   1.2752710E+05   2.6315938E+00   3.7428249E-02   1.9869302E+01   1.2694152E+05   1.2752710E+05   0.0000000E+00   0.0000000E+00   0.0000000E+00   0.0000000E+00   0.0000000E+00
   2.0676253E-01   1.2159110E+05   1.2159110E+05   4.1070491E+00   3.3479322E-02   1.9505451E+01   1.2103276E+05   1.2159110E+05   0.0000000E+00   0.0000000E+00   0.0000000E+00   0.0000000E+00   0.0000000E+00
   2.1367691E-01   1.1534683E+05   1.1534683E+05   1.8677001E+00   2.9870073E-02   1.8139097E+01   1.1481714E+05   1.1534683E+05   0.0000000E+00   0.0000000E+00   0.0000000E+00   0.0000000E+00   0.0000000E+00
   2.2082260E-01   1.0922785E+05   1.0922785E+05   2.0134522E+00   2.6595338E-02   1.7269955E+01   1.0872624E+05   1.0922785E+05   0.0000000E+00   0.0000000E+00   0.0000000E+00   0.0000000E+00   0.0000000E+00
   2.2820753E-01   1.0367438E+05   1.0367438E+05   2.5046139E+00   2.3684873E-02   1.6585967E+01   1.0319826E+05   1.0367438E+05   0.0000000E+00   0.0000000E+00   0.0000000E+00   0.0000000E+00   0.0000000E+00
   2.3584002E-01   9.8926138E+04   9.8926138E+04   1.2064714E+00   2.1148429E-02   1.5701594E+01   9.8471814E+04   9.8926138E+04   0.0000000E+00   0.0000000E+00   0.0000000E+00   0.0000000E+00   0.0000000E+00
   2.4372892E-01   9.4906447E+04   9.4906447E+04   1.4015116E+00   1.8939834E-02   1.5247679E+01   9.4470572E+04   9.4906447E+04   0.0000000E+00   0.0000000E+00   0.0000000E+00   0.0000000E+00   0.0000000E+00
   2.5188366E-01   9.1268391E+04   9.1268391E+04   1.1143668E+00   1.6993599E-02   1.4171933E+01   9.0849214E+04   9.1268391E+04   0.0000000E+00   0.0000000E+00   0.0000000E+00   0.0000000E+00   0.0000000E+00
   2.6031438E-01   8.7591311E+04   8.7591311E+04   7.8879301E-01   1.5240464E-02   1.3424521E+01   8.7189014E+04   8.7591311E+04   0.0000000E+00   0.0000000E+00   0.0000000E+00   0.0000000E+00   0.0000000E+00
   2.6903201E-01   8.3622884E+04   8.3622884E+04   1.0564669E+00   1.3625361E-02   1.3214582E+01   8.3238805E+04   8.3622884E+04   0.0000000E+00   0.0000000E+00   0.0000000E+00   0.0000000E+00   0.0000000E+00
   2.7804846E-01   7.9418803E+04   7.9418803E+04   8.2406245E-01   1.2146693E-02   1.2401196E+01   7.9054026E+04   7.9418803E+04   0.0000000E+00   0.0000000E+00   0.0000000E+00   0.0000000E+00   0.0000000E+00
   2.8737676E-01   7.5282196E+04   7.5282196E+04   8.9762673E-01   1.0809431E-02   1.1473465E+01   7.4936412E+04   7.5282196E+04   0.0000000E+00   0.0000000E+00   0.0000000E+00   0.0000000E+00   0.0000000E+00
   2.9703121E-01   7.1534832E+04   7.1534832E+04   7.0869820E-01   9.6233328E-03   1.1128299E+01   7.1206254E+04   7.1534832E+04   0.0000000E+00   0.0000000E+00   0.0000000E+00   0.0000000E+00   0.0000000E+00
   3.0702767E-01   6.8280478E+04   6.8280478E+04   6.7101599E-01   8.5837792E-03   1.0773935E+01   6.7966843E+04   6.8280478E+04   0.0000000E+00   0.0000000E+00   0.0000000E+00   0.0000000E+00   0.0000000E+00
   3.1738376E-01   6.5342401E+04   6.5342401E+04   6.6296146E-01   7.6718142E-03   1.0068687E+01   6.5042257E+04   6.5342401E+04   0.0000000E+00   0.0000000E+00   0.0000000E+00   0.0000000E+00   0.0000000E+00
   3.2811919E-01   6.2429440E+04   6.2429440E+04   2.4185287E-01   6.8500067E-03   9.6297469E+00   6.2142672E+04   6.2429440E+04   0.0000000E+00   0.0000000E+00   0.0000000E+00   0.0000000E+00   0.0000000E+00
   3.3925612E-01   5.9390707E+04   5.9390707E+04   5.7161125E-01   6.1006843E-03   9.0978154E+00   5.9117894E+04   5.9390707E+04   0.0000000E+00   0.0000000E+00   0.0000000E+00   0.0000000E+00   0.0000000E+00
   3.5081960E-01   5.6328038E+04   5.6328038E+04   3.0824028E-01   5.4189789E-03   8.7923875E+00   5.6069290E+04   5.6328038E+04   0.0000000E+00   0.0000000E+00   0.0000000E+00   0.0000000E+00   0.0000000E+00
   3.6283813E-01   5.3459398E+04   5.3459398E+04   3.7350797E-01   4.8120545E-03   8.2863006E+00   5.3213824E+04   5.3459398E+04   0.0000000E+00   0.0000000E+00   0.0000000E+00   0.0000000E+00   0.0000000E+00
   3.7534429E-01   5.0876369E+04   5.0876369E+04   2.7095040E-01   4.2762976E-03   7.8218370E+00   5.0642658E+04   5.0876369E+04   0.0000000E+00   0.0000000E+00   0.0000000E+00   0.0000000E+00   0.0000000E+00
   3.8837561E-01   4.8459881E+04   4.8459881E+04   2.0524796E-01   3.8005043E-03   7.4310106E+00   4.8237268E+04   4.8459881E+04   0.0000000E+00   0.0000000E+00   0.0000000E+00   0.0000000E+00   0.0000000E+00
   4.0197555E-01   4.6044670E+04   4.6044670E+04   2.3433021E-01   3.3696250E-03   7.2101716E+00   4.5833150E+04   4.6044670E+04   0.0000000E+00   0.0000000E+00   0.0000000E+00   0.0000000E+00   0.0000000E+00
   4.1619488E-01   4.3620712E+04   4.3620712E+04   2.1314352E-01   2.9806958E-03   6.7795206E+00   4.3420325E+04   4.3620712E+04   0.0000000E+00   0.0000000E+00   0.0000000E+00   0.0000000E+00   0.0000000E+00
   4.3109333E-01   4.1308752E+04   4.1308752E+04   1.5620729E-01   2.6319715E-03   6.3906817E+00   4.1118985E+04   4.1308752E+04   0.0000000E+00   0.0000000E+00   0.0000000E+00   0.0000000E+00   0.0000000E+00
   4.4674183E-01   3.9159493E+04   3.9159493E+04   1.5617921E-01   2.3223286E-03   6.0380744E+00   3.8979597E+04   3.9159493E+04   0.0000000E+00   0.0000000E+00   0.0000000E+00   0.0000000E+00   0.0000000E+00
   4.6322541E-01   3.7086864E+04   3.7086864E+04   1.5293868E-01   2.0447499E-03   5.7407717E+00   3.6916488E+04   3.7086864E+04   0.0000000E+00   0.0000000E+00   0.0000000E+00   0.0000000E+00   0.0000000E+00
   4.8064713E-01   3.5027433E+04   3.5027433E+04   1.2917823E-01   1.7945446E-03   5.3946193E+00   3.4866517E+04   3.5027433E+04   0.0000000E+00   0.0000000E+00   0.0000000E+00   0.0000000E+00   0.0000000E+00
   4.9913337E-01   3.3031118E+04   3.3031118E+04   9.7404585E-02   1.5694914E-03   5.0999637E+00   3.2879372E+04   3.3031118E+04   0.0000000E+00   0.0000000E+00   0.0000000E+00   0.0000000E+00   0.0000000E+00
   5.1884122E-01   3.1128019E+04   3.1128019E+04   1.0539970E-01   1.3684026E-03   4.8206894E+00   3.0985015E+04   3.1128019E+04   0.0000000E+00   0.0000000E+00   0.0000000E+00   0.0000000E+00   0.0000000E+00
   5.3996884E-01   2.9264818E+04   2.9264818E+04   8.8466442E-02   1.1877866E-03   4.5094151E+00   2.9130372E+04   2.9264818E+04   0.0000000E+00   0.0000000E+00   0.0000000E+00   0.0000000E+00   0.0000000E+00
   5.6277036E-01   2.7429876E+04   2.7429876E+04   6.9530164E-02   1.0251477E-03   4.2207088E+00   2.7303860E+04   2.7429876E+04   0.0000000E+00   0.0000000E+00   0.0000000E+00   0.0000000E+00   0.0000000E+00
   5.8757766E-01   2.5646257E+04   2.5646257E+04   6.2348621E-02   8.7914805E-04   3.9472122E+00   2.5528434E+04   2.5646257E+04   0.0000000E+00   0.0000000E+00   0.0000000E+00   0.0000000E+00   0.0000000E+00
   6.1483300E-01   2.3885079E+04   2.3885079E+04   5.1648084E-02   7.4777762E-04   3.6833080E+00   2.3775346E+04   2.3885079E+04   0.0000000E+00   0.0000000E+00   0.0000000E+00   0.0000000E+00   0.0000000E+00
   6.4513854E-01   2.2139707E+04   2.2139707E+04   4.3900275E-02   6.2953894E-04   3.4104035E+00   2.2037992E+04   2.2139707E+04   0.0000000E+00   0.0000000E+00   0.0000000E+00   0.0000000E+00   0.0000000E+00
   6.7933255E-01   2.0403496E+04   2.0403496E+04   3.5727792E-02   5.2323142E-04   3.1465391E+00   2.0309757E+04   2.0403496E+04   0.0000000E+00   0.0000000E+00   0.0000000E+00   0.0000000E+00   0.0000000E+00
   7.1860640E-01   1.8659463E+04   1.8659463E+04   2.9843527E-02   4.2765707E-04   2.8700150E+00   1.8573737E+04   1.8659463E+04   0.0000000E+00   0.0000000E+00   0.0000000E+00   0.0000000E+00   0.0000000E+00
   7.6467725E-01   1.6896843E+04   1.6896843E+04   2.3911211E-02   3.4198226E-04   2.6015252E+00   1.6819214E+04   1.6896843E+04   0.0000000E+00   0.0000000E+00   0.0000000E+00   0.0000000E+00   0.0000000E+00
   8.2001011E-01   1.5104584E+04   1.5104584E+04   1.8527090E-02   2.6585198E-04   2.3250083E+00   1.5035189E+04   1.5104584E+04   0.0000000E+00   0.0000000E+00   0.0000000E+00   0.0000000E+00   0.0000000E+00
   8.8797992E-01   1.3282631E+04   1.3282631E+04   1.3944604E-02   1.9937204E-04   2.0417446E+00   1.3221606E+04   1.3282631E+04   0.0000000E+00   0.0000000E+00   0.0000000E+00   0.0000000E+00   0.0000000E+00
   9.7258139E-01   1.1457797E+04   1.1457797E+04   1.0030407E-02   1.4335795E-04   1.7623709E+00   1.1405156E+04   1.1457797E+04   0.0000000E+00   0.0000000E+00   0.0000000E+00   0.0000000E+00   0.0000000E+00
   1.0770764E+00   9.6974447E+03   9.6974447E+03   6.9274297E-03   9.8932478E-05   1.4901483E+00   9.6528909E+03   9.6974447E+03   0.0000000E+00   0.0000000E+00   0.0000000E+00   0.0000000E+00   0.0000000E+00
   1.2022367E+00   8.0924411E+03   8.0924411E+03   4.6392667E-03   6.6260235E-05   1.2450205E+00   8.0552612E+03   8.0924411E+03   0.0000000E+00   0.0000000E+00   0.0000000E+00   0.0000000E+00   0.0000000E+00
   1.3469739E+00   6.7031232E+03   6.7031232E+03   3.0614360E-03   4.3723233E-05   1.0302532E+00   6.6723262E+03   6.7031232E+03   0.0000000E+00   0.0000000E+00   0.0000000E+00   0.0000000E+00   0.0000000E+00
   1.5108961E+00   5.5346920E+03   5.5346920E+03   2.0090723E-03   2.8693862E-05   8.5054611E-01   5.5092632E+03   5.5346920E+03   0.0000000E+00   0.0000000E+00   0.0000000E+00   0.0000000E+00   0.0000000E+00
   1.6951854E+00   4.5625860E+03   4.5625860E+03   1.3156575E-03   1.8791603E-05   7.0022732E-01   4.5416234E+03   4.5625860E+03   0.0000000E+00   0.0000000E+00   0.0000000E+00   0.0000000E+00   0.0000000E+00
   1.9020220E+00   3.7567314E+03   3.7567314E+03   8.6049460E-04   1.2290198E-05   5.7716990E-01   3.7394713E+03   3.7567314E+03   0.0000000E+00   0.0000000E+00   0.0000000E+00   0.0000000E+00   0.0000000E+00
   2.1341032E+00   3.0898588E+03   3.0898588E+03   5.6218706E-04   8.0294386E-06   4.7446706E-01   3.0756626E+03   3.0898588E+03   0.0000000E+00   0.0000000E+00   0.0000000E+00   0.0000000E+00   0.0000000E+00
   2.3945031E+00   2.5387616E+03   2.5387616E+03   3.6692259E-04   5.2406487E-06   3.8974765E-01   2.5270973E+03   2.5387616E+03   0.0000000E+00   0.0000000E+00   0.0000000E+00   0.0000000E+00   0.0000000E+00
   2.6866767E+00   2.0839242E+03   2.0839242E+03   2.3923869E-04   3.4170299E-06   3.2010175E-01   2.0743496E+03   2.0839242E+03   0.0000000E+00   0.0000000E+00   0.0000000E+00   0.0000000E+00   0.0000000E+00
   3.0145009E+00   1.7089874E+03   1.7089874E+03   1.5584575E-04   2.2259897E-06   2.6255126E-01   1.7011355E+03   1.7089874E+03   0.0000000E+00   0.0000000E+00   0.0000000E+00   0.0000000E+00   0.0000000E+00
   3.3823256E+00   1.4002712E+03   1.4002712E+03   1.0143018E-04   1.4488178E-06   2.1517309E-01   1.3938377E+03   1.4002712E+03   0.0000000E+00   0.0000000E+00   0.0000000E+00   0.0000000E+00   0.0000000E+00
   3.7950317E+00   1.1463566E+03   1.1463566E+03   6.5959688E-05   9.4222349E-07   1.7614444E-01   1.1410897E+03   1.1463566E+03   0.0000000E+00   0.0000000E+00   0.0000000E+00   0.0000000E+00   0.0000000E+00
   4.2580956E+00   9.3773157E+02   9.3773157E+02   4.2858986E-05   6.1227185E-07   1.4404606E-01   9.3342318E+02   9.3773157E+02   0.0000000E+00   0.0000000E+00   0.0000000E+00   0.0000000E+00   0.0000000E+00
   4.7776619E+00   7.6648629E+02   7.6648629E+02   2.7827325E-05   3.9756662E-07   1.1767264E-01   7.6296469E+02   7.6648629E+02   0.0000000E+00   0.0000000E+00   0.0000000E+00   0.0000000E+00   0.0000000E+00
   5.3606248E+00   6.2605460E+02   6.2605460E+02   1.8054306E-05   2.5797069E-07   9.6113143E-02   6.2317821E+02   6.2605460E+02   0.0000000E+00   0.0000000E+00   0.0000000E+00   0.0000000E+00   0.0000000E+00
   6.0147200E+00   5.1099427E+02   5.1099427E+02   1.1705456E-05   1.6728055E-07   7.8438869E-02   5.0864652E+02   5.1099427E+02   0.0000000E+00   0.0000000E+00   0.0000000E+00   0.0000000E+00   0.0000000E+00
   6.7486268E+00   4.1680126E+02   4.1680126E+02   7.5841414E-06   1.0840202E-07   6.4026359E-02   4.1488628E+02   4.1680126E+02   0.0000000E+00   0.0000000E+00   0.0000000E+00   0.0000000E+00   0.0000000E+00
   7.5720838E+00   3.3975322E+02   3.3975322E+02   4.9107081E-06   7.0208907E-08   5.2161911E-02   3.3819223E+02   3.3975322E+02   0.0000000E+00   0.0000000E+00   0.0000000E+00   0.0000000E+00   0.0000000E+00
   8.4960178E+00   2.7677785E+02   2.7677785E+02   3.1777288E-06   4.5446565E-08   4.2475576E-02   2.7550619E+02   2.7677785E+02   0.0000000E+00   0.0000000E+00   0.0000000E+00   0.0000000E+00   0.0000000E+00
