#           k/h    CDM            baryon         photon         nu             mass_nu        total          no_nu          total_de       Weyl           v_CDM          v_b            v_b-v_c     
   1.0537954E-05   5.7551262E+05   5.7551262E+05   7.6734136E+05   1.3200764E+04   1.4658936E+02   5.7628923E+05   5.7551262E+05   0.0000000E+00   0.0000000E+00   0.0000000E+00   0.0000000E+00   0.0000000E+00
   1.1823779E-05   5.7551253E+05   5.7551253E+05   7.6733897E+05   1.3200736E+04   1.4658715E+02   5.7628913E+05   5.7551253E+05   0.0000000E+00   0.0000000E+00   0.0000000E+00   0.0000000E+00   0.0000000E+00
   1.3266498E-05   5.7551243E+05   5.7551243E+05   7.6733597E+05   1.3200700E+04   1.4658436E+02   5.7628901E+05   5.7551243E+05   0.0000000E+00   0.0000000E+00   0.0000000E+00   0.0000000E+00   0.0000000E+00
   1.4885255E-05   5.7551230E+05   5.7551230E+05   7.6733218E+05   1.3200654E+04   1.4658085E+02   5.7628886E+05   5.7551230E+05   0.0000000E+00   0.0000000E+00   0.0000000E+00   0.0000000E+00   0.0000000E+00
   1.6701531E-05   5.7551213E+05   5.7551213E+05   7.6732742E+05   1.3200597E+04   1.4657643E+02   5.7628867E+05   5.7551213E+05   0.0000000E+00   0.0000000E+00   0.0000000E+00   0.0000000E+00   0.0000000E+00
   1.8739426E-05   5.7551192E+05   5.7551192E+05   7.6732142E+05   1.3200526E+04   1.4657087E+02   5.7628843E+05   5.7551192E+05   0.0000000E+00   0.0000000E+00   0.0000000E+00   0.0000000E+00   0.0000000E+00
   2.1025982E-05   5.7551166E+05   5.7551166E+05   7.6731387E+05   1.3200435E+04   1.4656387E+02   5.7628812E+05   5.7551166E+05   0.0000000E+00   0.0000000E+00   0.0000000E+00   0.0000000E+00   0.0000000E+00
   2.3591540E-05   5.7551133E+05   5.7551133E+05   7.6730437E+05   1.3200321E+04   1.4655505E+02   5.7628774E+05   5.7551133E+05   0.0000000E+00   0.0000000E+00   0.0000000E+00   0.0000000E+00   0.0000000E+00
   2.6470143E-05   5.7551091E+05   5.7551091E+05   7.6729240E+05   1.3200178E+04   1.4654395E+02   5.7628726E+05   5.7551091E+05   0.0000000E+00   0.0000000E+00   0.0000000E+00   0.0000000E+00   0.0000000E+00
   2.9699989E-05   5.7551039E+05   5.7551039E+05   7.6727734E+05   1.3199998E+04   1.4652998E+02   5.7628665E+05   5.7551039E+05   0.0000000E+00   0.0000000E+00   0.0000000E+00   0.0000000E+00   0.0000000E+00
   3.3323936E-05   5.7550972E+05   5.7550972E+05   7.6725838E+05   1.3199771E+04   1.4651239E+02   5.7628589E+05   5.7550972E+05   0.0000000E+00   0.0000000E+00   0.0000000E+00   0.0000000E+00   0.0000000E+00
   3.7390071E-05   5.7550889E+05   5.7550889E+05   7.6723450E+05   1.3199485E+04   1.4649024E+02   5.7628493E+05   5.7550889E+05   0.0000000E+00   0.0000000E+00   0.0000000E+00   0.0000000E+00   0.0000000E+00
   4.1952349E-05   5.7550785E+05   5.7550785E+05   7.6720445E+05   1.3199125E+04   1.4646237E+02   5.7628372E+05   5.7550785E+05   0.0000000E+00   0.0000000E+00   0.0000000E+00   0.0000000E+00   0.0000000E+00
   4.7071310E-05   5.7550653E+05   5.7550653E+05   7.6716662E+05   1.3198673E+04   1.4642728E+02   5.7628220E+05   5.7550653E+05   0.0000000E+00   0.0000000E+00   0.0000000E+00   0.0000000E+00   0.0000000E+00
   5.2814879E-05   5.7550487E+05   5.7550487E+05   7.6711899E+05   1.3198102E+04   1.4638311E+02   5.7628028E+05   5.7550487E+05   0.0000000E+00   0.0000000E+00   0.0000000E+00   0.0000000E+00   0.0000000E+00
   5.9259269E-05   5.7550278E+05   5.7550278E+05   7.6705904E+05   1.3197385E+04   1.4632751E+02   5.7627787E+05   5.7550278E+05   0.0000000E+00   0.0000000E+00   0.0000000E+00   0.0000000E+00   0.0000000E+00
   6.6489993E-05   5.7550015E+05   5.7550015E+05   7.6698356E+05   1.3196481E+04   1.4625753E+02   5.7627483E+05   5.7550015E+05   0.0000000E+00   0.0000000E+00   0.0000000E+00   0.0000000E+00   0.0000000E+00
   7.4602999E-05   5.7549684E+05   5.7549684E+05   7.6688856E+05   1.3195344E+04   1.4616944E+02   5.7627101E+05   5.7549684E+05   0.0000000E+00   0.0000000E+00   0.0000000E+00   0.0000000E+00   0.0000000E+00
   8.3705942E-05   5.7549267E+05   5.7549267E+05   7.6676897E+05   1.3193912E+04   1.4605858E+02   5.7626619E+05   5.7549267E+05   0.0000000E+00   0.0000000E+00   0.0000000E+00   0.0000000E+00   0.0000000E+00
   9.3919611E-05   5.7548742E+05   5.7548742E+05   7.6661844E+05   1.3192110E+04   1.4591906E+02   5.7626014E+05   5.7548742E+05   0.0000000E+00   0.0000000E+00   0.0000000E+00   0.0000000E+00   0.0000000E+00
   1.0537954E-04   5.7548082E+05   5.7548082E+05   7.6642897E+05   1.3189842E+04   1.4574349E+02   5.7625251E+05   5.7548082E+05   0.0000000E+00   0.0000000E+00   0.0000000E+00   0.0000000E+00   0.0000000E+00
   1.1823779E-04   5.7547250E+05   5.7547250E+05   7.6619050E+05   1.3186987E+04   1.4552257E+02   5.7624291E+05   5.7547250E+05   0.0000000E+00   0.0000000E+00   0.0000000E+00   0.0000000E+00   0.0000000E+00
   1.3266498E-04   5.7546204E+05   5.7546204E+05   7.6589038E+05   1.3183393E+04   1.4524465E+02   5.7623082E+05   5.7546204E+05   0.0000000E+00   0.0000000E+00   0.0000000E+00   0.0000000E+00   0.0000000E+00
   1.4885255E-04   5.7544886E+05   5.7544886E+05   7.6551271E+05   1.3178871E+04   1.4489505E+02   5.7621561E+05   5.7544886E+05   0.0000000E+00   0.0000000E+00   0.0000000E+00   0.0000000E+00   0.0000000E+00
   1.6701531E-04   5.7543228E+05   5.7543228E+05   7.6503748E+05   1.3173179E+04   1.4445541E+02   5.7619646E+05   5.7543228E+05   0.0000000E+00   0.0000000E+00   0.0000000E+00   0.0000000E+00   0.0000000E+00
   1.8739426E-04   5.7541141E+05   5.7541141E+05   7.6443958E+05   1.3166018E+04   1.4390268E+02   5.7617237E+05   5.7541141E+05   0.0000000E+00   0.0000000E+00   0.0000000E+00   0.0000000E+00   0.0000000E+00
   2.1025982E-04   5.7538514E+05   5.7538514E+05   7.6368746E+05   1.3157007E+04   1.4320801E+02   5.7614204E+05   5.7538514E+05   0.0000000E+00   0.0000000E+00   0.0000000E+00   0.0000000E+00   0.0000000E+00
   2.3591540E-04   5.7535209E+05   5.7535209E+05   7.6274154E+05   1.3145673E+04   1.4233533E+02   5.7610388E+05   5.7535209E+05   0.0000000E+00   0.0000000E+00   0.0000000E+00   0.0000000E+00   0.0000000E+00
   2.6470143E-04   5.7531050E+05   5.7531050E+05   7.6155220E+05   1.3131417E+04   1.4123965E+02   5.7605587E+05   5.7531050E+05   0.0000000E+00   0.0000000E+00   0.0000000E+00   0.0000000E+00   0.0000000E+00
   2.9699989E-04   5.7525816E+05   5.7525816E+05   7.6005726E+05   1.3113492E+04   1.3986494E+02   5.7599547E+05   5.7525816E+05   0.0000000E+00   0.0000000E+00   0.0000000E+00   0.0000000E+00   0.0000000E+00
   3.3323936E-04   5.7519233E+05   5.7519233E+05   7.5817900E+05   1.3090961E+04   1.3814165E+02   5.7591951E+05   5.7519233E+05   0.0000000E+00   0.0000000E+00   0.0000000E+00   0.0000000E+00   0.0000000E+00
   3.7390071E-04   5.7510953E+05   5.7510953E+05   7.5582033E+05   1.3062650E+04   1.3598381E+02   5.7582398E+05   5.7510953E+05   0.0000000E+00   0.0000000E+00   0.0000000E+00   0.0000000E+00   0.0000000E+00
   4.1952349E-04   5.7500542E+05   5.7500542E+05   7.5286029E+05   1.3027096E+04   1.3328566E+02   5.7570390E+05   5.7500542E+05   0.0000000E+00   0.0000000E+00   0.0000000E+00   0.0000000E+00   0.0000000E+00
   4.7071310E-04   5.7487455E+05   5.7487455E+05   7.4914862E+05   1.2982473E+04   1.2991790E+02   5.7555300E+05   5.7487455E+05   0.0000000E+00   0.0000000E+00   0.0000000E+00   0.0000000E+00   0.0000000E+00
   5.2814879E-04   5.7471010E+05   5.7471010E+05   7.4449925E+05   1.2926513E+04   1.2572386E+02   5.7536347E+05   5.7471010E+05   0.0000000E+00   0.0000000E+00   0.0000000E+00   0.0000000E+00   0.0000000E+00
   5.9259269E-04   5.7450357E+05   5.7450357E+05   7.3868288E+05   1.2856406E+04   1.2051575E+02   5.7512555E+05   5.7450357E+05   0.0000000E+00   0.0000000E+00   0.0000000E+00   0.0000000E+00   0.0000000E+00
   6.6489993E-04   5.7424434E+05   5.7424434E+05   7.3141852E+05   1.2768686E+04   1.1407192E+02   5.7482713E+05   5.7424434E+05   0.0000000E+00   0.0000000E+00   0.0000000E+00   0.0000000E+00   0.0000000E+00
   7.4602999E-04   5.7391922E+05   5.7391922E+05   7.2236447E+05   1.2659102E+04   1.0613617E+02   5.7445316E+05   5.7391922E+05   0.0000000E+00   0.0000000E+00   0.0000000E+00   0.0000000E+00   0.0000000E+00
   8.3705942E-04   5.7351185E+05   5.7351185E+05   7.1110934E+05   1.2522481E+04   9.6421069E+01   5.7398508E+05   5.7351185E+05   0.0000000E+00   0.0000000E+00   0.0000000E+00   0.0000000E+00   0.0000000E+00
   9.3919611E-04   5.7300205E+05   5.7300205E+05   6.9716423E+05   1.2352581E+04   8.4618384E+01   5.7340005E+05   5.7300205E+05   0.0000000E+00   0.0000000E+00   0.0000000E+00   0.0000000E+00   0.0000000E+00
   1.0537954E-03   5.7236501E+05   5.7236501E+05   6.7995837E+05   1.2141972E+04   7.0420932E+01   5.7267021E+05   5.7236501E+05   0.0000000E+00   0.0000000E+00   0.0000000E+00   0.0000000E+00   0.0000000E+00
   1.1823779E-03   5.7157051E+05   5.7157051E+05   6.5884153E+05   1.1881949E+04   5.3562364E+01   5.7176181E+05   5.7157051E+05   0.0000000E+00   0.0000000E+00   0.0000000E+00   0.0000000E+00   0.0000000E+00
   1.3266498E-03   5.7058196E+05   5.7058196E+05   6.3309838E+05   1.1562552E+04   3.3883125E+01   5.7063443E+05   5.7058196E+05   0.0000000E+00   0.0000000E+00   0.0000000E+00   0.0000000E+00   0.0000000E+00
   1.4885255E-03   5.6935557E+05   5.6935557E+05   6.0198254E+05   1.1172744E+04   1.1432494E+01   5.6924025E+05   5.6935557E+05   0.0000000E+00   0.0000000E+00   0.0000000E+00   0.0000000E+00   0.0000000E+00
   1.6701531E-03   5.6783966E+05   5.6783966E+05   5.6478033E+05   1.0700872E+04   -1.3384102E+01   5.6752378E+05   5.6783966E+05   0.0000000E+00   0.0000000E+00   0.0000000E+00   0.0000000E+00   0.0000000E+00
   1.8739426E-03   5.6597431E+05   5.6597431E+05   5.2091709E+05   1.0135543E+04   -3.9609229E+01   5.6542198E+05   5.6597431E+05   0.0000000E+00   0.0000000E+00   0.0000000E+00   0.0000000E+00   0.0000000E+00
   2.1025982E-03   5.6369161E+05   5.6369161E+05   4.7011872E+05   9.4670969E+03   -6.5502623E+01   5.6286550E+05   5.6369161E+05   0.0000000E+00   0.0000000E+00   0.0000000E+00   0.0000000E+00   0.0000000E+00
   2.3591540E-03   5.6091690E+05   5.6091690E+05   4.1263657E+05   8.6898569E+03   -8.8325000E+01   5.5978105E+05   5.6091690E+05   0.0000000E+00   0.0000000E+00   0.0000000E+00   0.0000000E+00   0.0000000E+00
   2.6470143E-03   5.5757134E+05   5.5757134E+05   3.4952790E+05   7.8052512E+03   -1.0425038E+02   5.5609549E+05   5.5757134E+05   0.0000000E+00   0.0000000E+00   0.0000000E+00   0.0000000E+00   0.0000000E+00
   2.9699989E-03   5.5357600E+05   5.5357600E+05   2.8295023E+05   6.8256974E+03   -1.0861549E+02   5.5174152E+05   5.5357600E+05   0.0000000E+00   0.0000000E+00   0.0000000E+00   0.0000000E+00   0.0000000E+00
   3.3323936E-03   5.4885758E+05   5.4885758E+05   2.1636851E+05   5.7786609E+03   -9.6814456E+01   5.4666447E+05   5.4885758E+05   0.0000000E+00   0.0000000E+00   0.0000000E+00   0.0000000E+00   0.0000000E+00
   3.7390071E-03   5.4335463E+05   5.4335463E+05   1.5449183E+05   4.7095214E+03   -6.6159538E+01   5.4082828E+05   5.4335463E+05   0.0000000E+00   0.0000000E+00   0.0000000E+00   0.0000000E+00   0.0000000E+00
   4.1952349E-03   5.3702264E+05   5.3702264E+05   1.0268304E+05   3.6808574E+03   -1.8747063E+01   5.3421748E+05   5.3702264E+05   0.0000000E+00   0.0000000E+00   0.0000000E+00   0.0000000E+00   0.0000000E+00
   4.7071310E-03   5.2983450E+05   5.2983450E+05   6.5610681E+04   2.7649922E+03   3.5519296E+01   5.2683081E+05   5.2983450E+05   0.0000000E+00   0.0000000E+00   0.0000000E+00   0.0000000E+00   0.0000000E+00
   5.2814879E-03   5.2177282E+05   5.2177282E+05   4.5200240E+04   2.0273313E+03   7.8243466E+01   5.1866312E+05   5.2177282E+05   0.0000000E+00   0.0000000E+00   0.0000000E+00   0.0000000E+00   0.0000000E+00
   5.9259269E-03   5.1281259E+05   5.1281259E+05   3.8650167E+04   1.5020582E+03   8.8284880E+01   5.0967819E+05   5.1281259E+05   0.0000000E+00   0.0000000E+00   0.0000000E+00   0.0000000E+00   0.0000000E+00
   6.6489993E-03   5.0290041E+05   5.0290041E+05   3.8245948E+04   1.1702592E+03   5.6570681E+01   4.9978731E+05   5.0290041E+05   0.0000000E+00   0.0000000E+00   0.0000000E+00   0.0000000E+00   0.0000000E+00
   7.4602999E-03   4.9194382E+05   4.9194382E+05   3.4917450E+04   9.5988786E+02   3.2916374E+00   4.8885596E+05   4.9194382E+05   0.0000000E+00   0.0000000E+00   0.0000000E+00   0.0000000E+00   0.0000000E+00
   8.3705942E-03   4.7983005E+05   4.7983005E+05   2.5014175E+04   7.8411237E+02   -2.5174617E+01   4.7675399E+05   4.7983005E+05   0.0000000E+00   0.0000000E+00   0.0000000E+00   0.0000000E+00   0.0000000E+00
   9.3919611E-03   4.6647015E+05   4.6647015E+05   1.4231841E+04   6.0292065E+02   -1.2348472E+00   4.6341556E+05   4.6647015E+05   0.0000000E+00   0.0000000E+00   0.0000000E+00   0.0000000E+00   0.0000000E+00
   1.0537954E-02   4.5182482E+05   4.5182482E+05   1.0586525E+04   4.4551083E+02   3.3082487E+01   4.4883199E+05   4.5182482E+05   0.0000000E+00   0.0000000E+00   0.0000000E+00   0.0000000E+00   0.0000000E+00
   1.1823779E-02   4.3586669E+05   4.3586669E+05   1.1546890E+04   3.4610326E+02   1.5411666E+01   4.3296373E+05   4.3586669E+05   0.0000000E+00   0.0000000E+00   0.0000000E+00   0.0000000E+00   0.0000000E+00
   1.3266498E-02   4.1852933E+05   4.1852933E+05   8.2811840E+03   2.7676057E+02   -1.2221295E+01   4.1571522E+05   4.1852933E+05   0.0000000E+00   0.0000000E+00   0.0000000E+00   0.0000000E+00   0.0000000E+00
   1.4885255E-02   3.9974913E+05   3.9974913E+05   4.4849168E+03   2.0636200E+02   1.2569778E+01   3.9703988E+05   3.9974913E+05   0.0000000E+00   0.0000000E+00   0.0000000E+00   0.0000000E+00   0.0000000E+00
   1.6701531E-02   3.7952219E+05   3.7952219E+05   5.1304277E+03   1.5701925E+02   7.3860194E+00   3.7694130E+05   3.7952219E+05   0.0000000E+00   0.0000000E+00   0.0000000E+00   0.0000000E+00   0.0000000E+00
   1.8739426E-02   3.5786168E+05   3.5786168E+05   3.3461075E+03   1.2089168E+02   -2.0961240E+00   3.5541354E+05   3.5786168E+05   0.0000000E+00   0.0000000E+00   0.0000000E+00   0.0000000E+00   0.0000000E+00
   2.1025981E-02   3.3483905E+05   3.3483905E+05   3.7107742E+03   8.9397362E+01   9.9063338E+00   3.3254286E+05   3.3483905E+05   0.0000000E+00   0.0000000E+00   0.0000000E+00   0.0000000E+00   0.0000000E+00
   2.3591515E-02   3.1063144E+05   3.1063144E+05   2.4631282E+03   6.8722961E+01   -1.0338485E+00   3.0849283E+05   3.1063144E+05   0.0000000E+00   0.0000000E+00   0.0000000E+00   0.0000000E+00   0.0000000E+00
   2.6469777E-02   2.8553842E+05   2.8553842E+05   1.1436948E+03   5.0655270E+01   1.1819699E+00   2.8356843E+05   2.8553842E+05   0.0000000E+00   0.0000000E+00   0.0000000E+00   0.0000000E+00   0.0000000E+00
   2.9696307E-02   2.6005391E+05   2.6005391E+05   1.0982501E+03   3.6897250E+01   5.0214679E+00   2.5825532E+05   2.6005391E+05   0.0000000E+00   0.0000000E+00   0.0000000E+00   0.0000000E+00   0.0000000E+00
   3.3297505E-02   2.3494221E+05   2.3494221E+05   4.7293573E+02   2.7073026E+01   2.4927756E+00   2.3331538E+05   2.3494221E+05   0.0000000E+00   0.0000000E+00   0.0000000E+00   0.0000000E+00   0.0000000E+00
   3.7251094E-02   2.1135931E+05   2.1135931E+05   5.1036833E+02   1.9859639E+01   -1.2680960E+00   2.0989426E+05   2.1135931E+05   0.0000000E+00   0.0000000E+00   0.0000000E+00   0.0000000E+00   0.0000000E+00
   4.1413906E-02   1.9079095E+05   1.9079095E+05   5.1009466E+02   1.4542983E+01   -1.0474375E+00   1.8946739E+05   1.9079095E+05   0.0000000E+00   0.0000000E+00   0.0000000E+00   0.0000000E+00   0.0000000E+00
   4.5525600E-02   1.7432023E+05   1.7432023E+05   2.7924265E+02   1.0845946E+01   8.4907834E-01   1.7311009E+05   1.7432023E+05   0.0000000E+00   0.0000000E+00   0.0000000E+00   0.0000000E+00   0.0000000E+00
   4.9387658E-02   1.6179158E+05   1.6179158E+05   2.8429928E+02   8.4231467E+00   1.9291631E+00   1.6066795E+05   1.6179158E+05   0.0000000E+00   0.0000000E+00   0.0000000E+00   0.0000000E+00   0.0000000E+00
   5.2967249E-02   1.5221633E+05   1.5221633E+05   9.7020973E+01   6.7829852E+00   1.1234987E+00   1.5115899E+05   1.5221633E+05   0.0000000E+00   0.0000000E+00   0.0000000E+00   0.0000000E+00   0.0000000E+00
   5.6318195E-02   1.4460434E+05   1.4460434E+05   1.8397957E+02   5.6192637E+00   2.1593110E-01   1.4359962E+05   1.4460434E+05   0.0000000E+00   0.0000000E+00   0.0000000E+00   0.0000000E+00   0.0000000E+00
   5.9505773E-02   1.3823938E+05   1.3823938E+05   5.4587255E+01   4.7253622E+00   9.2976306E-01   1.3727844E+05   1.3823938E+05   0.0000000E+00   0.0000000E+00   0.0000000E+00   0.0000000E+00   0.0000000E+00
   6.2583763E-02   1.3264265E+05   1.3264265E+05   7.6885653E+01   4.0384049E+00   5.7847001E-01   1.3172035E+05   1.3264265E+05   0.0000000E+00   0.0000000E+00   0.0000000E+00   0.0000000E+00   0.0000000E+00
   6.5592900E-02   1.2749626E+05   1.2749626E+05   8.6161658E+01   3.4856293E+00   9.5878404E-01   1.2660966E+05   1.2749626E+05   0.0000000E+00   0.0000000E+00   0.0000000E+00   0.0000000E+00   0.0000000E+00
   6.8563812E-02   1.2258945E+05   1.2258945E+05   1.2756774E+02   3.0745373E+00   1.5051311E-01   1.2173684E+05   1.2258945E+05   0.0000000E+00   0.0000000E+00   0.0000000E+00   0.0000000E+00   0.0000000E+00
   7.1519949E-02   1.1778618E+05   1.1778618E+05   3.3202546E+01   2.6927078E+00   1.0835516E+00   1.1696682E+05   1.1778618E+05   0.0000000E+00   0.0000000E+00   0.0000000E+00   0.0000000E+00   0.0000000E+00
   7.4479741E-02   1.1300642E+05   1.1300642E+05   8.7992216E+01   2.3973709E+00   2.1417876E-01   1.1222022E+05   1.1300642E+05   0.0000000E+00   0.0000000E+00   0.0000000E+00   0.0000000E+00   0.0000000E+00
   7.7458096E-02   1.0821425E+05   1.0821425E+05   5.1055174E+01   2.1371661E+00   6.4360115E-01   1.0746128E+05   1.0821425E+05   0.0000000E+00   0.0000000E+00   0.0000000E+00   0.0000000E+00   0.0000000E+00
   8.0467419E-02   1.0340968E+05   1.0340968E+05   5.7079259E+01   1.9052673E+00   5.8161501E-01   1.0269003E+05   1.0340968E+05   0.0000000E+00   0.0000000E+00   0.0000000E+00   0.0000000E+00   0.0000000E+00
   8.3518315E-02   9.8621908E+04   9.8621908E+04   9.3772190E+01   1.7134538E+00   3.9506639E-01   9.7935537E+04   9.8621908E+04   0.0000000E+00   0.0000000E+00   0.0000000E+00   0.0000000E+00   0.0000000E+00
   8.6620078E-02   9.3902485E+04   9.3902485E+04   4.1558326E+01   1.5401607E+00   4.6996892E-01   9.3248994E+04   9.3902485E+04   0.0000000E+00   0.0000000E+00   0.0000000E+00   0.0000000E+00   0.0000000E+00
   8.9781043E-02   8.9318040E+04   8.9318040E+04   2.7913057E+01   1.3823561E+00   3.8592245E-01   8.8696399E+04   8.9318040E+04   0.0000000E+00   0.0000000E+00   0.0000000E+00   0.0000000E+00   0.0000000E+00
   9.3008836E-02   8.4942060E+04   8.4942060E+04   2.7990676E+01   1.2334954E+00   6.9484219E-01   8.4350801E+04   8.4942060E+04   0.0000000E+00   0.0000000E+00   0.0000000E+00   0.0000000E+00   0.0000000E+00
   9.6310557E-02   8.0845928E+04   8.0845928E+04   4.6051715E+01   1.1179351E+00   -2.5179071E-01   8.0283175E+04   8.0845928E+04   0.0000000E+00   0.0000000E+00   0.0000000E+00   0.0000000E+00   0.0000000E+00
   9.9692920E-02   7.7089539E+04   7.7089539E+04   3.8917364E+01   9.8772689E-01   1.0765843E+00   7.6552924E+04   7.7089539E+04   0.0000000E+00   0.0000000E+00   0.0000000E+00   0.0000000E+00   0.0000000E+00
   1.0316235E-01   7.3712557E+04   7.3712557E+04   2.8886089E+01   8.9206778E-01   2.2651068E-01   7.3199424E+04   7.3712557E+04   0.0000000E+00   0.0000000E+00   0.0000000E+00   0.0000000E+00   0.0000000E+00
   1.0672508E-01   7.0726892E+04   7.0726892E+04   1.3105617E+01   7.9593571E-01   -1.1196480E-02   7.0234533E+04   7.0726892E+04   0.0000000E+00   0.0000000E+00   0.0000000E+00   0.0000000E+00   0.0000000E+00
   1.1038719E-01   6.8112095E+04   6.8112095E+04   2.6466063E+01   7.0813226E-01   3.0781881E-01   6.7637902E+04   6.8112095E+04   0.0000000E+00   0.0000000E+00   0.0000000E+00   0.0000000E+00   0.0000000E+00
   1.1415464E-01   6.5814489E+04   6.5814489E+04   1.8521615E+01   6.3064170E-01   5.7254569E-01   6.5356263E+04   6.5814489E+04   0.0000000E+00   0.0000000E+00   0.0000000E+00   0.0000000E+00   0.0000000E+00
   1.1803337E-01   6.3751118E+04   6.3751118E+04   4.4249079E+00   5.6280865E-01   4.0007208E-01   6.3307244E+04   6.3751118E+04   0.0000000E+00   0.0000000E+00   0.0000000E+00   0.0000000E+00   0.0000000E+00
   1.2202924E-01   6.1818877E+04   6.1818877E+04   1.0752267E+01   5.0356479E-01   3.1336268E-01   6.1388436E+04   6.1818877E+04   0.0000000E+00   0.0000000E+00   0.0000000E+00   0.0000000E+00   0.0000000E+00
   1.2614813E-01   5.9908328E+04   5.9908328E+04   1.0651825E+00   4.4816604E-01   4.3600084E-01   5.9491160E+04   5.9908328E+04   0.0000000E+00   0.0000000E+00   0.0000000E+00   0.0000000E+00   0.0000000E+00
   1.3039588E-01   5.7920724E+04   5.7920724E+04   1.3222015E+01   4.0648781E-01   -1.2763449E-01   5.7517376E+04   5.7920724E+04   0.0000000E+00   0.0000000E+00   0.0000000E+00   0.0000000E+00   0.0000000E+00
   1.3477839E-01   5.5785553E+04   5.5785553E+04   8.7452754E+00   3.6480693E-01   -5.3419024E-02   5.5397059E+04   5.5785553E+04   0.0000000E+00   0.0000000E+00   0.0000000E+00   0.0000000E+00   0.0000000E+00
   1.3930154E-01   5.3475219E+04   5.3475219E+04   1.2158641E+01   3.2835380E-01   1.0659969E-01   5.3102824E+04   5.3475219E+04   0.0000000E+00   0.0000000E+00   0.0000000E+00   0.0000000E+00   0.0000000E+00
   1.4397127E-01   5.1012934E+04   5.1012934E+04   1.1219382E+01   2.9647350E-01   1.5818470E-01   5.0657677E+04   5.1012934E+04   0.0000000E+00   0.0000000E+00   0.0000000E+00   0.0000000E+00   0.0000000E+00
   1.4879354E-01   4.8470665E+04   4.8470665E+04   1.5604320E+01   2.6804429E-01   2.0786321E-01   4.8133103E+04   4.8470665E+04   0.0000000E+00   0.0000000E+00   0.0000000E+00   0.0000000E+00   0.0000000E+00
   1.5377436E-01   4.5955572E+04   4.5955572E+04   6.9802878E+00   2.4002329E-01   4.0131094E-01   4.5635531E+04   4.5955572E+04   0.0000000E+00   0.0000000E+00   0.0000000E+00   0.0000000E+00   0.0000000E+00
   1.5891980E-01   4.3586118E+04   4.3586118E+04   8.3219899E+00   2.1664138E-01   2.7680979E-01   4.3282570E+04   4.3586118E+04   0.0000000E+00   0.0000000E+00   0.0000000E+00   0.0000000E+00   0.0000000E+00
   1.6423597E-01   4.1462276E+04   4.1462276E+04   5.2697545E+00   1.9437980E-01   1.9808910E-01   4.1173510E+04   4.1462276E+04   0.0000000E+00   0.0000000E+00   0.0000000E+00   0.0000000E+00   0.0000000E+00
   1.6972907E-01   3.9637278E+04   3.9637278E+04   1.4124679E-01   1.7387740E-01   1.5165151E-01   3.9361214E+04   3.9637278E+04   0.0000000E+00   0.0000000E+00   0.0000000E+00   0.0000000E+00   0.0000000E+00
   1.7540537E-01   3.8099688E+04   3.8099688E+04   8.1272919E+00   1.5475372E-01   2.2842023E-01   3.7834327E+04   3.8099688E+04   0.0000000E+00   0.0000000E+00   0.0000000E+00   0.0000000E+00   0.0000000E+00
   1.8127124E-01   3.6773385E+04   3.6773385E+04   4.1654223E+00   1.3746318E-01   2.9552547E-01   3.6517251E+04   3.6773385E+04   0.0000000E+00   0.0000000E+00   0.0000000E+00   0.0000000E+00   0.0000000E+00
   1.8733317E-01   3.5538530E+04   3.5538530E+04   4.6608291E+00   1.2281900E-01   2.1018817E-01   3.5290998E+04   3.5538530E+04   0.0000000E+00   0.0000000E+00   0.0000000E+00   0.0000000E+00   0.0000000E+00
   1.9359780E-01   3.4269543E+04   3.4269543E+04   6.7783659E+00   1.1016708E-01   7.3147595E-02   3.4030850E+04   3.4269543E+04   0.0000000E+00   0.0000000E+00   0.0000000E+00   0.0000000E+00   0.0000000E+00
   2.0007191E-01   3.2878593E+04   3.2878593E+04   1.8183378E+00   9.8457433E-02   1.4765625E-01   3.2649584E+04   3.2878593E+04   0.0000000E+00   0.0000000E+00   0.0000000E+00   0.0000000E+00   0.0000000E+00
   2.0676253E-01   3.1348296E+04   3.1348296E+04   2.7381600E+00   8.8473959E-02   2.1924064E-01   3.1129949E+04   3.1348296E+04   0.0000000E+00   0.0000000E+00   0.0000000E+00   0.0000000E+00   0.0000000E+00
   2.1367691E-01   2.9738553E+04   2.9738553E+04   2.2506564E+00   7.9721478E-02   1.4548518E-01   2.9531410E+04   2.9738553E+04   0.0000000E+00   0.0000000E+00   0.0000000E+00   0.0000000E+00   0.0000000E+00
   2.2082260E-01   2.8161087E+04   2.8161087E+04   5.4445665E+00   7.1659351E-02   8.6560435E-02   2.7964926E+04   2.8161087E+04   0.0000000E+00   0.0000000E+00   0.0000000E+00   0.0000000E+00   0.0000000E+00
   2.2820753E-01   2.6729346E+04   2.6729346E+04   1.8345195E+00   6.4104847E-02   7.4927873E-02   2.6543158E+04   2.6729346E+04   0.0000000E+00   0.0000000E+00   0.0000000E+00   0.0000000E+00   0.0000000E+00
   2.3584002E-01   2.5505127E+04   2.5505127E+04   2.4664704E+00   5.6994642E-02   1.3961247E-01   2.5327462E+04   2.5505127E+04   0.0000000E+00   0.0000000E+00   0.0000000E+00   0.0000000E+00   0.0000000E+00
   2.4372892E-01   2.4468690E+04   2.4468690E+04   -4.3495713E-01   5.0777789E-02   1.1358181E-01   2.4298245E+04   2.4468690E+04   0.0000000E+00   0.0000000E+00   0.0000000E+00   0.0000000E+00   0.0000000E+00
   2.5188366E-01   2.3530648E+04   2.3530648E+04   1.4166423E+00   4.5195912E-02   1.3229814E-01   2.3366739E+04   2.3530648E+04   0.0000000E+00   0.0000000E+00   0.0000000E+00   0.0000000E+00   0.0000000E+00
   2.6031438E-01   2.2582596E+04   2.2582596E+04   1.8686272E-01   4.0446727E-02   8.6246287E-02   2.2425291E+04   2.2582596E+04   0.0000000E+00   0.0000000E+00   0.0000000E+00   0.0000000E+00   0.0000000E+00
   2.6903201E-01   2.1559491E+04   2.1559491E+04   6.1768839E-01   3.6173828E-02   1.0896971E-01   2.1409310E+04   2.1559491E+04   0.0000000E+00   0.0000000E+00   0.0000000E+00   0.0000000E+00   0.0000000E+00
   2.7804846E-01   2.0475665E+04   2.0475665E+04   2.3853088E-01   3.2325970E-02   1.4715463E-01   2.0333032E+04   2.0475665E+04   0.0000000E+00   0.0000000E+00   0.0000000E+00   0.0000000E+00   0.0000000E+00
   2.8737676E-01   1.9409224E+04   1.9409224E+04   4.4420198E-01   2.9015839E-02   6.1133835E-02   1.9274018E+04   1.9409224E+04   0.0000000E+00   0.0000000E+00   0.0000000E+00   0.0000000E+00   0.0000000E+00
   2.9703121E-01   1.8443093E+04   1.8443093E+04   6.5594931E-01   2.5814896E-02   8.7746857E-02   1.8314617E+04   1.8443093E+04   0.0000000E+00   0.0000000E+00   0.0000000E+00   0.0000000E+00   0.0000000E+00
   3.0702767E-01   1.7604029E+04   1.7604029E+04   5.6874928E-01   2.3000846E-02   7.3504632E-02   1.7481397E+04   1.7604029E+04   0.0000000E+00   0.0000000E+00   0.0000000E+00   0.0000000E+00   0.0000000E+00
   3.1738376E-01   1.6846499E+04   1.6846499E+04   9.1706478E-01   2.0434475E-02   1.0874038E-01   1.6729143E+04   1.6846499E+04   0.0000000E+00   0.0000000E+00   0.0000000E+00   0.0000000E+00   0.0000000E+00
   3.2811919E-01   1.6095471E+04   1.6095471E+04   6.5661838E-01   1.8224357E-02   8.2270673E-02   1.5983345E+04   1.6095471E+04   0.0000000E+00   0.0000000E+00   0.0000000E+00   0.0000000E+00   0.0000000E+00
   3.3925612E-01   1.5312047E+04   1.5312047E+04   3.7986688E-01   1.6268115E-02   6.0901101E-02   1.5205380E+04   1.5312047E+04   0.0000000E+00   0.0000000E+00   0.0000000E+00   0.0000000E+00   0.0000000E+00
   3.5081960E-01   1.4522460E+04   1.4522460E+04   4.3164638E-01   1.4484040E-02   7.1181600E-02   1.4421294E+04   1.4522460E+04   0.0000000E+00   0.0000000E+00   0.0000000E+00   0.0000000E+00   0.0000000E+00
   3.6283813E-01   1.3782878E+04   1.3782878E+04   5.4504684E-01   1.2886526E-02   5.4604295E-02   1.3686864E+04   1.3782878E+04   0.0000000E+00   0.0000000E+00   0.0000000E+00   0.0000000E+00   0.0000000E+00
   3.7534429E-01   1.3116911E+04   1.3116911E+04   1.7453900E-01   1.1427510E-02   7.2768709E-02   1.3025534E+04   1.3116911E+04   0.0000000E+00   0.0000000E+00   0.0000000E+00   0.0000000E+00   0.0000000E+00
   3.8837561E-01   1.2493881E+04   1.2493881E+04   2.6801335E-01   1.0131182E-02   6.2713496E-02   1.2406844E+04   1.2493881E+04   0.0000000E+00   0.0000000E+00   0.0000000E+00   0.0000000E+00   0.0000000E+00
   4.0197555E-01   1.1871197E+04   1.1871197E+04   8.9678435E-02   8.9837889E-03   6.1820699E-02   1.1788498E+04   1.1871197E+04   0.0000000E+00   0.0000000E+00   0.0000000E+00   0.0000000E+00   0.0000000E+00
   4.1619488E-01   1.1246266E+04   1.1246266E+04   2.6893360E-01   7.9603429E-03   5.3427228E-02   1.1167920E+04   1.1246266E+04   0.0000000E+00   0.0000000E+00   0.0000000E+00   0.0000000E+00   0.0000000E+00
   4.3109333E-01   1.0650201E+04   1.0650201E+04   2.0163621E-01   7.0365447E-03   4.5800557E-02   1.0576007E+04   1.0650201E+04   0.0000000E+00   0.0000000E+00   0.0000000E+00   0.0000000E+00   0.0000000E+00
   4.4674183E-01   1.0096075E+04   1.0096075E+04   1.0445299E-01   6.2013206E-03   4.6125647E-02   1.0025741E+04   1.0096075E+04   0.0000000E+00   0.0000000E+00   0.0000000E+00   0.0000000E+00   0.0000000E+00
   4.6322541E-01   9.5617094E+03   9.5617094E+03   1.5726587E-01   5.4566869E-03   4.6147250E-02   9.4950980E+03   9.5617094E+03   0.0000000E+00   0.0000000E+00   0.0000000E+00   0.0000000E+00   0.0000000E+00
   4.8064713E-01   9.0307530E+03   9.0307530E+03   1.3219060E-01   4.7905357E-03   4.3292720E-02   8.9678403E+03   9.0307530E+03   0.0000000E+00   0.0000000E+00   0.0000000E+00   0.0000000E+00   0.0000000E+00
   4.9913337E-01   8.5160662E+03   8.5160662E+03   1.1181012E-01   4.1915170E-03   4.1058106E-02   8.4567390E+03   8.5160662E+03   0.0000000E+00   0.0000000E+00   0.0000000E+00   0.0000000E+00   0.0000000E+00
   5.1884122E-01   8.0254085E+03   8.0254085E+03   9.3016510E-02   3.6541954E-03   3.3633553E-02   7.9694996E+03   8.0254085E+03   0.0000000E+00   0.0000000E+00   0.0000000E+00   0.0000000E+00   0.0000000E+00
   5.3996884E-01   7.5450398E+03   7.5450398E+03   8.2386379E-02   3.1704924E-03   3.6127548E-02   7.4924770E+03   7.5450398E+03   0.0000000E+00   0.0000000E+00   0.0000000E+00   0.0000000E+00   0.0000000E+00
   5.6277036E-01   7.0719579E+03   7.0719579E+03   7.7819653E-02   2.7381478E-03   3.0503555E-02   7.0226907E+03   7.0719579E+03   0.0000000E+00   0.0000000E+00   0.0000000E+00   0.0000000E+00   0.0000000E+00
   5.8757766E-01   6.6121056E+03   6.6121056E+03   6.9423567E-02   2.3475229E-03   3.0330213E-02   6.5660421E+03   6.6121056E+03   0.0000000E+00   0.0000000E+00   0.0000000E+00   0.0000000E+00   0.0000000E+00
   6.1483300E-01   6.1580403E+03   6.1580403E+03   5.8376601E-02   1.9963574E-03   2.9048554E-02   6.1151399E+03   6.1580403E+03   0.0000000E+00   0.0000000E+00   0.0000000E+00   0.0000000E+00   0.0000000E+00
   6.4513854E-01   5.7080498E+03   5.7080498E+03   4.4028174E-02   1.6806383E-03   2.7085736E-02   5.6682842E+03   5.7080498E+03   0.0000000E+00   0.0000000E+00   0.0000000E+00   0.0000000E+00   0.0000000E+00
   6.7933255E-01   5.2604212E+03   5.2604212E+03   3.7955879E-02   1.3973655E-03   2.2604705E-02   5.2237740E+03   5.2604212E+03   0.0000000E+00   0.0000000E+00   0.0000000E+00   0.0000000E+00   0.0000000E+00
   7.1860640E-01   4.8107759E+03   4.8107759E+03   3.2237776E-02   1.1419580E-03   2.0766081E-02   4.7772610E+03   4.8107759E+03   0.0000000E+00   0.0000000E+00   0.0000000E+00   0.0000000E+00   0.0000000E+00
   7.6467725E-01   4.3563381E+03   4.3563381E+03   2.5585712E-02   9.1304531E-04   1.9700905E-02   4.3259891E+03   4.3563381E+03   0.0000000E+00   0.0000000E+00   0.0000000E+00   0.0000000E+00   0.0000000E+00
   8.2001011E-01   3.8942591E+03   3.8942591E+03   1.9546372E-02   7.0990485E-04   1.7457391E-02   3.8671292E+03   3.8942591E+03   0.0000000E+00   0.0000000E+00   0.0000000E+00   0.0000000E+00   0.0000000E+00
   8.8797992E-01   3.4245240E+03   3.4245240E+03   1.4674446E-02   5.3239852E-04   1.4547124E-02   3.4006666E+03   3.4245240E+03   0.0000000E+00   0.0000000E+00   0.0000000E+00   0.0000000E+00   0.0000000E+00
   9.7258139E-01   2.9540463E+03   2.9540463E+03   1.0560169E-02   3.8270904E-04   1.3404649E-02   2.9334665E+03   2.9540463E+03   0.0000000E+00   0.0000000E+00   0.0000000E+00   0.0000000E+00   0.0000000E+00
   1.0770764E+00   2.5001931E+03   2.5001931E+03   7.2845755E-03   2.6417251E-04   1.1026530E-02   2.4827750E+03   2.5001931E+03   0.0000000E+00   0.0000000E+00   0.0000000E+00   0.0000000E+00   0.0000000E+00
   1.2022367E+00   2.0863917E+03   2.0863917E+03   4.8765378E-03   1.7692053E-04   9.3666676E-03   2.0718565E+03   2.0863917E+03   0.0000000E+00   0.0000000E+00   0.0000000E+00   0.0000000E+00   0.0000000E+00
   1.3469739E+00   1.7281983E+03   1.7281983E+03   3.2175099E-03   1.1670270E-04   7.9975712E-03   1.7161585E+03   1.7281983E+03   0.0000000E+00   0.0000000E+00   0.0000000E+00   0.0000000E+00   0.0000000E+00
   1.5108961E+00   1.4269538E+03   1.4269538E+03   2.1114187E-03   7.6584641E-05   6.8849228E-03   1.4170126E+03   1.4269538E+03   0.0000000E+00   0.0000000E+00   0.0000000E+00   0.0000000E+00   0.0000000E+00
   1.6951854E+00   1.1763257E+03   1.1763257E+03   1.3827624E-03   5.0162643E-05   5.2294323E-03   1.1681306E+03   1.1763257E+03   0.0000000E+00   0.0000000E+00   0.0000000E+00   0.0000000E+00   0.0000000E+00
   1.9020220E+00   9.6856051E+02   9.6856051E+02   9.0436030E-04   3.2799822E-05   4.6001980E-03   9.6181284E+02   9.6856051E+02   0.0000000E+00   0.0000000E+00   0.0000000E+00   0.0000000E+00   0.0000000E+00
   2.1341032E+00   7.9662761E+02   7.9662761E+02   5.9082942E-04   2.1439479E-05   3.3841788E-03   7.9107773E+02   7.9662761E+02   0.0000000E+00   0.0000000E+00   0.0000000E+00   0.0000000E+00   0.0000000E+00
   2.3945031E+00   6.5454386E+02   6.5454386E+02   3.8560666E-04   1.3986638E-05   3.0545538E-03   6.4998384E+02   6.5454386E+02   0.0000000E+00   0.0000000E+00   0.0000000E+00   0.0000000E+00   0.0000000E+00
   2.6866767E+00   5.3727780E+02   5.3727780E+02   2.5143221E-04   9.1221241E-06   2.4135761E-03   5.3353473E+02   5.3727780E+02   0.0000000E+00   0.0000000E+00   0.0000000E+00   0.0000000E+00   0.0000000E+00
   3.0145009E+00   4.4061169E+02   4.4061169E+02   1.6378882E-04   5.9413259E-06   2.0231875E-03   4.3754207E+02   4.4061169E+02   0.0000000E+00   0.0000000E+00   0.0000000E+00   0.0000000E+00   0.0000000E+00
   3.3823256E+00   3.6101856E+02   3.6101856E+02   1.0659971E-04   3.8669031E-06   1.6384264E-03   3.5850345E+02   3.6101856E+02   0.0000000E+00   0.0000000E+00   0.0000000E+00   0.0000000E+00   0.0000000E+00
   3.7950317E+00   2.9555436E+02   2.9555436E+02   6.9322873E-05   2.5150065E-06   1.3114169E-03   2.9349531E+02   2.9555436E+02   0.0000000E+00   0.0000000E+00   0.0000000E+00   0.0000000E+00   0.0000000E+00
   4.2580956E+00   2.4176669E+02   2.4176669E+02   4.5043701E-05   1.6343096E-06   1.0925332E-03   2.4008237E+02   2.4176669E+02   0.0000000E+00   0.0000000E+00   0.0000000E+00   0.0000000E+00   0.0000000E+00
   4.7776619E+00   1.9761628E+02   1.9761628E+02   2.9245894E-05   1.0610620E-06   8.9631010E-04   1.9623954E+02   1.9761628E+02   0.0000000E+00   0.0000000E+00   0.0000000E+00   0.0000000E+00   0.0000000E+00
   5.3606248E+00   1.6141022E+02   1.6141022E+02   1.8975210E-05   6.8859820E-07   7.1223670E-04   1.6028572E+02   1.6141022E+02   0.0000000E+00   0.0000000E+00   0.0000000E+00   0.0000000E+00   0.0000000E+00
   6.0147200E+00   1.3174540E+02   1.3174540E+02   1.2302452E-05   4.4641340E-07   5.9702197E-04   1.3082756E+02   1.3174540E+02   0.0000000E+00   0.0000000E+00   0.0000000E+00   0.0000000E+00   0.0000000E+00
   6.7486268E+00   1.0746059E+02   1.0746059E+02   7.9710288E-06   2.8928756E-07   4.8829230E-04   1.0671194E+02   1.0746059E+02   0.0000000E+00   0.0000000E+00   0.0000000E+00   0.0000000E+00   0.0000000E+00
   7.5720838E+00   8.7596088E+01   8.7596088E+01   5.1612835E-06   1.8735399E-07   3.9646339E-04   8.6985830E+01   8.7596088E+01   0.0000000E+00   0.0000000E+00   0.0000000E+00   0.0000000E+00   0.0000000E+00
   8.4960178E+00   7.1359805E+01   7.1359805E+01   3.3399012E-06   1.2125979E-07   3.2694731E-04   7.0862661E+01   7.1359805E+01   0.0000000E+00   0.0000000E+00   0.0000000E+00   0.0000000E+00   0.0000000E+00
