#           k/h    CDM            baryon         photon         nu             mass_nu        total          no_nu          total_de       Weyl           v_CDM          v_b            v_b-v_c     
   1.0537954E-05   1.0890487E+07   1.0890487E+07   1.4516845E+07   1.0917906E+04   3.0770574E+06   1.0890550E+07   1.0890487E+07   0.0000000E+00   0.0000000E+00   0.0000000E+00   0.0000000E+00   0.0000000E+00
   1.1823779E-05   1.0890483E+07   1.0890483E+07   1.4515856E+07   1.0917433E+04   3.0770054E+06   1.0890547E+07   1.0890483E+07   0.0000000E+00   0.0000000E+00   0.0000000E+00   0.0000000E+00   0.0000000E+00
   1.3266498E-05   1.0890479E+07   1.0890479E+07   1.4514610E+07   1.0916838E+04   3.0769399E+06   1.0890542E+07   1.0890479E+07   0.0000000E+00   0.0000000E+00   0.0000000E+00   0.0000000E+00   0.0000000E+00
   1.4885255E-05   1.0890474E+07   1.0890474E+07   1.4513043E+07   1.0916089E+04   3.0768574E+06   1.0890536E+07   1.0890474E+07   0.0000000E+00   0.0000000E+00   0.0000000E+00   0.0000000E+00   0.0000000E+00
   1.6701531E-05   1.0890467E+07   1.0890467E+07   1.4511069E+07   1.0915147E+04   3.0767536E+06   1.0890529E+07   1.0890467E+07   0.0000000E+00   0.0000000E+00   0.0000000E+00   0.0000000E+00   0.0000000E+00
   1.8739426E-05   1.0890458E+07   1.0890458E+07   1.4508585E+07   1.0913960E+04   3.0766229E+06   1.0890520E+07   1.0890458E+07   0.0000000E+00   0.0000000E+00   0.0000000E+00   0.0000000E+00   0.0000000E+00
   2.1025982E-05   1.0890447E+07   1.0890447E+07   1.4505458E+07   1.0912466E+04   3.0764584E+06   1.0890509E+07   1.0890447E+07   0.0000000E+00   0.0000000E+00   0.0000000E+00   0.0000000E+00   0.0000000E+00
   2.3591540E-05   1.0890434E+07   1.0890434E+07   1.4501523E+07   1.0910586E+04   3.0762515E+06   1.0890494E+07   1.0890434E+07   0.0000000E+00   0.0000000E+00   0.0000000E+00   0.0000000E+00   0.0000000E+00
   2.6470143E-05   1.0890417E+07   1.0890417E+07   1.4496570E+07   1.0908220E+04   3.0759911E+06   1.0890476E+07   1.0890417E+07   0.0000000E+00   0.0000000E+00   0.0000000E+00   0.0000000E+00   0.0000000E+00
   2.9699989E-05   1.0890395E+07   1.0890395E+07   1.4490337E+07   1.0905241E+04   3.0756634E+06   1.0890453E+07   1.0890395E+07   0.0000000E+00   0.0000000E+00   0.0000000E+00   0.0000000E+00   0.0000000E+00
   3.3323936E-05   1.0890368E+07   1.0890368E+07   1.4482494E+07   1.0901493E+04   3.0752513E+06   1.0890424E+07   1.0890368E+07   0.0000000E+00   0.0000000E+00   0.0000000E+00   0.0000000E+00   0.0000000E+00
   3.7390071E-05   1.0890334E+07   1.0890334E+07   1.4472625E+07   1.0896776E+04   3.0747329E+06   1.0890388E+07   1.0890334E+07   0.0000000E+00   0.0000000E+00   0.0000000E+00   0.0000000E+00   0.0000000E+00
   4.1952349E-05   1.0890291E+07   1.0890291E+07   1.4460211E+07   1.0890842E+04   3.0740810E+06   1.0890343E+07   1.0890291E+07   0.0000000E+00   0.0000000E+00   0.0000000E+00   0.0000000E+00   0.0000000E+00
   4.7071310E-05   1.0890237E+07   1.0890237E+07   1.4444596E+07   1.0883376E+04   3.0732616E+06   1.0890285E+07   1.0890237E+07   0.0000000E+00   0.0000000E+00   0.0000000E+00   0.0000000E+00   0.0000000E+00
   5.2814879E-05   1.0890168E+07   1.0890168E+07   1.4424962E+07   1.0873986E+04   3.0722320E+06   1.0890213E+07   1.0890168E+07   0.0000000E+00   0.0000000E+00   0.0000000E+00   0.0000000E+00   0.0000000E+00
   5.9259269E-05   1.0890083E+07   1.0890083E+07   1.4400280E+07   1.0862177E+04   3.0709389E+06   1.0890122E+07   1.0890083E+07   0.0000000E+00   0.0000000E+00   0.0000000E+00   0.0000000E+00   0.0000000E+00
   6.6489993E-05   1.0889975E+07   1.0889975E+07   1.4369264E+07   1.0847331E+04   3.0693159E+06   1.0890008E+07   1.0889975E+07   0.0000000E+00   0.0000000E+00   0.0000000E+00   0.0000000E+00   0.0000000E+00
   7.4602999E-05   1.0889839E+07   1.0889839E+07   1.4330308E+07   1.0828675E+04   3.0672803E+06   1.0889864E+07   1.0889839E+07   0.0000000E+00   0.0000000E+00   0.0000000E+00   0.0000000E+00   0.0000000E+00
   8.3705942E-05   1.0889668E+07   1.0889668E+07   1.4281408E+07   1.0805240E+04   3.0647298E+06   1.0889683E+07   1.0889668E+07   0.0000000E+00   0.0000000E+00   0.0000000E+00   0.0000000E+00   0.0000000E+00
   9.3919611E-05   1.0889453E+07   1.0889453E+07   1.4220074E+07   1.0775820E+04   3.0615383E+06   1.0889456E+07   1.0889453E+07   0.0000000E+00   0.0000000E+00   0.0000000E+00   0.0000000E+00   0.0000000E+00
   1.0537954E-04   1.0889182E+07   1.0889182E+07   1.4143215E+07   1.0738913E+04   3.0575506E+06   1.0889169E+07   1.0889182E+07   0.0000000E+00   0.0000000E+00   0.0000000E+00   0.0000000E+00   0.0000000E+00
   1.1823779E-04   1.0888842E+07   1.0888842E+07   1.4047021E+07   1.0692656E+04   3.0525781E+06   1.0888809E+07   1.0888842E+07   0.0000000E+00   0.0000000E+00   0.0000000E+00   0.0000000E+00   0.0000000E+00
   1.3266498E-04   1.0888414E+07   1.0888414E+07   1.3926807E+07   1.0634748E+04   3.0463930E+06   1.0888357E+07   1.0888414E+07   0.0000000E+00   0.0000000E+00   0.0000000E+00   0.0000000E+00   0.0000000E+00
   1.4885255E-04   1.0887877E+07   1.0887877E+07   1.3776865E+07   1.0562359E+04   3.0387239E+06   1.0887788E+07   1.0887877E+07   0.0000000E+00   0.0000000E+00   0.0000000E+00   0.0000000E+00   0.0000000E+00
   1.6701531E-04   1.0887201E+07   1.0887201E+07   1.3590295E+07   1.0472033E+04   3.0292525E+06   1.0887073E+07   1.0887201E+07   0.0000000E+00   0.0000000E+00   0.0000000E+00   0.0000000E+00   0.0000000E+00
   1.8739426E-04   1.0886353E+07   1.0886353E+07   1.3358855E+07   1.0359586E+04   3.0176141E+06   1.0886176E+07   1.0886353E+07   0.0000000E+00   0.0000000E+00   0.0000000E+00   0.0000000E+00   0.0000000E+00
   2.1025982E-04   1.0885290E+07   1.0885290E+07   1.3072862E+07   1.0220007E+04   3.0034046E+06   1.0885050E+07   1.0885290E+07   0.0000000E+00   0.0000000E+00   0.0000000E+00   0.0000000E+00   0.0000000E+00
   2.3591540E-04   1.0883956E+07   1.0883956E+07   1.2721176E+07   1.0047384E+04   2.9861969E+06   1.0883639E+07   1.0883956E+07   0.0000000E+00   0.0000000E+00   0.0000000E+00   0.0000000E+00   0.0000000E+00
   2.6470143E-04   1.0882286E+07   1.0882286E+07   1.2291369E+07   9.8348821E+03   2.9655743E+06   1.0881872E+07   1.0882286E+07   0.0000000E+00   0.0000000E+00   0.0000000E+00   0.0000000E+00   0.0000000E+00
   2.9699989E-04   1.0880198E+07   1.0880198E+07   1.1770189E+07   9.5748124E+03   2.9411860E+06   1.0879662E+07   1.0880198E+07   0.0000000E+00   0.0000000E+00   0.0000000E+00   0.0000000E+00   0.0000000E+00
   3.3323936E-04   1.0877590E+07   1.0877590E+07   1.1144470E+07   9.2588692E+03   2.9128341E+06   1.0876903E+07   1.0877590E+07   0.0000000E+00   0.0000000E+00   0.0000000E+00   0.0000000E+00   0.0000000E+00
   3.7390071E-04   1.0874341E+07   1.0874341E+07   1.0402712E+07   8.8786152E+03   2.8805954E+06   1.0873465E+07   1.0874341E+07   0.0000000E+00   0.0000000E+00   0.0000000E+00   0.0000000E+00   0.0000000E+00
   4.1952349E-04   1.0870301E+07   1.0870301E+07   9.5375372E+06   8.4263338E+03   2.8449756E+06   1.0869192E+07   1.0870301E+07   0.0000000E+00   0.0000000E+00   0.0000000E+00   0.0000000E+00   0.0000000E+00
   4.7071310E-04   1.0865293E+07   1.0865293E+07   8.5491945E+06   7.8963699E+03   2.8070720E+06   1.0863896E+07   1.0865293E+07   0.0000000E+00   0.0000000E+00   0.0000000E+00   0.0000000E+00   0.0000000E+00
   5.2814879E-04   1.0859107E+07   1.0859107E+07   7.4500709E+06   7.2870494E+03   2.7686830E+06   1.0857354E+07   1.0859107E+07   0.0000000E+00   0.0000000E+00   0.0000000E+00   0.0000000E+00   0.0000000E+00
   5.9259269E-04   1.0851495E+07   1.0851495E+07   6.2696879E+06   6.6031546E+03   2.7322429E+06   1.0849308E+07   1.0851495E+07   0.0000000E+00   0.0000000E+00   0.0000000E+00   0.0000000E+00   0.0000000E+00
   6.6489993E-04   1.0842171E+07   1.0842171E+07   5.0587924E+06   5.8586690E+03   2.7003906E+06   1.0839457E+07   1.0842171E+07   0.0000000E+00   0.0000000E+00   0.0000000E+00   0.0000000E+00   0.0000000E+00
   7.4602999E-04   1.0830806E+07   1.0830806E+07   3.8898886E+06   5.0790531E+03   2.6749459E+06   1.0827459E+07   1.0830806E+07   0.0000000E+00   0.0000000E+00   0.0000000E+00   0.0000000E+00   0.0000000E+00
   8.3705942E-04   1.0817029E+07   1.0817029E+07   2.8502984E+06   4.3016719E+03   2.6551889E+06   1.0812928E+07   1.0817029E+07   0.0000000E+00   0.0000000E+00   0.0000000E+00   0.0000000E+00   0.0000000E+00
   9.3919611E-04   1.0800417E+07   1.0800417E+07   2.0238048E+06   3.5724258E+03   2.6358109E+06   1.0795434E+07   1.0800417E+07   0.0000000E+00   0.0000000E+00   0.0000000E+00   0.0000000E+00   0.0000000E+00
   1.0537954E-03   1.0780492E+07   1.0780492E+07   1.4604927E+06   2.9367873E+03   2.6058817E+06   1.0774491E+07   1.0780492E+07   0.0000000E+00   0.0000000E+00   0.0000000E+00   0.0000000E+00   0.0000000E+00
   1.1823779E-03   1.0756707E+07   1.0756707E+07   1.1441095E+06   2.4254503E+03   2.5513247E+06   1.0749558E+07   1.0756707E+07   0.0000000E+00   0.0000000E+00   0.0000000E+00   0.0000000E+00   0.0000000E+00
   1.3266498E-03   1.0728433E+07   1.0728433E+07   9.8077411E+05   2.0395636E+03   2.4631145E+06   1.0720020E+07   1.0728433E+07   0.0000000E+00   0.0000000E+00   0.0000000E+00   0.0000000E+00   0.0000000E+00
   1.4885255E-03   1.0694956E+07   1.0694956E+07   8.3907541E+05   1.7465577E+03   2.3487098E+06   1.0685188E+07   1.0694956E+07   0.0000000E+00   0.0000000E+00   0.0000000E+00   0.0000000E+00   0.0000000E+00
   1.6701531E-03   1.0655486E+07   1.0655486E+07   6.4235212E+05   1.4979538E+03   2.2345092E+06   1.0644310E+07   1.0655486E+07   0.0000000E+00   0.0000000E+00   0.0000000E+00   0.0000000E+00   0.0000000E+00
   1.8739426E-03   1.0609192E+07   1.0609192E+07   4.3820173E+05   1.2647658E+03   2.1439251E+06   1.0596593E+07   1.0609192E+07   0.0000000E+00   0.0000000E+00   0.0000000E+00   0.0000000E+00   0.0000000E+00
   2.1025982E-03   1.0555221E+07   1.0555221E+07   3.2834856E+05   1.0573971E+03   2.0636938E+06   1.0541220E+07   1.0555221E+07   0.0000000E+00   0.0000000E+00   0.0000000E+00   0.0000000E+00   0.0000000E+00
   2.3591540E-03   1.0492692E+07   1.0492692E+07   2.9797872E+05   8.9640619E+02   1.9577630E+06   1.0477322E+07   1.0492692E+07   0.0000000E+00   0.0000000E+00   0.0000000E+00   0.0000000E+00   0.0000000E+00
   2.6470143E-03   1.0420656E+07   1.0420656E+07   2.3588968E+05   7.6941874E+02   1.8376126E+06   1.0403944E+07   1.0420656E+07   0.0000000E+00   0.0000000E+00   0.0000000E+00   0.0000000E+00   0.0000000E+00
   2.9699989E-03   1.0338103E+07   1.0338103E+07   1.6549279E+05   6.5408409E+02   1.7400797E+06   1.0320058E+07   1.0338103E+07   0.0000000E+00   0.0000000E+00   0.0000000E+00   0.0000000E+00   0.0000000E+00
   3.3323936E-03   1.0243990E+07   1.0243990E+07   1.4405384E+05   5.5682350E+02   1.6297340E+06   1.0224608E+07   1.0243990E+07   0.0000000E+00   0.0000000E+00   0.0000000E+00   0.0000000E+00   0.0000000E+00
   3.7390071E-03   1.0137202E+07   1.0137202E+07   1.0069486E+05   4.7393149E+02   1.5130993E+06   1.0116488E+07   1.0137202E+07   0.0000000E+00   0.0000000E+00   0.0000000E+00   0.0000000E+00   0.0000000E+00
   4.1952349E-03   1.0016571E+07   1.0016571E+07   8.5792448E+04   4.0008719E+02   1.4042635E+06   9.9945503E+06   1.0016571E+07   0.0000000E+00   0.0000000E+00   0.0000000E+00   0.0000000E+00   0.0000000E+00
   4.7071310E-03   9.8809054E+06   9.8809054E+06   6.2270096E+04   3.3803553E+02   1.2822695E+06   9.8576369E+06   9.8809054E+06   0.0000000E+00   0.0000000E+00   0.0000000E+00   0.0000000E+00   0.0000000E+00
   5.2814879E-03   9.7290170E+06   9.7290170E+06   5.2622112E+04   2.8312315E+02   1.1695975E+06   9.7046128E+06   9.7290170E+06   0.0000000E+00   0.0000000E+00   0.0000000E+00   0.0000000E+00   0.0000000E+00
   5.9259269E-03   9.5597377E+06   9.5597377E+06   3.8474567E+04   2.3604214E+02   1.0627917E+06   9.5343275E+06   9.5597377E+06   0.0000000E+00   0.0000000E+00   0.0000000E+00   0.0000000E+00   0.0000000E+00
   6.6489993E-03   9.3718737E+06   9.3718737E+06   2.8642619E+04   1.9626167E+02   9.5052205E+05   9.3455622E+06   9.3718737E+06   0.0000000E+00   0.0000000E+00   0.0000000E+00   0.0000000E+00   0.0000000E+00
   7.4602999E-03   9.1642043E+06   9.1642043E+06   2.2487327E+04   1.6167949E+02   8.4545171E+05   9.1371569E+06   9.1642043E+06   0.0000000E+00   0.0000000E+00   0.0000000E+00   0.0000000E+00   0.0000000E+00
   8.3705942E-03   8.9355537E+06   8.9355537E+06   1.7560038E+04   1.3252437E+02   7.4673734E+05   8.9079601E+06   8.9355537E+06   0.0000000E+00   0.0000000E+00   0.0000000E+00   0.0000000E+00   0.0000000E+00
   9.3919611E-03   8.6847388E+06   8.6847388E+06   1.3247781E+04   1.0772647E+02   6.5473430E+05   8.6567802E+06   8.6847388E+06   0.0000000E+00   0.0000000E+00   0.0000000E+00   0.0000000E+00   0.0000000E+00
   1.0537954E-02   8.4105889E+06   8.4105889E+06   1.0279361E+04   8.6939437E+01   5.6984017E+05   8.3824790E+06   8.4105889E+06   0.0000000E+00   0.0000000E+00   0.0000000E+00   0.0000000E+00   0.0000000E+00
   1.1823779E-02   8.1119742E+06   8.1119742E+06   8.4899590E+03   6.9647068E+01   4.8916869E+05   8.0839267E+06   8.1119742E+06   0.0000000E+00   0.0000000E+00   0.0000000E+00   0.0000000E+00   0.0000000E+00
   1.3266498E-02   7.7878651E+06   7.7878651E+06   5.9306094E+03   5.5315717E+01   4.1773374E+05   7.7601102E+06   7.7878651E+06   0.0000000E+00   0.0000000E+00   0.0000000E+00   0.0000000E+00   0.0000000E+00
   1.4885255E-02   7.4374329E+06   7.4374329E+06   4.6302675E+03   4.3543686E+01   3.5196418E+05   7.4101987E+06   7.4374329E+06   0.0000000E+00   0.0000000E+00   0.0000000E+00   0.0000000E+00   0.0000000E+00
   1.6701531E-02   7.0602414E+06   7.0602414E+06   3.5503714E+03   3.3950976E+01   2.9423178E+05   7.0337583E+06   7.0602414E+06   0.0000000E+00   0.0000000E+00   0.0000000E+00   0.0000000E+00   0.0000000E+00
   1.8739426E-02   6.6565479E+06   6.6565479E+06   2.5740055E+03   2.6205690E+01   2.4345099E+05   6.6310417E+06   6.6565479E+06   0.0000000E+00   0.0000000E+00   0.0000000E+00   0.0000000E+00   0.0000000E+00
   2.1025981E-02   6.2277490E+06   6.2277490E+06   1.9423998E+03   2.0007634E+01   1.9963638E+05   6.2034352E+06   6.2277490E+06   0.0000000E+00   0.0000000E+00   0.0000000E+00   0.0000000E+00   0.0000000E+00
   2.3591515E-02   5.7769886E+06   5.7769886E+06   1.3862311E+03   1.5107616E+01   1.6126788E+05   5.7540626E+06   5.7769886E+06   0.0000000E+00   0.0000000E+00   0.0000000E+00   0.0000000E+00   0.0000000E+00
   2.6469777E-02   5.3099219E+06   5.3099219E+06   1.0086709E+03   1.1271865E+01   1.2910442E+05   5.2885469E+06   5.3099219E+06   0.0000000E+00   0.0000000E+00   0.0000000E+00   0.0000000E+00   0.0000000E+00
   2.9696307E-02   4.8356944E+06   4.8356944E+06   7.8019107E+02   8.3130555E+00   1.0217301E+05   4.8159863E+06   4.8356944E+06   0.0000000E+00   0.0000000E+00   0.0000000E+00   0.0000000E+00   0.0000000E+00
   3.3297505E-02   4.3685028E+06   4.3685028E+06   5.5378866E+02   6.0739290E+00   8.0327706E+04   4.3505092E+06   4.3685028E+06   0.0000000E+00   0.0000000E+00   0.0000000E+00   0.0000000E+00   0.0000000E+00
   3.7251094E-02   3.9298464E+06   3.9298464E+06   3.9924648E+02   4.4279085E+00   6.2877882E+04   3.9135141E+06   3.9298464E+06   0.0000000E+00   0.0000000E+00   0.0000000E+00   0.0000000E+00   0.0000000E+00
   4.1413906E-02   3.5473412E+06   3.5473412E+06   2.7512408E+02   3.2701078E+00   5.0018025E+04   3.5324910E+06   3.5473412E+06   0.0000000E+00   0.0000000E+00   0.0000000E+00   0.0000000E+00   0.0000000E+00
   4.5525600E-02   3.2410984E+06   3.2410984E+06   2.2224930E+02   2.4932806E+00   4.0777863E+04   3.2274534E+06   3.2410984E+06   0.0000000E+00   0.0000000E+00   0.0000000E+00   0.0000000E+00   0.0000000E+00
   4.9387658E-02   3.0081879E+06   3.0081879E+06   1.7282927E+02   1.9780631E+00   3.4356036E+04   2.9954691E+06   3.0081879E+06   0.0000000E+00   0.0000000E+00   0.0000000E+00   0.0000000E+00   0.0000000E+00
   5.2967249E-02   2.8301988E+06   2.8301988E+06   1.4204085E+02   1.6247749E+00   2.9862694E+04   2.8181933E+06   2.8301988E+06   0.0000000E+00   0.0000000E+00   0.0000000E+00   0.0000000E+00   0.0000000E+00
   5.6318195E-02   2.6887058E+06   2.6887058E+06   1.1364439E+02   1.3697395E+00   2.6470121E+04   2.6772705E+06   2.6887058E+06   0.0000000E+00   0.0000000E+00   0.0000000E+00   0.0000000E+00   0.0000000E+00
   5.9505773E-02   2.5703844E+06   2.5703844E+06   1.0121462E+02   1.1759408E+00   2.3818961E+04   2.5594289E+06   2.5703844E+06   0.0000000E+00   0.0000000E+00   0.0000000E+00   0.0000000E+00   0.0000000E+00
   6.2583763E-02   2.4663294E+06   2.4663294E+06   8.7256526E+01   1.0224106E+00   2.1603240E+04   2.4557983E+06   2.4663294E+06   0.0000000E+00   0.0000000E+00   0.0000000E+00   0.0000000E+00   0.0000000E+00
   6.5592900E-02   2.3706298E+06   2.3706298E+06   7.3677228E+01   8.9643588E-01   1.9759735E+04   2.3604914E+06   2.3706298E+06   0.0000000E+00   0.0000000E+00   0.0000000E+00   0.0000000E+00   0.0000000E+00
   6.8563812E-02   2.2793673E+06   2.2793673E+06   6.4516668E+01   7.9035627E-01   1.8175353E+04   2.2696058E+06   2.2793673E+06   0.0000000E+00   0.0000000E+00   0.0000000E+00   0.0000000E+00   0.0000000E+00
   7.1519949E-02   2.1900165E+06   2.1900165E+06   5.8626406E+01   6.9924883E-01   1.6744084E+04   2.1806261E+06   2.1900165E+06   0.0000000E+00   0.0000000E+00   0.0000000E+00   0.0000000E+00   0.0000000E+00
   7.4479741E-02   2.1010923E+06   2.1010923E+06   5.3488653E+01   6.1980369E-01   1.5416389E+04   2.0920732E+06   2.1010923E+06   0.0000000E+00   0.0000000E+00   0.0000000E+00   0.0000000E+00   0.0000000E+00
   7.7458096E-02   2.0119316E+06   2.0119316E+06   4.7172966E+01   5.4983256E-01   1.4184620E+04   2.0032866E+06   2.0119316E+06   0.0000000E+00   0.0000000E+00   0.0000000E+00   0.0000000E+00   0.0000000E+00
   8.0467419E-02   1.9225406E+06   1.9225406E+06   3.9877773E+01   4.8782736E-01   1.3069357E+04   1.9142721E+06   1.9225406E+06   0.0000000E+00   0.0000000E+00   0.0000000E+00   0.0000000E+00   0.0000000E+00
   8.3518315E-02   1.8334669E+06   1.8334669E+06   3.4943574E+01   4.3271286E-01   1.2072463E+04   1.8255749E+06   1.8334669E+06   0.0000000E+00   0.0000000E+00   0.0000000E+00   0.0000000E+00   0.0000000E+00
   8.6620078E-02   1.7456749E+06   1.7456749E+06   3.2756423E+01   3.8378293E-01   1.1119528E+04   1.7381550E+06   1.7456749E+06   0.0000000E+00   0.0000000E+00   0.0000000E+00   0.0000000E+00   0.0000000E+00
   8.9781043E-02   1.6604080E+06   1.6604080E+06   2.7804991E+01   3.4044857E-01   1.0229722E+04   1.6532502E+06   1.6604080E+06   0.0000000E+00   0.0000000E+00   0.0000000E+00   0.0000000E+00   0.0000000E+00
   9.3008836E-02   1.5790363E+06   1.5790363E+06   2.5057222E+01   3.0220658E-01   9.4611802E+03   1.5722248E+06   1.5790363E+06   0.0000000E+00   0.0000000E+00   0.0000000E+00   0.0000000E+00   0.0000000E+00
   9.6310557E-02   1.5028885E+06   1.5028885E+06   2.2089259E+01   2.6868026E-01   8.7304150E+03   1.4964014E+06   1.5028885E+06   0.0000000E+00   0.0000000E+00   0.0000000E+00   0.0000000E+00   0.0000000E+00
   9.9692920E-02   1.4330788E+06   1.4330788E+06   1.9990009E+01   2.3941023E-01   8.1116420E+03   1.4268895E+06   1.4330788E+06   0.0000000E+00   0.0000000E+00   0.0000000E+00   0.0000000E+00   0.0000000E+00
   1.0316235E-01   1.3703416E+06   1.3703416E+06   1.7086948E+01   2.1400274E-01   7.5464026E+03   1.3644200E+06   1.3703416E+06   0.0000000E+00   0.0000000E+00   0.0000000E+00   0.0000000E+00   0.0000000E+00
   1.0672508E-01   1.3148940E+06   1.3148940E+06   1.5496363E+01   1.9198370E-01   7.0469805E+03   1.3092091E+06   1.3148940E+06   0.0000000E+00   0.0000000E+00   0.0000000E+00   0.0000000E+00   0.0000000E+00
   1.1038719E-01   1.2663491E+06   1.2663491E+06   1.4131200E+01   1.7288617E-01   6.6187436E+03   1.2608714E+06   1.2663491E+06   0.0000000E+00   0.0000000E+00   0.0000000E+00   0.0000000E+00   0.0000000E+00
   1.1415464E-01   1.2237007E+06   1.2237007E+06   1.2671710E+01   1.5623071E-01   6.2458157E+03   1.2184051E+06   1.2237007E+06   0.0000000E+00   0.0000000E+00   0.0000000E+00   0.0000000E+00   0.0000000E+00
   1.1803337E-01   1.1853980E+06   1.1853980E+06   1.1300058E+01   1.4154470E-01   5.9189681E+03   1.1802660E+06   1.1853980E+06   0.0000000E+00   0.0000000E+00   0.0000000E+00   0.0000000E+00   0.0000000E+00
   1.2202924E-01   1.1495163E+06   1.1495163E+06   1.0595954E+01   1.2840238E-01   5.6208244E+03   1.1445377E+06   1.1495163E+06   0.0000000E+00   0.0000000E+00   0.0000000E+00   0.0000000E+00   0.0000000E+00
   1.2614813E-01   1.1140153E+06   1.1140153E+06   9.6185682E+00   1.1644523E-01   5.3207695E+03   1.1091886E+06   1.1140153E+06   0.0000000E+00   0.0000000E+00   0.0000000E+00   0.0000000E+00   0.0000000E+00
   1.3039588E-01   1.0770564E+06   1.0770564E+06   8.6796988E+00   1.0538788E-01   5.0489864E+03   1.0723883E+06   1.0770564E+06   0.0000000E+00   0.0000000E+00   0.0000000E+00   0.0000000E+00   0.0000000E+00
   1.3477839E-01   1.0373307E+06   1.0373307E+06   7.6757247E+00   9.5054458E-02   4.7618810E+03   1.0328332E+06   1.0373307E+06   0.0000000E+00   0.0000000E+00   0.0000000E+00   0.0000000E+00   0.0000000E+00
   1.3930154E-01   9.9433069E+05   9.9433069E+05   7.0513679E+00   8.5360401E-02   4.4763055E+03   9.9001829E+05   9.9433069E+05   0.0000000E+00   0.0000000E+00   0.0000000E+00   0.0000000E+00   0.0000000E+00
   1.4397127E-01   9.4849752E+05   9.4849752E+05   6.3256469E+00   7.6309743E-02   4.1924417E+03   9.4438268E+05   9.4849752E+05   0.0000000E+00   0.0000000E+00   0.0000000E+00   0.0000000E+00   0.0000000E+00
   1.4879354E-01   9.0118063E+05   9.0118063E+05   5.4880733E+00   6.7962369E-02   3.9143076E+03   8.9726998E+05   9.0118063E+05   0.0000000E+00   0.0000000E+00   0.0000000E+00   0.0000000E+00   0.0000000E+00
   1.5377436E-01   8.5438358E+05   8.5438358E+05   4.8921669E+00   6.0400714E-02   3.6550681E+03   8.5067503E+05   8.5438358E+05   0.0000000E+00   0.0000000E+00   0.0000000E+00   0.0000000E+00   0.0000000E+00
   1.5891980E-01   8.1031707E+05   8.1031707E+05   4.3964874E+00   5.3694089E-02   3.4052772E+03   8.0679892E+05   8.1031707E+05   0.0000000E+00   0.0000000E+00   0.0000000E+00   0.0000000E+00   0.0000000E+00
   1.6423597E-01   7.7084295E+05   7.7084295E+05   3.9762773E+00   4.7858537E-02   3.1930809E+03   7.6749540E+05   7.7084295E+05   0.0000000E+00   0.0000000E+00   0.0000000E+00   0.0000000E+00   0.0000000E+00
   1.6972907E-01   7.3694754E+05   7.3694754E+05   3.5226465E+00   4.2852289E-02   3.0085238E+03   7.3374649E+05   7.3694754E+05   0.0000000E+00   0.0000000E+00   0.0000000E+00   0.0000000E+00   0.0000000E+00
   1.7540537E-01   7.0840883E+05   7.0840883E+05   3.1686642E+00   3.8564382E-02   2.8511898E+03   7.0533110E+05   7.0840883E+05   0.0000000E+00   0.0000000E+00   0.0000000E+00   0.0000000E+00   0.0000000E+00
   1.8127124E-01   6.8379831E+05   6.8379831E+05   2.8910927E+00   3.4841369E-02   2.7130211E+03   6.8082692E+05   6.8379831E+05   0.0000000E+00   0.0000000E+00   0.0000000E+00   0.0000000E+00   0.0000000E+00
   1.8733317E-01   6.6087456E+05   6.6087456E+05   2.5276766E+00   3.1516349E-02   2.5896937E+03   6.5800225E+05   6.6087456E+05   0.0000000E+00   0.0000000E+00   0.0000000E+00   0.0000000E+00   0.0000000E+00
   1.9359780E-01   6.3729355E+05   6.3729355E+05   2.3094715E+00   2.8451911E-02   2.4646638E+03   6.3452325E+05   6.3729355E+05   0.0000000E+00   0.0000000E+00   0.0000000E+00   0.0000000E+00   0.0000000E+00
   2.0007191E-01   6.1142052E+05   6.1142052E+05   2.0823040E+00   2.5564407E-02   2.3368582E+03   6.0876225E+05   6.1142052E+05   0.0000000E+00   0.0000000E+00   0.0000000E+00   0.0000000E+00   0.0000000E+00
   2.0676253E-01   5.8293886E+05   5.8293886E+05   1.8372550E+00   2.2835569E-02   2.2040016E+03   5.8040402E+05   5.8293886E+05   0.0000000E+00   0.0000000E+00   0.0000000E+00   0.0000000E+00   0.0000000E+00
   2.1367691E-01   5.5297505E+05   5.5297505E+05   1.6566898E+00   2.0299929E-02   2.0693181E+03   5.5057016E+05   5.5297505E+05   0.0000000E+00   0.0000000E+00   0.0000000E+00   0.0000000E+00   0.0000000E+00
   2.2082260E-01   5.2362044E+05   5.2362044E+05   1.4497800E+00   1.8013801E-02   1.9383446E+03   5.2134290E+05   5.2362044E+05   0.0000000E+00   0.0000000E+00   0.0000000E+00   0.0000000E+00   0.0000000E+00
   2.2820753E-01   4.9699401E+05   4.9699401E+05   1.2969229E+00   1.6018345E-02   1.8218216E+03   4.9483200E+05   4.9699401E+05   0.0000000E+00   0.0000000E+00   0.0000000E+00   0.0000000E+00   0.0000000E+00
   2.3584002E-01   4.7424573E+05   4.7424573E+05   1.1494258E+00   1.4313393E-02   1.7231651E+03   4.7218243E+05   4.7424573E+05   0.0000000E+00   0.0000000E+00   0.0000000E+00   0.0000000E+00   0.0000000E+00
   2.4372892E-01   4.5500062E+05   4.5500062E+05   1.0558814E+00   1.2854847E-02   1.6387357E+03   4.5302082E+05   4.5500062E+05   0.0000000E+00   0.0000000E+00   0.0000000E+00   0.0000000E+00   0.0000000E+00
   2.5188366E-01   4.3758380E+05   4.3758380E+05   9.3754305E-01   1.1571224E-02   1.5632372E+03   4.3567959E+05   4.3758380E+05   0.0000000E+00   0.0000000E+00   0.0000000E+00   0.0000000E+00   0.0000000E+00
   2.6031438E-01   4.1996861E+05   4.1996861E+05   8.3999137E-01   1.0396370E-02   1.4885281E+03   4.1814086E+05   4.1996861E+05   0.0000000E+00   0.0000000E+00   0.0000000E+00   0.0000000E+00   0.0000000E+00
   2.6903201E-01   4.0094233E+05   4.0094233E+05   7.6222054E-01   9.2948110E-03   1.4101484E+03   3.9919722E+05   4.0094233E+05   0.0000000E+00   0.0000000E+00   0.0000000E+00   0.0000000E+00   0.0000000E+00
   2.7804846E-01   3.8077729E+05   3.8077729E+05   6.7010308E-01   8.2684572E-03   1.3300770E+03   3.7911980E+05   3.8077729E+05   0.0000000E+00   0.0000000E+00   0.0000000E+00   0.0000000E+00   0.0000000E+00
   2.8737676E-01   3.6093665E+05   3.6093665E+05   5.9513332E-01   7.3409254E-03   1.2521145E+03   3.5936539E+05   3.6093665E+05   0.0000000E+00   0.0000000E+00   0.0000000E+00   0.0000000E+00   0.0000000E+00
   2.9703121E-01   3.4297092E+05   3.4297092E+05   5.3367672E-01   6.5312503E-03   1.1821768E+03   3.4147775E+05   3.4297092E+05   0.0000000E+00   0.0000000E+00   0.0000000E+00   0.0000000E+00   0.0000000E+00
   3.0702767E-01   3.2737831E+05   3.2737831E+05   4.7203188E-01   5.8347748E-03   1.1216257E+03   3.2595292E+05   3.2737831E+05   0.0000000E+00   0.0000000E+00   0.0000000E+00   0.0000000E+00   0.0000000E+00
   3.1738376E-01   3.1330523E+05   3.1330523E+05   4.2494898E-01   5.2244060E-03   1.0672682E+03   3.1194102E+05   3.1330523E+05   0.0000000E+00   0.0000000E+00   0.0000000E+00   0.0000000E+00   0.0000000E+00
   3.2811919E-01   2.9934785E+05   2.9934785E+05   3.7898451E-01   4.6700821E-03   1.0140080E+03   2.9804432E+05   2.9934785E+05   0.0000000E+00   0.0000000E+00   0.0000000E+00   0.0000000E+00   0.0000000E+00
   3.3925612E-01   2.8477962E+05   2.8477962E+05   3.3853267E-01   4.1568046E-03   9.5968971E+02   2.8353945E+05   2.8477962E+05   0.0000000E+00   0.0000000E+00   0.0000000E+00   0.0000000E+00   0.0000000E+00
   3.5081960E-01   2.7009249E+05   2.7009249E+05   2.9820987E-01   3.6881462E-03   9.0583544E+02   2.6891622E+05   2.7009249E+05   0.0000000E+00   0.0000000E+00   0.0000000E+00   0.0000000E+00   0.0000000E+00
   3.6283813E-01   2.5633797E+05   2.5633797E+05   2.6485154E-01   3.2728950E-03   8.5557278E+02   2.5522153E+05   2.5633797E+05   0.0000000E+00   0.0000000E+00   0.0000000E+00   0.0000000E+00   0.0000000E+00
   3.7534429E-01   2.4395807E+05   2.4395807E+05   2.3623989E-01   2.9106115E-03   8.1091622E+02   2.4289550E+05   2.4395807E+05   0.0000000E+00   0.0000000E+00   0.0000000E+00   0.0000000E+00   0.0000000E+00
   3.8837561E-01   2.3237900E+05   2.3237900E+05   2.1008778E-01   2.5894007E-03   7.6915883E+02   2.3136681E+05   2.3237900E+05   0.0000000E+00   0.0000000E+00   0.0000000E+00   0.0000000E+00   0.0000000E+00
   4.0197555E-01   2.2080345E+05   2.2080345E+05   1.8612198E-01   2.2970173E-03   7.2779491E+02   2.1984163E+05   2.2080345E+05   0.0000000E+00   0.0000000E+00   0.0000000E+00   0.0000000E+00   0.0000000E+00
   4.1619488E-01   2.0918200E+05   2.0918200E+05   1.6433493E-01   2.0303283E-03   6.8693516E+02   2.0827077E+05   2.0918200E+05   0.0000000E+00   0.0000000E+00   0.0000000E+00   0.0000000E+00   0.0000000E+00
   4.3109333E-01   1.9809675E+05   1.9809675E+05   1.4511462E-01   1.7923856E-03   6.4826458E+02   1.9723377E+05   1.9809675E+05   0.0000000E+00   0.0000000E+00   0.0000000E+00   0.0000000E+00   0.0000000E+00
   4.4674183E-01   1.8779393E+05   1.8779393E+05   1.2830189E-01   1.5821864E-03   6.1246479E+02   1.8697580E+05   1.8779393E+05   0.0000000E+00   0.0000000E+00   0.0000000E+00   0.0000000E+00   0.0000000E+00
   4.6322541E-01   1.7785983E+05   1.7785983E+05   1.1309678E-01   1.3937637E-03   5.7816719E+02   1.7708495E+05   1.7785983E+05   0.0000000E+00   0.0000000E+00   0.0000000E+00   0.0000000E+00   0.0000000E+00
   4.8064713E-01   1.6798721E+05   1.6798721E+05   9.9094772E-02   1.2228257E-03   5.4439825E+02   1.6725531E+05   1.6798721E+05   0.0000000E+00   0.0000000E+00   0.0000000E+00   0.0000000E+00   0.0000000E+00
   4.9913337E-01   1.5841535E+05   1.5841535E+05   8.6667838E-02   1.0694580E-03   5.1185540E+02   1.5772513E+05   1.5841535E+05   0.0000000E+00   0.0000000E+00   0.0000000E+00   0.0000000E+00   0.0000000E+00
   5.1884122E-01   1.4929149E+05   1.4929149E+05   7.5582167E-02   9.3274956E-04   4.8101741E+02   1.4864101E+05   1.4929149E+05   0.0000000E+00   0.0000000E+00   0.0000000E+00   0.0000000E+00   0.0000000E+00
   5.3996884E-01   1.4035988E+05   1.4035988E+05   6.5656581E-02   8.0971364E-04   4.5101819E+02   1.3974829E+05   1.4035988E+05   0.0000000E+00   0.0000000E+00   0.0000000E+00   0.0000000E+00   0.0000000E+00
   5.6277036E-01   1.3156212E+05   1.3156212E+05   5.6618765E-02   6.9877370E-04   4.2163705E+02   1.3098884E+05   1.3156212E+05   0.0000000E+00   0.0000000E+00   0.0000000E+00   0.0000000E+00   0.0000000E+00
   5.8757766E-01   1.2301018E+05   1.2301018E+05   4.8579601E-02   5.9934926E-04   3.9325300E+02   1.2247416E+05   1.2301018E+05   0.0000000E+00   0.0000000E+00   0.0000000E+00   0.0000000E+00   0.0000000E+00
   6.1483300E-01   1.1456662E+05   1.1456662E+05   4.1315586E-02   5.0983629E-04   3.6538316E+02   1.1406737E+05   1.1456662E+05   0.0000000E+00   0.0000000E+00   0.0000000E+00   0.0000000E+00   0.0000000E+00
   6.4513854E-01   1.0619776E+05   1.0619776E+05   3.4781937E-02   4.2926551E-04   3.3789797E+02   1.0573498E+05   1.0619776E+05   0.0000000E+00   0.0000000E+00   0.0000000E+00   0.0000000E+00   0.0000000E+00
   6.7933255E-01   9.7873228E+04   9.7873228E+04   2.8908762E-02   3.5681314E-04   3.1068712E+02   9.7446705E+04   9.7873228E+04   0.0000000E+00   0.0000000E+00   0.0000000E+00   0.0000000E+00   0.0000000E+00
   7.1860640E-01   8.9510579E+04   8.9510579E+04   2.3627248E-02   2.9164658E-04   2.8349950E+02   8.9120490E+04   8.9510579E+04   0.0000000E+00   0.0000000E+00   0.0000000E+00   0.0000000E+00   0.0000000E+00
   7.6467725E-01   8.1058765E+04   8.1058765E+04   1.8895721E-02   2.3325618E-04   2.5615543E+02   8.0705500E+04   8.1058765E+04   0.0000000E+00   0.0000000E+00   0.0000000E+00   0.0000000E+00   0.0000000E+00
   8.2001011E-01   7.2464376E+04   7.2464376E+04   1.4689056E-02   1.8134293E-04   2.2848565E+02   7.2148558E+04   7.2464376E+04   0.0000000E+00   0.0000000E+00   0.0000000E+00   0.0000000E+00   0.0000000E+00
   8.8797992E-01   6.3727138E+04   6.3727138E+04   1.1015683E-02   1.3600887E-04   2.0049094E+02   6.3449393E+04   6.3727138E+04   0.0000000E+00   0.0000000E+00   0.0000000E+00   0.0000000E+00   0.0000000E+00
   9.7258139E-01   5.4975585E+04   5.4975585E+04   7.9212608E-03   9.7812756E-05   1.7259223E+02   5.4735976E+04   5.4975585E+04   0.0000000E+00   0.0000000E+00   0.0000000E+00   0.0000000E+00   0.0000000E+00
   1.0770764E+00   4.6532740E+04   4.6532740E+04   5.4706079E-03   6.7508910E-05   1.4580166E+02   4.6329925E+04   4.6532740E+04   0.0000000E+00   0.0000000E+00   0.0000000E+00   0.0000000E+00   0.0000000E+00
   1.2022367E+00   3.8834407E+04   3.8834407E+04   3.6619990E-03   4.5223697E-05   1.2146908E+02   3.8665142E+04   3.8834407E+04   0.0000000E+00   0.0000000E+00   0.0000000E+00   0.0000000E+00   0.0000000E+00
   1.3469739E+00   3.2170037E+04   3.2170037E+04   2.4164891E-03   2.9846971E-05   1.0047601E+02   3.2029817E+04   3.2170037E+04   0.0000000E+00   0.0000000E+00   0.0000000E+00   0.0000000E+00   0.0000000E+00
   1.5108961E+00   2.6564756E+04   2.6564756E+04   1.5858840E-03   1.9590184E-05   8.2872795E+01   2.6448966E+04   2.6564756E+04   0.0000000E+00   0.0000000E+00   0.0000000E+00   0.0000000E+00   0.0000000E+00
   1.6951854E+00   2.1900885E+04   2.1900885E+04   1.0386020E-03   1.2831348E-05   6.8258505E+01   2.1805423E+04   2.1900885E+04   0.0000000E+00   0.0000000E+00   0.0000000E+00   0.0000000E+00   0.0000000E+00
   1.9020220E+00   1.8034288E+04   1.8034288E+04   6.7866607E-04   8.3939803E-06   5.6164857E+01   1.7955679E+04   1.8034288E+04   0.0000000E+00   0.0000000E+00   0.0000000E+00   0.0000000E+00   0.0000000E+00
   2.1341032E+00   1.4834252E+04   1.4834252E+04   4.4414397E-04   5.4852426E-06   4.6171432E+01   1.4769591E+04   1.4834252E+04   0.0000000E+00   0.0000000E+00   0.0000000E+00   0.0000000E+00   0.0000000E+00
   2.3945031E+00   1.2189528E+04   1.2189528E+04   2.8973760E-04   3.5808528E-06   3.7922123E+01   1.2136395E+04   1.2189528E+04   0.0000000E+00   0.0000000E+00   0.0000000E+00   0.0000000E+00   0.0000000E+00
   2.6866767E+00   1.0006553E+04   1.0006553E+04   1.8892037E-04   2.3354712E-06   3.1119077E+01   9.9629357E+03   1.0006553E+04   0.0000000E+00   0.0000000E+00   0.0000000E+00   0.0000000E+00   0.0000000E+00
   3.0145009E+00   8.2068913E+03   8.2068913E+03   1.2307226E-04   1.5218942E-06   2.5514330E+01   8.1711180E+03   8.2068913E+03   0.0000000E+00   0.0000000E+00   0.0000000E+00   0.0000000E+00   0.0000000E+00
   3.3823256E+00   6.7249442E+03   6.7249442E+03   8.0109827E-05   9.9091042E-07   2.0902134E+01   6.6956305E+03   6.7249442E+03   0.0000000E+00   0.0000000E+00   0.0000000E+00   0.0000000E+00   0.0000000E+00
   3.7950317E+00   5.5059512E+03   5.5059512E+03   5.2070594E-05   6.4469195E-07   1.7109987E+01   5.4819510E+03   5.5059512E+03   0.0000000E+00   0.0000000E+00   0.0000000E+00   0.0000000E+00   0.0000000E+00
   4.2580956E+00   4.5042921E+03   4.5042921E+03   3.3869265E-05   4.1914765E-07   1.3995201E+01   4.4846581E+03   4.5042921E+03   0.0000000E+00   0.0000000E+00   0.0000000E+00   0.0000000E+00   0.0000000E+00
   4.7776619E+00   3.6820275E+03   3.6820275E+03   2.1982608E-05   2.7233477E-07   1.1438985E+01   3.6659776E+03   3.6820275E+03   0.0000000E+00   0.0000000E+00   0.0000000E+00   0.0000000E+00   0.0000000E+00
   5.3606248E+00   3.0076590E+03   3.0076590E+03   1.4264625E-05   1.7684435E-07   9.3430125E+00   2.9945487E+03   3.0076590E+03   0.0000000E+00   0.0000000E+00   0.0000000E+00   0.0000000E+00   0.0000000E+00
   6.0147200E+00   2.4550774E+03   2.4550774E+03   9.2486069E-06   1.1477994E-07   7.6258078E+00   2.4443758E+03   2.4550774E+03   0.0000000E+00   0.0000000E+00   0.0000000E+00   0.0000000E+00   0.0000000E+00
   6.7486268E+00   2.0026724E+03   2.0026724E+03   5.9925555E-06   7.4466334E-08   6.2201642E+00   1.9939427E+03   2.0026724E+03   0.0000000E+00   0.0000000E+00   0.0000000E+00   0.0000000E+00   0.0000000E+00
   7.5720838E+00   1.6325819E+03   1.6325819E+03   3.8796403E-06   4.8296284E-08   5.0704205E+00   1.6254655E+03   1.6325819E+03   0.0000000E+00   0.0000000E+00   0.0000000E+00   0.0000000E+00   0.0000000E+00
   8.4960178E+00   1.3300621E+03   1.3300621E+03   2.5121762E-06   3.1316867E-08   4.1306531E+00   1.3242644E+03   1.3300621E+03   0.0000000E+00   0.0000000E+00   0.0000000E+00   0.0000000E+00   0.0000000E+00
